20 B 0 38.0087
20 A 1 3.53382
20 B 0 38.0161
20 A 1 3.60087
20 B 0 38.0045
20 A 1 3.47704
100 B 0 38.0178
100 A 1 28.7845
100 B 0 38.0014
100 B 0 38.0154
100 A 1 21.9525
100 B 0 38.0179
100 A 1 33.913
100 B 0 37.9996
100 B 0 37.9655
100 A 0 39.9975
100 B 0 37.9961
100 A 0 40.0003
100 B 0 38.04
50 B 0 38.0003
50 A 1 12.4349
50 B 0 38.0018
50 A 1 18.913
50 B 0 37.9918
50 B 0 38.0269
50 B 0 38.0046
50 B 0 38.0117
50 A 1 36.1572
50 B 0 38.0012
50 B 0 38.0303
50 B 0 37.9194
50 B 0 38.034
50 A 1 29.5246
50 A 1 12.9786
50 A 1 17.1123
50 A 1 13.4087
