0	1	0	37.4197	206.006	3.47015	10.2087	2.30168	132	132	10.2323	1841026	10.1231	48280	33.169	0	0	70658	2	4078	191.529	25.0477	3.86736	107.191	0.174913	
1	2	1	56.6456	145.519	4.76952	6.69808	3.35011	115	115	6.71318	1404599	5.22639	36755	18.3527	0	1039	53070	2	6521	138.522	12.6309	0.046025	88.8947	0.088263	
2   3   0   56.2615 207
3	4	1	50.9854	24.1497	2.37602	4.484	0.764598	119	119	4.50634	344021	1.26078	10084	4.8434	0	589	12924	2	2683	19.5092	3.085	0.00594	6.93924	0.021108	
4	5	1	25.123	4.07006	2.26172	4.96586	0.007925	134	134	4.97749	6526	0.023832	162	0.076667	0	113	250	2	5	0.194426	0.197223	0.007549	0.003284	0.000191	
5   6   0   56.5655 207.5
6	7	1	24.551	8.918	2.39678	3.96386	0.511947	106	106	3.98274	317124	1.07592	9715	4.37835	0	331	12032	2	3077	14.8003	2.66527	0.006583	4.07658	0.012123	
7   8   1   34.64   85.9
8	9	0	41.4786	207.618	2.37202	4.02957	5.9246	109	109	4.05459	1376304	5.27177	52242	30.4351	0	0	49199	2	23500	203.391	11.8994	0	132.4	0.145366	
9	10	0	42.1873	206.962	2.4571	4.83246	4.51586	126	126	4.84422	1668002	6.23194	43153	20.9869	0	0	62055	2	7272	201.945	15.0402	0	142.043	0.128279	
10	11	0	71.3769	207.571	2.42497	4.88523	3.39817	131	131	4.90472	2031117	7.38846	56770	28.2871	0	0	77650	2	10512	200.783	17.9167	1.7044	131.344	0.125752	
11	12	1	41.9832	68.7456	2.58862	5.04998	2.14961	130	130	5.08263	903257	3.32846	26156	13.4606	0	785	34301	2	6959	63.5155	8.02663	0.010936	29.7488	0.047604	
12	13	1	61.5889	176.772	2.5217	5.04846	4.18509	136	136	5.05038	1756041	6.38445	59137	32.2458	0	867	65598	2	21725	171.406	15.0032	0.122417	95.9978	0.146697	
13	14	0	38.7605	207.455	2.53637	5.01797	4.11274	134	134	5.01721	2457388	8.84197	68818	34.4662	0	0	93807	2	13194	200.333	21.5458	1.89447	115.637	0.136497	
14	15	0	53.1764	207.476	2.35529	6.41399	2.46512	135	135	6.37207	1959144	7.7183	56764	30.7129	0	0	74764	2	11813	198.972	18.9721	1.88367	125.307	0.138095	
15  16  0   38.2 207.7
16	17	1	52.6019	7.22899	2.39221	5.45855	0.085765	148	148	5.46012	54347	0.182262	1238	0.53138	0	309	2077	2	61	1.62568	0.573628	7.6e-05	0.128884	0.001551	
17	18	1	64.8393	119.614	2.26353	6.60916	2.48383	175	175	6.6013	1039417	3.78185	34366	18.5411	0	445	38851	2	12299	112.828	8.98641	0.000104	69.4776	0.073672	
18	19	1	39.2955	130.394	2.28301	5.19035	5.66282	139	139	5.19061	697896	2.63311	34102	19.8785	0	431	23844	2	20441	125.002	5.57218	0.00968	79.8114	0.111384	
19	20	1	33.7793	69.0852	2.27167	3.79902	4.38684	101	101	3.85818	630928	2.29582	22356	11.5202	0	627	21573	2	9102	65.1	4.91582	0.003925	33.6524	0.08263	
20	21	1	32.7129	4.75261	2.27299	4.30555	0.022049	115	115	4.33695	10001	0.034987	220	0.098484	0	147	378	2	7	0.295643	0.228181	0.003039	0.007164	0.000401	
21  22  0   53.345 207.
22  23  1   41.25 101.4
23	24	1	55.5664	24.7514	3.87143	7.23495	0.909186	132	132	7.25854	301314	1.32317	8509	4.93618	0	379	11126	2	2127	17.2889	3.22974	0.001678	4.25256	0.021646	
24  25  0   48.3 207
25  26  0   54.84 207
26	27	1	28.1174	7.35513	2.48061	5.74785	0.071438	144	144	5.74804	40181	0.143348	1161	0.535317	0	137	1524	2	250	1.43197	0.48291	0.025072	0.094633	0.002015	
27  28  0   27.7 207
28  29  0   37.7 208
29	30	1	31.7725	20.265	2.42706	6.16955	0.617377	140	140	6.15886	295628	1.13935	6947	3.35548	0	377	11040	2	526	13.9337	2.80374	0.006897	4.08478	0.016228	
30	31	0	54.6499	207.408	2.40512	5.27411	2.97714	136	136	5.28666	1818551	7.09207	46732	23.6167	0	0	68907	2	5520	200.715	17.087	1.20094	137.617	0.146751	
31  32  0   51.28 207
32	33	0	41.9082	207.04	2.95514	6.87011	2.96385	132	132	6.83242	1692193	6.11841	47414	24.2196	0	0	63556	2	11057	199.961	14.6333	0.011643	138.495	0.122442	
33	34	0	60.1937	207.597	2.39484	5.20025	9.23308	137	137	5.20395	1312090	4.72528	30792	14.459	0	0	45288	2	3401	202.198	12.2616	0	148.631	0.155514	
34	35	0	48.6686	207.559	2.43932	6.41696	80.1221	173	173	6.40086	1601834	6.94953	665	0.319574	0	0	656	2	62	200.679	0.24645	0	49.2168	0.891026	
35  36  0   70.7 207
36  37  0   45.4 207
37  38  0   45.3 207
38  39  1   57.3 29.72
39  40  1   66.53 61.04
40  41  0   42.8 207
41	42	1	44.479	5.62174	4.01984	4.82755	0.020125	116	116	4.80533	21411	0.078166	517	0.242566	0	265	830	2	51	0.644328	0.332951	0.004054	0.014552	0.000502	
42  43  0   62.34 208
43  44  1   61.2 40.07
44  45  0   32.8 207
45  46  0   60.3 207
46  47  0   43.8 207
47	48	1	42.4868	8.29742	1.82289	4.17846	0.217361	139	139	4.20038	130716	0.382468	3116	1.10016	0	347	4910	2	101	3.97545	1.02409	0.008992	0.73852	0.004663	
48	49	1	36.6916	6.97363	1.79319	4.71469	0.109495	163	163	4.73352	74327	0.239487	1616	0.626073	0	401	2830	2	13	2.09253	0.72891	6.7e-05	0.21125	0.002403	
49  50  0   16.85 207
