-0.136182 -3.82391 4.67323 -9.49444 3.54157 -13.2544 
1.00357 -1.50058 3.66636 -8.06771 4.74137 -10.5127 
1.73429 -0.422345 3.54887 -9.22746 6.43809 -11.5844 
1.85202 -0.261409 3.54636 -9.48857 6.76182 -11.8509 
1.01962 1.90476 2.47084 -15.0285 5.8283 -10.9186 
0.0853855 2.90409 2.59208 -18.7847 7.12013 -10.7395 
-0.319026 2.60123 3.05833 -17.4249 7.28363 -9.63662 
-0.417514 2.53919 3.18298 -17.2485 7.37893 -9.45806 
-0.516268 2.48319 3.31385 -17.1503 7.50542 -9.3235 
-0.615959 2.43291 3.45187 -17.1296 7.66503 -9.23139 
-3.24611 2.29382 6.2702 -14.6273 14.922 -11.13 
-3.2193 2.24644 6.19736 -14.0145 14.1465 -10.5827 
-3.16036 2.04909 5.96817 -11.5804 10.913 -8.32584 
-3.1763 2.03499 5.98018 -11.4077 10.6172 -8.12993 
-3.19919 2.02551 6.0054 -11.2875 10.3722 -7.97248 
-3.23653 2.02518 6.05773 -11.2693 10.221 -7.88711 
-3.28136 2.02937 6.12397 -11.3013 10.1134 -7.83582 
-1.87001 5.09998 3.95044 -13.6351 8.53098 0.434708 
-1.06483 6.70683 4.264 -21.7722 7.68994 7.70471 
-1.08789 6.42176 4.10234 -20.6658 7.3926 7.49492 
-1.51009 5.17098 3.48498 -19.1982 7.73123 8.64257 
-1.60241 5.17589 3.51433 -20.1465 8.22454 9.28623 
-1.70771 5.20336 3.56071 -21.3592 8.84031 10.08 

