8
0.239568 -1.55632 -0.964554 0.756651 1.1109 1.35586 -0.48823 1.48734 -0.705414 -1.46059 0.64548 -0.975455 1.64277 -2.96814 
-0.0282319 -1.06696 -1.12267 0.0716124 1.09386 1.71737 -0.604352 0.73596 -0.374426 -0.785664 0.0252837 -0.422208 1.82688 -2.5375 
-0.897929 -0.418105 -0.318372 0.195358 1.36667 1.79513 -1.92064 0.8595 -0.392723 -0.85807 0.0268985 0.0408497 1.35378 -2.43229 
-0.959504 -1.27638 1.5546 0.0331252 0.53248 0.882821 0.270627 2.03475 -0.470093 -1.16652 -0.0174551 -0.0329843 1.02816 0.264254 
-0.348682 0.33777 1.10757 0.327241 1.44734 -0.204988 -0.535505 1.6541 -0.418923 0.305062 0.532697 1.25837 -0.883441 2.65563 
-0.593051 0.221011 1.67268 0.212888 2.29479 -0.490422 -0.987629 1.11216 -1.02495 0.132138 0.366892 2.14129 -0.665372 1.43234 
-0.993867 0.357941 1.60579 0.245652 2.46298 -1.0047 -0.563851 1.32053 0.0386924 -0.143745 0.105936 2.10928 -1.00314 0.578881 
-1.8763 0.549458 1.9587 0.892108 3.03669 -0.519247 -0.263518 2.08395 -0.872581 -1.98047 0.0131711 2.88693 -1.33453 -1.84114 

