23
0.239568 -1.55632 -0.964554 0.756651 1.1109 1.35586 -0.48823 1.48734 -0.705414 -1.46059 0.64548 -0.975455 1.64277 -2.96814 
-0.0282319 -1.06696 -1.12267 0.0716124 1.09386 1.71737 -0.604352 0.73596 -0.374426 -0.785664 0.0252837 -0.422208 1.82688 -2.5375 
-0.897929 -0.418105 -0.318372 0.195358 1.36667 1.79513 -1.92064 0.8595 -0.392723 -0.85807 0.0268985 0.0408497 1.35378 -2.43229 
-1.00994 -0.182976 -0.215935 0.0533495 1.3549 1.81422 -2.07988 0.876613 -0.395258 -0.868099 0.0271222 0.104991 1.28824 -2.41772 
-0.96109 -0.0607048 0.985907 0.433122 -0.350965 0.573865 -0.181707 2.12357 -0.339456 -0.298471 0.0519814 0.13509 1.07096 -0.611162 
-1.21465 -1.2525 1.75126 0.081184 0.478202 0.932191 0.272424 2.08355 -0.496068 -1.13342 0.0120196 -0.163304 1.18541 -0.0144478 
-0.959504 -1.27638 1.5546 0.0331252 0.53248 0.882821 0.270627 2.03475 -0.470093 -1.16652 -0.0174551 -0.0329843 1.02816 0.264254 
-0.849714 -1.23726 1.45092 0.056149 0.528417 0.844571 0.253325 1.99795 -0.456642 -1.1295 -0.0120512 0.00109538 0.969994 0.345182 
-0.756501 -1.18738 1.36194 0.0789269 0.523336 0.801789 0.231386 1.96125 -0.44323 -1.09258 -0.00666321 0.0350751 0.912001 0.425873 
-0.676584 -1.13114 1.2837 0.0984114 0.520397 0.757525 0.205268 1.92468 -0.429861 -1.05579 -0.00129248 0.0689458 0.854194 0.506305 
-0.348682 0.33777 1.10757 0.327241 1.44734 -0.204988 -0.535505 1.6541 -0.418923 0.305062 0.532697 1.25837 -0.883441 2.65563 
-0.36945 0.328797 1.16533 0.314713 1.53345 -0.229216 -0.590661 1.59922 -0.453038 0.229902 0.500282 1.24396 -0.793212 2.57449 
-0.500023 0.272376 1.52854 0.235945 2.07485 -0.381546 -0.93744 1.1855 -0.798189 0.14737 0.287365 1.93348 -0.576203 1.51481 
-0.522511 0.262659 1.5911 0.222379 2.16809 -0.40778 -0.997163 1.12546 -0.89515 0.171429 0.283619 2.04072 -0.618275 1.39993 
-0.545062 0.252915 1.65383 0.208775 2.26159 -0.434089 -1.05705 1.08044 -1.00856 0.183761 0.290769 2.13155 -0.659535 1.3176 
-0.568708 0.237194 1.66311 0.210802 2.27795 -0.461847 -1.02285 1.09235 -1.01029 0.161159 0.319002 2.14515 -0.666434 1.36102 
-0.593051 0.221011 1.67268 0.212888 2.29479 -0.490422 -0.987629 1.11216 -1.02495 0.132138 0.366892 2.14129 -0.665372 1.43234 
-0.993867 0.357941 1.60579 0.245652 2.46298 -1.0047 -0.563851 1.32053 0.0386924 -0.143745 0.105936 2.10928 -1.00314 0.578881 
-0.544212 0.263837 1.98379 0.196562 2.36487 -0.555346 -0.492442 1.85015 -0.515983 -0.711872 0.599873 1.75287 -0.87495 0.160246 
-0.572764 0.254607 2.00832 0.181726 2.35211 -0.599081 -0.469991 1.72593 -0.517727 -0.72163 0.468534 1.88275 -0.829469 -0.103596 
-1.3619 -0.1688 2.53382 0.123725 3.02756 -0.791493 -0.0837144 2.02842 -0.852376 -1.93168 0.0136386 2.74878 -1.20219 -1.8703 
-1.57583 0.187486 2.38073 0.573124 3.05789 -0.58087 -0.123441 2.05595 -0.862393 -1.95587 0.0134069 2.81727 -1.2678 -1.85584 
-1.8763 0.549458 1.9587 0.892108 3.03669 -0.519247 -0.263518 2.08395 -0.872581 -1.98047 0.0131711 2.88693 -1.33453 -1.84114 

