289
0.239568 -1.55632 -0.964554 0.756651 1.1109 1.35586 -0.48823 1.48734 -0.705414 -1.46059 0.64548 -0.975455 1.64277 -2.96814 
0.227925 -1.53504 -0.971429 0.726867 1.11016 1.37158 -0.493279 1.45177 -0.690938 -1.42965 0.612014 -0.940967 1.66353 -2.95731 
0.216281 -1.51377 -0.978303 0.697082 1.10942 1.3873 -0.498328 1.41644 -0.676467 -1.39892 0.578869 -0.907342 1.68399 -2.94559 
0.204638 -1.49249 -0.985178 0.667298 1.10868 1.40301 -0.503376 1.3814 -0.662038 -1.3684 0.546063 -0.874575 1.70401 -2.93296 
0.192994 -1.47121 -0.992052 0.637514 1.10794 1.41873 -0.508425 1.34663 -0.647679 -1.33808 0.513625 -0.842655 1.72346 -2.91939 
0.181351 -1.44994 -0.998927 0.60773 1.1072 1.43445 -0.513474 1.31214 -0.633411 -1.30795 0.481592 -0.811572 1.7422 -2.90485 
0.169707 -1.42866 -1.0058 0.577945 1.10645 1.45017 -0.518523 1.27793 -0.619245 -1.27799 0.450008 -0.781317 1.76008 -2.88933 
0.158064 -1.40738 -1.01268 0.548161 1.10571 1.46588 -0.523571 1.244 -0.605184 -1.24817 0.41892 -0.751886 1.77698 -2.87284 
0.14642 -1.38611 -1.01955 0.518377 1.10497 1.4816 -0.52862 1.21033 -0.591221 -1.21847 0.388377 -0.723284 1.79275 -2.85539 
0.134777 -1.36483 -1.02643 0.488592 1.10423 1.49732 -0.533669 1.17692 -0.577344 -1.18887 0.35843 -0.695521 1.80727 -2.83702 
0.123133 -1.34355 -1.0333 0.458808 1.10349 1.51304 -0.538718 1.14376 -0.563533 -1.15935 0.329129 -0.668618 1.82039 -2.81778 
0.11149 -1.32228 -1.04017 0.429024 1.10275 1.52876 -0.543767 1.11086 -0.549765 -1.12989 0.300526 -0.642605 1.83201 -2.79773 
0.0998463 -1.301 -1.04705 0.39924 1.10201 1.54447 -0.548815 1.07819 -0.536008 -1.1005 0.272669 -0.617525 1.842 -2.77696 
0.0882028 -1.27973 -1.05392 0.369455 1.10127 1.56019 -0.553864 1.04577 -0.522232 -1.07116 0.245604 -0.59343 1.85027 -2.75558 
0.0765594 -1.25845 -1.0608 0.339671 1.10053 1.57591 -0.558913 1.0136 -0.508398 -1.04189 0.219373 -0.570383 1.85674 -2.7337 
0.0649159 -1.23717 -1.06767 0.309887 1.09979 1.59163 -0.563962 0.981673 -0.494468 -1.01269 0.194015 -0.548451 1.86132 -2.71145 
0.0532724 -1.2159 -1.07455 0.280102 1.09905 1.60735 -0.569011 0.949996 -0.480401 -0.983581 0.169565 -0.527712 1.86397 -2.68896 
0.0416289 -1.19462 -1.08142 0.250318 1.09831 1.62306 -0.574059 0.918576 -0.466154 -0.954597 0.146049 -0.508244 1.86463 -2.6664 
0.0299855 -1.17334 -1.0883 0.220534 1.09756 1.63878 -0.579108 0.88742 -0.451682 -0.925771 0.123489 -0.490125 1.86329 -2.64389 
0.018342 -1.15207 -1.09517 0.19075 1.09682 1.6545 -0.584157 0.856538 -0.436942 -0.897143 0.101901 -0.473433 1.85994 -2.62161 
0.00669852 -1.13079 -1.10205 0.160965 1.09608 1.67022 -0.589206 0.825941 -0.421889 -0.868763 0.0812906 -0.458237 1.85459 -2.59969 
-0.00494495 -1.10951 -1.10892 0.131181 1.09534 1.68593 -0.594254 0.795638 -0.406478 -0.840683 0.0616582 -0.444601 1.84727 -2.57828 
-0.0165884 -1.08824 -1.1158 0.101397 1.0946 1.70165 -0.599303 0.76564 -0.390669 -0.812963 0.0429944 -0.432577 1.83801 -2.55751 
-0.0282319 -1.06696 -1.12267 0.0716124 1.09386 1.71737 -0.604352 0.735957 -0.374421 -0.785661 0.0252816 -0.422207 1.82688 -2.5375 
-0.082588 -1.02641 -1.0724 0.0793465 1.11091 1.72223 -0.68662 0.760141 -0.344568 -0.771037 0.0800208 -0.389714 1.74714 -2.49933 
-0.136944 -0.985853 -1.02213 0.0870806 1.12796 1.72709 -0.768888 0.783506 -0.318108 -0.756989 0.127609 -0.358597 1.67114 -2.46844 
-0.1913 -0.9453 -0.971864 0.0948147 1.14501 1.73195 -0.851156 0.806326 -0.295964 -0.744135 0.16883 -0.328204 1.59945 -2.44398 
-0.245656 -0.904746 -0.921596 0.102549 1.16206 1.73681 -0.933424 0.82862 -0.278854 -0.733074 0.204183 -0.298075 1.53272 -2.42533 
-0.300012 -0.864193 -0.871327 0.110283 1.17911 1.74167 -1.01569 0.850198 -0.267281 -0.724391 0.233911 -0.267919 1.47164 -2.41193 
-0.354368 -0.823639 -0.821058 0.118017 1.19616 1.74653 -1.09796 0.870691 -0.261515 -0.718652 0.258007 -0.2376 1.41695 -2.40329 
-0.408724 -0.783086 -0.77079 0.125751 1.21321 1.75139 -1.18023 0.889588 -0.261561 -0.716374 0.276222 -0.20713 1.36942 -2.3989 
-0.46308 -0.742532 -0.720521 0.133485 1.23027 1.75625 -1.2625 0.906271 -0.267151 -0.717986 0.288073 -0.176656 1.32978 -2.39819 
-0.517437 -0.701979 -0.670252 0.141219 1.24732 1.76111 -1.34476 0.92004 -0.277723 -0.723781 0.292843 -0.146429 1.29869 -2.40048 
-0.571793 -0.661426 -0.619984 0.148953 1.26437 1.76597 -1.42703 0.930129 -0.292429 -0.73386 0.289604 -0.11676 1.27672 -2.40504 
-0.626149 -0.620872 -0.569715 0.156688 1.28142 1.77083 -1.5093 0.935703 -0.310153 -0.748086 0.277231 -0.0879537 1.26431 -2.41101 
-0.680505 -0.580319 -0.519447 0.164422 1.29847 1.77569 -1.59157 0.935848 -0.329557 -0.766043 0.254428 -0.0602423 1.26175 -2.41753 
-0.734861 -0.539765 -0.469178 0.172156 1.31552 1.78055 -1.67384 0.92954 -0.349139 -0.787037 0.219742 -0.0337154 1.26923 -2.42373 
-0.789217 -0.499212 -0.418909 0.17989 1.33257 1.78541 -1.7561 0.915625 -0.367298 -0.810128 0.171556 -0.00827051 1.2869 -2.42877 
-0.843573 -0.458658 -0.368641 0.187624 1.34962 1.79027 -1.83837 0.892789 -0.382385 -0.834202 0.108022 0.0164091 1.31494 -2.43187 
-0.897929 -0.418105 -0.318372 0.195358 1.36667 1.79513 -1.92064 0.859507 -0.392733 -0.858073 0.0269098 0.0408454 1.35377 -2.4323 
-0.899136 -0.434934 -0.281647 0.192177 1.35031 1.77724 -1.87767 0.891346 -0.46196 -0.882533 0.0753296 0.0377964 1.33808 -2.42244 
-0.900344 -0.451763 -0.244922 0.188996 1.33396 1.75935 -1.83471 0.923436 -0.528203 -0.907861 0.117678 0.0333286 1.32652 -2.4099 
-0.901551 -0.468592 -0.208197 0.185815 1.3176 1.74146 -1.79174 0.956076 -0.591508 -0.933881 0.154575 0.0276106 1.31857 -2.39456 
-0.902758 -0.485421 -0.171472 0.182634 1.30124 1.72358 -1.74878 0.989502 -0.651897 -0.96043 0.186563 0.0208166 1.31372 -2.37631 
-0.903966 -0.50225 -0.134747 0.179453 1.28489 1.70569 -1.70581 1.02389 -0.709376 -0.987344 0.214136 0.0131221 1.31151 -2.35507 
-0.905173 -0.519079 -0.0980224 0.176272 1.26853 1.6878 -1.66284 1.05937 -0.763949 -1.01446 0.237743 0.00470103 1.31147 -2.33081 
-0.90638 -0.535907 -0.0612974 0.173091 1.25217 1.66991 -1.61988 1.09602 -0.815619 -1.04163 0.257802 -0.00428086 1.31317 -2.30349 
-0.907588 -0.552736 -0.0245725 0.16991 1.23582 1.65202 -1.57691 1.13386 -0.864396 -1.06867 0.274706 -0.0136716 1.31621 -2.2731 
-0.908795 -0.569565 0.0121525 0.166729 1.21946 1.63413 -1.53395 1.17287 -0.910303 -1.0954 0.288822 -0.0233402 1.32019 -2.23965 
-0.910003 -0.586394 0.0488774 0.163548 1.2031 1.61625 -1.49098 1.21295 -0.953382 -1.12161 0.300496 -0.0331829 1.32476 -2.20315 
-0.91121 -0.603223 0.0856024 0.160367 1.18675 1.59836 -1.44801 1.25396 -0.9937 -1.14705 0.310055 -0.0431296 1.32957 -2.16361 
-0.912417 -0.620052 0.122327 0.157186 1.17039 1.58047 -1.40505 1.29568 -1.03135 -1.17146 0.317806 -0.053146 1.33431 -2.12106 
-0.913625 -0.636881 0.159052 0.154005 1.15403 1.56258 -1.36208 1.33784 -1.06645 -1.1945 0.324038 -0.0632325 1.33872 -2.0755 
-0.914832 -0.65371 0.195777 0.150824 1.13768 1.54469 -1.31912 1.3801 -1.09913 -1.21584 0.329019 -0.0734112 1.34255 -2.02697 
-0.916039 -0.670539 0.232502 0.147642 1.12132 1.5268 -1.27615 1.42209 -1.1295 -1.23513 0.332994 -0.0837025 1.34559 -1.97552 
-0.917247 -0.687368 0.269227 0.144461 1.10496 1.50892 -1.23318 1.46342 -1.15762 -1.25205 0.336182 -0.0940802 1.34765 -1.92129 
-0.918454 -0.704197 0.305952 0.14128 1.08861 1.49103 -1.19022 1.50371 -1.1834 -1.26645 0.338761 -0.104408 1.34857 -1.86454 
-0.919661 -0.721026 0.342677 0.138099 1.07225 1.47314 -1.14725 1.54267 -1.20656 -1.27832 0.340868 -0.114366 1.34819 -1.80574 
-0.920869 -0.737855 0.379402 0.134918 1.05589 1.45525 -1.10429 1.58012 -1.22654 -1.28798 0.342584 -0.123408 1.34636 -1.74556 
-0.922076 -0.754683 0.416127 0.131737 1.03954 1.43736 -1.06132 1.61599 -1.24259 -1.29594 0.343939 -0.130788 1.3429 -1.6849 
-0.923283 -0.771512 0.452852 0.128556 1.02318 1.41947 -1.01835 1.65029 -1.25388 -1.30287 0.34492 -0.135693 1.33766 -1.62468 
-0.924491 -0.788341 0.489577 0.125375 1.00682 1.40158 -0.975388 1.683 -1.25974 -1.3093 0.345507 -0.137444 1.33053 -1.56569 
-0.925698 -0.80517 0.526302 0.122194 0.990467 1.3837 -0.932422 1.714 -1.25987 -1.31544 0.345685 -0.135685 1.32149 -1.5084 
-0.926905 -0.821999 0.563027 0.119013 0.97411 1.36581 -0.889456 1.74304 -1.25443 -1.32111 0.345466 -0.130476 1.31062 -1.45287 
-0.928113 -0.838828 0.599752 0.115832 0.957753 1.34792 -0.84649 1.76978 -1.24401 -1.32582 0.344866 -0.122269 1.29808 -1.39877 
-0.92932 -0.855657 0.636476 0.112651 0.941397 1.33003 -0.803523 1.79394 -1.22944 -1.32898 0.343891 -0.111784 1.28412 -1.34554 
-0.930528 -0.872486 0.673201 0.10947 0.92504 1.31214 -0.760557 1.81538 -1.21164 -1.33007 0.342512 -0.0998451 1.26897 -1.29254 
-0.931735 -0.889315 0.709926 0.106289 0.908683 1.29425 -0.717591 1.8341 -1.19141 -1.32878 0.340665 -0.0872254 1.25286 -1.23918 
-0.932942 -0.906144 0.746651 0.103108 0.892327 1.27637 -0.674625 1.85025 -1.16938 -1.32506 0.338252 -0.0745529 1.23602 -1.18501 
-0.93415 -0.922973 0.783376 0.0999269 0.87597 1.25848 -0.631659 1.86409 -1.14599 -1.31903 0.335155 -0.0622782 1.21863 -1.12974 
-0.935357 -0.939802 0.820101 0.0967459 0.859613 1.24059 -0.588693 1.87593 -1.12148 -1.31098 0.331249 -0.0506926 1.20087 -1.07323 
-0.936564 -0.95663 0.856826 0.0935649 0.843257 1.2227 -0.545727 1.8861 -1.09597 -1.30129 0.326408 -0.0399679 1.18289 -1.01542 
-0.937772 -0.973459 0.893551 0.0903838 0.8269 1.20481 -0.502761 1.89494 -1.06951 -1.29036 0.320516 -0.0301978 1.16489 -0.956333 
-0.938979 -0.990288 0.930276 0.0872028 0.810543 1.18692 -0.459795 1.90275 -1.04212 -1.27859 0.313472 -0.0214323 1.14704 -0.89601 
-0.940186 -1.00712 0.967001 0.0840218 0.794187 1.16904 -0.416829 1.90982 -1.0138 -1.26637 0.305187 -0.0136995 1.12951 -0.834505 
-0.941394 -1.02395 1.00373 0.0808407 0.77783 1.15115 -0.373863 1.9164 -0.984556 -1.25403 0.295592 -0.00701962 1.11249 -0.771873 
-0.942601 -1.04078 1.04045 0.0776597 0.761473 1.13326 -0.330897 1.9227 -0.954408 -1.24187 0.28463 -0.00141037 1.09615 -0.708166 
-0.943808 -1.0576 1.07718 0.0744787 0.745117 1.11537 -0.287931 1.9289 -0.923388 -1.23015 0.272265 0.0031117 1.08068 -0.643428 
-0.945016 -1.07443 1.1139 0.0712976 0.72876 1.09748 -0.244965 1.93515 -0.891538 -1.21907 0.258471 0.00653264 1.06625 -0.577705 
-0.946223 -1.09126 1.15063 0.0681166 0.712403 1.07959 -0.201999 1.94157 -0.858912 -1.2088 0.243236 0.00884348 1.05302 -0.511041 
-0.94743 -1.10809 1.18735 0.0649356 0.696047 1.06171 -0.159033 1.94826 -0.825572 -1.19947 0.226559 0.0100426 1.04116 -0.443484 
-0.948638 -1.12492 1.22408 0.0617545 0.67969 1.04382 -0.116067 1.95527 -0.791587 -1.19118 0.208445 0.0101374 1.03083 -0.37509 
-0.949845 -1.14175 1.2608 0.0585735 0.663333 1.02593 -0.0731012 1.96265 -0.757032 -1.184 0.188906 0.00914521 1.02217 -0.305922 
-0.951053 -1.15858 1.29753 0.0553924 0.646977 1.00804 -0.0301351 1.97042 -0.721984 -1.17797 0.167956 0.00709372 1.01532 -0.236053 
-0.95226 -1.17541 1.33425 0.0522114 0.63062 0.990151 0.0128309 1.9786 -0.686526 -1.17309 0.14561 0.00401949 1.01041 -0.165567 
-0.953467 -1.19224 1.37098 0.0490304 0.614263 0.972263 0.0557969 1.98718 -0.650743 -1.16937 0.121883 0 1.00757 -0.0945598 
-0.954675 -1.20906 1.4077 0.0458493 0.597907 0.954375 0.0987629 1.99612 -0.614723 -1.16676 0.0967814 -0.00500919 1.00691 -0.0231363 
-0.955882 -1.22589 1.44443 0.0426683 0.58155 0.936486 0.141729 2.0054 -0.578556 -1.16524 0.0703096 -0.0108546 1.00854 0.0485872 
-0.957089 -1.24272 1.48115 0.0394873 0.565193 0.918598 0.184695 2.01497 -0.542334 -1.16474 0.0424602 -0.0175075 1.01256 0.120485 
-0.958297 -1.25955 1.51788 0.0363062 0.548837 0.900709 0.227661 2.02477 -0.506149 -1.16519 0.0132148 -0.0249048 1.01907 0.192421 
-0.959504 -1.27638 1.5546 0.0331252 0.53248 0.882821 0.270627 2.03474 -0.470091 -1.16652 -0.0174588 -0.0329824 1.02816 0.264253 
-0.850305 -1.23432 1.46094 0.0619092 0.521002 0.840866 0.261753 2.02729 -0.46909 -1.13767 -0.0066678 -0.00766363 0.990678 0.311144 
-0.757824 -1.18997 1.3808 0.0873618 0.513225 0.799933 0.250333 2.01982 -0.468086 -1.10881 0.00411949 0.017657 0.953195 0.358033 
-0.679007 -1.14381 1.31193 0.109905 0.508932 0.759857 0.236724 2.01236 -0.467083 -1.07996 0.0149068 0.0429777 0.915713 0.404923 
-0.611365 -1.09633 1.2524 0.129947 0.508171 0.720591 0.220987 2.0049 -0.46608 -1.0511 0.0256941 0.0682984 0.878231 0.451813 
-0.552894 -1.04793 1.2006 0.147841 0.511029 0.682128 0.203072 1.99743 -0.465076 -1.02225 0.0364814 0.0936191 0.840748 0.498703 
-0.502016 -0.998864 1.1553 0.163872 0.517552 0.644478 0.182889 1.98997 -0.464073 -0.993393 0.0472687 0.11894 0.803266 0.545592 
-0.457512 -0.949294 1.1156 0.17826 0.527713 0.607651 0.160363 1.9825 -0.46307 -0.964538 0.058056 0.14426 0.765783 0.592482 
-0.418458 -0.89927 1.08085 0.191169 0.541396 0.571651 0.135457 1.97504 -0.462066 -0.935684 0.0688433 0.169581 0.728301 0.639372 
-0.384162 -0.848775 1.05062 0.20272 0.55839 0.536469 0.108187 1.96758 -0.461063 -0.906829 0.0796306 0.194902 0.690819 0.686262 
-0.354109 -0.797744 1.02461 0.213 0.578394 0.502079 0.0786308 1.96011 -0.46006 -0.877975 0.0904179 0.220222 0.653336 0.733151 
-0.327916 -0.746083 1.00261 0.222078 0.601033 0.468438 0.0469164 1.95265 -0.459056 -0.84912 0.101205 0.245543 0.615854 0.780041 
-0.30529 -0.693693 0.984474 0.230007 0.625881 0.435484 0.0132157 1.94519 -0.458053 -0.820265 0.111992 0.270864 0.578372 0.826931 
-0.285999 -0.640477 0.970046 0.236835 0.652484 0.403143 -0.0222743 1.93772 -0.45705 -0.791411 0.12278 0.296184 0.540889 0.87382 
-0.269851 -0.586355 0.959171 0.242609 0.680386 0.371327 -0.059347 1.93026 -0.456046 -0.762556 0.133567 0.321505 0.503407 0.92071 
-0.256676 -0.531262 0.951671 0.247374 0.709149 0.339942 -0.0978023 1.92279 -0.455043 -0.733702 0.144354 0.346826 0.465924 0.9676 
-0.246322 -0.475154 0.947344 0.251182 0.738375 0.308887 -0.137461 1.91533 -0.45404 -0.704847 0.155142 0.372146 0.428442 1.01449 
-0.238642 -0.418009 0.945962 0.25409 0.76771 0.278065 -0.178161 1.90787 -0.453036 -0.675993 0.165929 0.397467 0.39096 1.06138 
-0.233506 -0.359816 0.947287 0.256156 0.796842 0.247372 -0.219769 1.9004 -0.452033 -0.647138 0.176716 0.422788 0.353477 1.10827 
-0.230798 -0.30057 0.951077 0.257446 0.82549 0.216701 -0.262162 1.89294 -0.45103 -0.618284 0.187504 0.448108 0.315995 1.15516 
-0.230414 -0.240267 0.957097 0.258026 0.853377 0.185936 -0.305205 1.88548 -0.450026 -0.589429 0.198291 0.473429 0.278513 1.20205 
-0.232274 -0.178903 0.965121 0.257964 0.880197 0.154949 -0.348722 1.87801 -0.449023 -0.560574 0.209078 0.49875 0.24103 1.24894 
-0.236306 -0.116472 0.97493 0.25733 0.905592 0.123607 -0.392469 1.87055 -0.44802 -0.53172 0.219865 0.52407 0.203548 1.29583 
-0.242446 -0.0529906 0.986301 0.256194 0.929161 0.0917828 -0.436123 1.86308 -0.447016 -0.502865 0.230653 0.549391 0.166065 1.34272 
-0.250618 0.0114762 0.99899 0.254633 0.950504 0.0593781 -0.479306 1.85562 -0.446013 -0.474011 0.24144 0.574712 0.128583 1.38961 
-0.260726 0.0767885 1.01272 0.252728 0.969298 0.0263478 -0.521631 1.84816 -0.44501 -0.445156 0.252227 0.600033 0.0911007 1.4365 
-0.272653 0.142719 1.0272 0.250573 0.98538 -0.00729162 -0.562777 1.84069 -0.444006 -0.416302 0.263015 0.625353 0.0536183 1.48339 
-0.286271 0.208973 1.04211 0.248266 0.998799 -0.0414783 -0.60256 1.83323 -0.443003 -0.387447 0.273802 0.650674 0.0161359 1.53028 
-0.301467 0.27524 1.05719 0.245905 1.00982 -0.0761485 -0.640976 1.82577 -0.442 -0.358593 0.284589 0.675995 -0.0213464 1.57717 
-0.318169 0.341272 1.07222 0.243579 1.01884 -0.111296 -0.678205 1.8183 -0.440996 -0.329738 0.295376 0.701315 -0.0588288 1.62406 
-0.336372 0.406942 1.08711 0.241359 1.0263 -0.147021 -0.714555 1.81084 -0.439993 -0.300884 0.306164 0.726636 -0.0963112 1.67095 
-0.356126 0.472263 1.10181 0.239291 1.03251 -0.183533 -0.750331 1.80337 -0.43899 -0.272029 0.316951 0.751957 -0.133794 1.71784 
-0.377507 0.537316 1.11632 0.237399 1.03758 -0.221096 -0.785678 1.79591 -0.437986 -0.243174 0.327738 0.777277 -0.171276 1.76473 
-0.400551 0.60212 1.13061 0.235699 1.04136 -0.25992 -0.820451 1.78845 -0.436983 -0.21432 0.338526 0.802598 -0.208758 1.81161 
-0.425182 0.666464 1.14457 0.234211 1.04361 -0.300024 -0.854151 1.78098 -0.43598 -0.185465 0.349313 0.827919 -0.246241 1.8585 
-0.45113 0.729739 1.15796 0.232981 1.04407 -0.341112 -0.885919 1.77352 -0.434976 -0.156611 0.3601 0.853239 -0.283723 1.90539 
-0.477836 0.790772 1.17043 0.232107 1.0427 -0.382451 -0.914534 1.76606 -0.433973 -0.127756 0.370888 0.87856 -0.321205 1.95228 
-0.504326 0.847629 1.18152 0.231764 1.03976 -0.422731 -0.93834 1.75859 -0.43297 -0.0989017 0.381675 0.903881 -0.358688 1.99917 
-0.529027 0.897355 1.1907 0.232253 1.03597 -0.45989 -0.955087 1.75113 -0.431966 -0.0700471 0.392462 0.929201 -0.39617 2.04606 
-0.549536 0.935652 1.19737 0.234049 1.03256 -0.490873 -0.961673 1.74366 -0.430963 -0.0411926 0.403249 0.954522 -0.433653 2.09295 
-0.562443 0.956506 1.20079 0.237835 1.03125 -0.511342 -0.953786 1.7362 -0.42996 -0.012338 0.414037 0.979843 -0.471135 2.13984 
-0.563444 0.95195 1.19975 0.244473 1.03394 -0.515378 -0.9255 1.72874 -0.428956 0.0165165 0.424824 1.00516 -0.508617 2.18673 
-0.548216 0.912758 1.19203 0.254765 1.04151 -0.495751 -0.869139 1.72127 -0.427953 0.0453711 0.435611 1.03048 -0.5461 2.23362 
-0.514655 0.832381 1.17445 0.268873 1.05091 -0.446545 -0.776595 1.71381 -0.42695 0.0742256 0.446399 1.0558 -0.583582 2.28051 
-0.46642 0.716616 1.14584 0.285437 1.05143 -0.370723 -0.644439 1.70635 -0.425946 0.10308 0.457186 1.08113 -0.621064 2.3274 
-0.415748 0.59292 1.11267 0.301203 1.03132 -0.28877 -0.487209 1.69888 -0.424943 0.131935 0.467973 1.10645 -0.658547 2.37429 
-0.377583 0.495127 1.0873 0.313126 1.00666 -0.227369 -0.350938 1.69142 -0.42394 0.160789 0.478761 1.13177 -0.696029 2.42118 
-0.356302 0.432038 1.07527 0.321054 1.01879 -0.193376 -0.283643 1.68395 -0.422936 0.189644 0.489548 1.15709 -0.733512 2.46807 
-0.347457 0.393909 1.07437 0.32612 1.08562 -0.179805 -0.293727 1.67649 -0.421933 0.218498 0.500335 1.18241 -0.770994 2.51496 
-0.345483 0.369652 1.08095 0.328926 1.19293 -0.179664 -0.356565 1.66903 -0.42093 0.247353 0.511122 1.20773 -0.808476 2.56185 
-0.34605 0.350905 1.09192 0.329519 1.31841 -0.187662 -0.442145 1.66156 -0.419926 0.276207 0.52191 1.23305 -0.845959 2.60874 
-0.348671 0.337761 1.10756 0.327226 1.44744 -0.20498 -0.5356 1.6541 -0.418923 0.305062 0.532697 1.25837 -0.883441 2.65563 
-0.355664 0.334434 1.12372 0.323974 1.47155 -0.213143 -0.548423 1.63008 -0.430075 0.293788 0.532188 1.25243 -0.871134 2.64294 
-0.362646 0.331098 1.13986 0.320707 1.49577 -0.221299 -0.561341 1.60692 -0.442015 0.282568 0.531422 1.24791 -0.857962 2.62942 
-0.369628 0.327762 1.15601 0.317439 1.51998 -0.229454 -0.574258 1.58458 -0.454696 0.271437 0.530405 1.24487 -0.844005 2.61501 
-0.37661 0.324426 1.17215 0.314172 1.54419 -0.237609 -0.587176 1.56303 -0.468064 0.260434 0.529139 1.24337 -0.829354 2.59965 
-0.383592 0.32109 1.1883 0.310905 1.5684 -0.245764 -0.600094 1.54223 -0.482064 0.249601 0.527628 1.24347 -0.814104 2.58327 
-0.390574 0.317754 1.20445 0.307638 1.59262 -0.25392 -0.613012 1.52214 -0.496644 0.238982 0.525874 1.24523 -0.798356 2.56578 
-0.397556 0.314418 1.22059 0.30437 1.61683 -0.262075 -0.62593 1.50272 -0.511758 0.228617 0.52388 1.24875 -0.782212 2.54709 
-0.404538 0.311082 1.23674 0.301103 1.64104 -0.27023 -0.638848 1.48391 -0.52736 0.218543 0.521649 1.2541 -0.765775 2.5271 
-0.41152 0.307746 1.25288 0.297836 1.66526 -0.278385 -0.651765 1.4657 -0.543411 0.208791 0.519185 1.26138 -0.749149 2.50569 
-0.418502 0.30441 1.26903 0.294569 1.68947 -0.286541 -0.664683 1.44804 -0.559874 0.199388 0.516489 1.27071 -0.732438 2.48277 
-0.425484 0.301074 1.28518 0.291301 1.71368 -0.294696 -0.677601 1.43091 -0.576716 0.190352 0.513566 1.28219 -0.715747 2.4582 
-0.432466 0.297738 1.30132 0.288034 1.73789 -0.302851 -0.690519 1.4143 -0.593905 0.181695 0.510418 1.29595 -0.699184 2.43187 
-0.439448 0.294402 1.31747 0.284767 1.76211 -0.311006 -0.703437 1.39818 -0.611413 0.173427 0.507049 1.3121 -0.682862 2.40366 
-0.44643 0.291066 1.33361 0.2815 1.78632 -0.319162 -0.716355 1.38253 -0.629211 0.165558 0.503459 1.33076 -0.666904 2.37346 
-0.453412 0.28773 1.34976 0.278233 1.81053 -0.327317 -0.729272 1.36734 -0.64727 0.158104 0.499651 1.35204 -0.651443 2.34116 
-0.460394 0.284394 1.36591 0.274965 1.83475 -0.335472 -0.74219 1.35256 -0.665562 0.15109 0.495625 1.37604 -0.636632 2.30665 
-0.467376 0.281058 1.38205 0.271698 1.85896 -0.343627 -0.755108 1.33816 -0.684055 0.144557 0.49138 1.40281 -0.622638 2.26986 
-0.474357 0.277723 1.3982 0.268431 1.88317 -0.351783 -0.768026 1.32408 -0.702719 0.138567 0.486911 1.43239 -0.609651 2.23074 
-0.481339 0.274387 1.41434 0.265164 1.90738 -0.359938 -0.780944 1.31023 -0.721522 0.133199 0.482214 1.46475 -0.597875 2.18928 
-0.488321 0.271051 1.43049 0.261896 1.9316 -0.368093 -0.793862 1.29654 -0.740433 0.128547 0.47728 1.49982 -0.587523 2.14556 
-0.495303 0.267715 1.44664 0.258629 1.95581 -0.376248 -0.806779 1.28292 -0.759422 0.124709 0.472101 1.53744 -0.578808 2.09971 
-0.502285 0.264379 1.46278 0.255362 1.98002 -0.384404 -0.819697 1.2693 -0.778461 0.12177 0.466662 1.57736 -0.571925 2.05195 
-0.509267 0.261043 1.47893 0.252095 2.00424 -0.392559 -0.832615 1.25562 -0.797527 0.119789 0.460951 1.61928 -0.567037 2.00259 
-0.516249 0.257707 1.49507 0.248828 2.02845 -0.400714 -0.845533 1.24187 -0.8166 0.118779 0.454952 1.66282 -0.564263 1.95202 
-0.523231 0.254371 1.51122 0.24556 2.05266 -0.408869 -0.858451 1.22808 -0.835665 0.118694 0.448649 1.70758 -0.56367 1.90068 
-0.530213 0.251035 1.52737 0.242293 2.07687 -0.417025 -0.871369 1.21431 -0.854714 0.119433 0.442029 1.75313 -0.565269 1.84903 
-0.537195 0.247699 1.54351 0.239026 2.10109 -0.42518 -0.884286 1.20068 -0.873739 0.120842 0.435079 1.79905 -0.569026 1.79754 
-0.544177 0.244363 1.55966 0.235759 2.1253 -0.433335 -0.897204 1.18732 -0.892738 0.122726 0.427789 1.84495 -0.574867 1.74662 
-0.551159 0.241027 1.5758 0.232491 2.14951 -0.44149 -0.910122 1.17437 -0.91171 0.124872 0.420151 1.89048 -0.582697 1.69668 
-0.558141 0.237691 1.59195 0.229224 2.17373 -0.449646 -0.92304 1.16198 -0.930657 0.127059 0.412161 1.93533 -0.592406 1.64804 
-0.565123 0.234355 1.6081 0.225957 2.19794 -0.457801 -0.935958 1.15027 -0.949577 0.12908 0.403816 1.97923 -0.603883 1.60098 
-0.572105 0.231019 1.62424 0.22269 2.22215 -0.465956 -0.948876 1.13935 -0.968471 0.130745 0.395115 2.02196 -0.617018 1.55572 
-0.579087 0.227683 1.64039 0.219422 2.24636 -0.474111 -0.961793 1.12932 -0.987334 0.131893 0.386059 2.06332 -0.631708 1.51244 
-0.586069 0.224347 1.65653 0.216155 2.27058 -0.482267 -0.974711 1.12024 -1.00616 0.132392 0.376651 2.10314 -0.647857 1.47128 
-0.593051 0.221011 1.67268 0.212888 2.29479 -0.490422 -0.987629 1.11216 -1.02495 0.132138 0.366893 2.14129 -0.665374 1.43234 
-0.601401 0.223864 1.67129 0.213571 2.29829 -0.501136 -0.9788 1.10779 -1.011 0.126716 0.351731 2.15176 -0.682239 1.40402 
-0.609752 0.226716 1.66989 0.214253 2.3018 -0.51185 -0.969972 1.10383 -0.995971 0.121217 0.336004 2.16169 -0.699601 1.37578 
-0.618102 0.229569 1.6685 0.214936 2.3053 -0.522564 -0.961143 1.10027 -0.979947 0.115619 0.319798 2.17106 -0.717347 1.34766 
-0.626452 0.232422 1.66711 0.215618 2.30881 -0.533278 -0.952314 1.09712 -0.962989 0.109903 0.3032 2.17985 -0.735374 1.31969 
-0.634803 0.235275 1.66571 0.216301 2.31231 -0.543993 -0.943485 1.09438 -0.94516 0.104058 0.28629 2.18805 -0.753585 1.2919 
-0.643153 0.238127 1.66432 0.216983 2.31581 -0.554707 -0.934657 1.09203 -0.926522 0.0980782 0.269152 2.19566 -0.771888 1.26432 
-0.651503 0.24098 1.66293 0.217666 2.31932 -0.565421 -0.925828 1.09008 -0.907137 0.0919612 0.251863 2.20268 -0.790197 1.23696 
-0.659854 0.243833 1.66153 0.218349 2.32282 -0.576135 -0.916999 1.08851 -0.887061 0.085708 0.234503 2.20913 -0.808432 1.20983 
-0.668204 0.246685 1.66014 0.219031 2.32633 -0.586849 -0.908171 1.0873 -0.866353 0.0793229 0.217148 2.21501 -0.826517 1.18296 
-0.676554 0.249538 1.65874 0.219714 2.32983 -0.597563 -0.899342 1.08646 -0.845067 0.0728122 0.199874 2.22033 -0.844382 1.15636 
-0.684905 0.252391 1.65735 0.220396 2.33333 -0.608277 -0.890513 1.08597 -0.823258 0.0661841 0.182756 2.22511 -0.861961 1.13003 
-0.693255 0.255244 1.65596 0.221079 2.33684 -0.618992 -0.881684 1.08581 -0.800978 0.0594484 0.165868 2.22937 -0.87919 1.10401 
-0.701605 0.258096 1.65456 0.221762 2.34034 -0.629706 -0.872856 1.08598 -0.77828 0.052616 0.149284 2.23311 -0.896012 1.0783 
-0.709956 0.260949 1.65317 0.222444 2.34385 -0.64042 -0.864027 1.08647 -0.755213 0.0456989 0.133075 2.23635 -0.912372 1.05292 
-0.718306 0.263802 1.65178 0.223127 2.34735 -0.651134 -0.855198 1.08727 -0.731827 0.0387094 0.117312 2.23911 -0.928218 1.02789 
-0.726656 0.266654 1.65038 0.223809 2.35085 -0.661848 -0.84637 1.08838 -0.708169 0.0316605 0.102064 2.24138 -0.943502 1.00324 
-0.735007 0.269507 1.64899 0.224492 2.35436 -0.672562 -0.837541 1.08978 -0.684286 0.0245654 0.0873985 2.2432 -0.958179 0.978975 
-0.743357 0.27236 1.6476 0.225174 2.35786 -0.683276 -0.828712 1.09148 -0.660221 0.0174377 0.073382 2.24456 -0.972206 0.955132 
-0.751707 0.275212 1.6462 0.225857 2.36137 -0.69399 -0.819884 1.09347 -0.636019 0.0102907 0.0600778 2.24548 -0.985543 0.931732 
-0.760058 0.278065 1.64481 0.22654 2.36487 -0.704704 -0.811055 1.09576 -0.611719 0.00313796 0.0475471 2.24597 -0.998156 0.908804 
-0.768408 0.280918 1.64342 0.227222 2.36837 -0.715419 -0.802226 1.09833 -0.587361 -0.0040072 0.0358479 2.24603 -1.01001 0.886375 
-0.776758 0.283771 1.64202 0.227905 2.37188 -0.726133 -0.793397 1.1012 -0.562982 -0.0111315 0.0250352 2.24568 -1.02107 0.864476 
-0.785109 0.286623 1.64063 0.228587 2.37538 -0.736847 -0.784569 1.10437 -0.538614 -0.0182219 0.0151598 2.24492 -1.03132 0.843136 
-0.793459 0.289476 1.63923 0.22927 2.37888 -0.747561 -0.77574 1.10785 -0.514291 -0.0252655 0.00626839 2.24376 -1.04072 0.822386 
-0.801809 0.292329 1.63784 0.229953 2.38239 -0.758275 -0.766911 1.11163 -0.49004 -0.0322496 -0.00159693 2.2422 -1.04926 0.802259 
-0.81016 0.295181 1.63645 0.230635 2.38589 -0.768989 -0.758083 1.11574 -0.465885 -0.0391614 -0.00839943 2.24025 -1.05692 0.782787 
-0.81851 0.298034 1.63505 0.231318 2.3894 -0.779703 -0.749254 1.12018 -0.441848 -0.0459885 -0.0141079 2.23793 -1.06368 0.764001 
-0.82686 0.300887 1.63366 0.232 2.3929 -0.790417 -0.740425 1.12496 -0.417947 -0.0527184 -0.0186972 2.23522 -1.06952 0.745934 
-0.835211 0.30374 1.63227 0.232683 2.3964 -0.801132 -0.731596 1.13009 -0.394195 -0.0593387 -0.0221484 2.23215 -1.07445 0.728616 
-0.843561 0.306592 1.63087 0.233366 2.39991 -0.811846 -0.722768 1.13559 -0.370602 -0.0658367 -0.0244492 2.22871 -1.07845 0.71208 
-0.851911 0.309445 1.62948 0.234048 2.40341 -0.82256 -0.713939 1.14148 -0.347174 -0.0721996 -0.0255941 2.22492 -1.08152 0.696356 
-0.860262 0.312298 1.62809 0.234731 2.40692 -0.833274 -0.70511 1.14778 -0.323912 -0.0784145 -0.0255845 2.22077 -1.08366 0.681474 
-0.868612 0.31515 1.62669 0.235413 2.41042 -0.843988 -0.696282 1.15449 -0.300813 -0.0844679 -0.0244289 2.21627 -1.08487 0.667462 
-0.876962 0.318003 1.6253 0.236096 2.41392 -0.854702 -0.687453 1.16164 -0.27787 -0.0903458 -0.0221425 2.21142 -1.08517 0.65435 
-0.885313 0.320856 1.62391 0.236778 2.41743 -0.865416 -0.678624 1.16924 -0.255072 -0.0960336 -0.0187473 2.20624 -1.08455 0.642163 
-0.893663 0.323709 1.62251 0.237461 2.42093 -0.87613 -0.669795 1.17732 -0.232405 -0.101516 -0.0142719 2.20072 -1.08304 0.630929 
-0.902013 0.326561 1.62112 0.238144 2.42444 -0.886845 -0.660967 1.18591 -0.209849 -0.106776 -0.00875113 2.19487 -1.08065 0.620673 
-0.910364 0.329414 1.61973 0.238826 2.42794 -0.897559 -0.652138 1.19501 -0.187384 -0.111797 -0.00222577 2.18868 -1.0774 0.61142 
-0.918714 0.332267 1.61833 0.239509 2.43144 -0.908273 -0.643309 1.20466 -0.164985 -0.11656 0.00525787 2.18218 -1.0733 0.603192 
-0.927064 0.335119 1.61694 0.240191 2.43495 -0.918987 -0.634481 1.21489 -0.142624 -0.121044 0.0136484 2.17535 -1.06839 0.596013 
-0.935415 0.337972 1.61554 0.240874 2.43845 -0.929701 -0.625652 1.2257 -0.120271 -0.125227 0.0228898 2.16819 -1.06268 0.589906 
-0.943765 0.340825 1.61415 0.241557 2.44196 -0.940415 -0.616823 1.23714 -0.0978963 -0.129085 0.0329219 2.16072 -1.05621 0.584891 
-0.952115 0.343677 1.61276 0.242239 2.44546 -0.951129 -0.607995 1.24923 -0.075466 -0.132592 0.0436808 2.15293 -1.049 0.580989 
-0.960466 0.34653 1.61136 0.242922 2.44896 -0.961843 -0.599166 1.262 -0.0529469 -0.135719 0.0550994 2.14483 -1.04109 0.578222 
-0.968816 0.349383 1.60997 0.243604 2.45247 -0.972558 -0.590337 1.27548 -0.0303054 -0.138434 0.0671079 2.13641 -1.03251 0.576607 
-0.977166 0.352236 1.60858 0.244287 2.45597 -0.983272 -0.581508 1.2897 -0.00750812 -0.140703 0.0796343 2.12768 -1.0233 0.576166 
-0.985517 0.355088 1.60718 0.244969 2.45948 -0.993986 -0.57268 1.30471 0.0154772 -0.142486 0.0926045 2.11864 -1.01349 0.576916 
-0.993867 0.357941 1.60579 0.245652 2.46298 -1.0047 -0.563851 1.32053 0.0386813 -0.143741 0.105943 2.10928 -1.00314 0.578874 
-1.00766 0.360933 1.6113 0.255753 2.47194 -0.997115 -0.559158 1.32973 0 -0.159617 0.135353 2.12763 -0.988851 0.550178 
-1.02144 0.363926 1.61682 0.265854 2.48091 -0.98953 -0.554466 1.33937 -0.0379226 -0.176554 0.163561 2.14644 -0.974877 0.519782 
-1.03523 0.366918 1.62233 0.275955 2.48987 -0.981944 -0.549773 1.34943 -0.0753535 -0.194545 0.190584 2.16566 -0.961311 0.487733 
-1.04902 0.369911 1.62785 0.286056 2.49884 -0.974359 -0.54508 1.35988 -0.112182 -0.213577 0.216434 2.18523 -0.948251 0.454083 
-1.06281 0.372903 1.63336 0.296156 2.5078 -0.966774 -0.540387 1.37071 -0.148391 -0.233636 0.241121 2.20506 -0.935789 0.418899 
-1.0766 0.375896 1.63888 0.306257 2.51677 -0.959189 -0.535695 1.38188 -0.183964 -0.254705 0.264648 2.2251 -0.924015 0.382253 
-1.09038 0.378888 1.64439 0.316358 2.52573 -0.951604 -0.531002 1.39339 -0.218887 -0.276766 0.28702 2.24526 -0.913009 0.34423 
-1.10417 0.381881 1.6499 0.326459 2.53469 -0.944018 -0.526309 1.40522 -0.253143 -0.299802 0.308237 2.26547 -0.902845 0.304922 
-1.11796 0.384873 1.65542 0.33656 2.54366 -0.936433 -0.521617 1.41736 -0.286719 -0.323794 0.328298 2.28566 -0.893587 0.264429 
-1.13175 0.387866 1.66093 0.346661 2.55262 -0.928848 -0.516924 1.42981 -0.319599 -0.348723 0.3472 2.30574 -0.885289 0.222856 
-1.14554 0.390858 1.66645 0.356762 2.56159 -0.921263 -0.512231 1.44256 -0.351769 -0.374571 0.364941 2.32564 -0.877994 0.180315 
-1.15932 0.39385 1.67196 0.366862 2.57055 -0.913678 -0.507539 1.45561 -0.383213 -0.401319 0.381514 2.3453 -0.871737 0.136922 
-1.17311 0.396843 1.67747 0.376963 2.57951 -0.906092 -0.502846 1.46896 -0.413915 -0.42895 0.396917 2.36462 -0.86654 0.0927936 
-1.1869 0.399835 1.68299 0.387064 2.58848 -0.898507 -0.498153 1.48263 -0.443859 -0.457443 0.411143 2.38356 -0.862418 0.0480481 
-1.20069 0.402828 1.6885 0.397165 2.59744 -0.890922 -0.49346 1.49661 -0.473027 -0.486779 0.424188 2.40203 -0.859375 0.00280323 
-1.21448 0.40582 1.69402 0.407266 2.60641 -0.883337 -0.488768 1.51092 -0.5014 -0.516936 0.436047 2.41999 -0.857406 -0.0428254 
-1.22826 0.408813 1.69953 0.417367 2.61537 -0.875752 -0.484075 1.52556 -0.52896 -0.547889 0.446717 2.43738 -0.8565 -0.0887254 
-1.24205 0.411805 1.70505 0.427468 2.62434 -0.868166 -0.479382 1.54054 -0.555687 -0.57961 0.456196 2.45416 -0.856638 -0.134789 
-1.25584 0.414798 1.71056 0.437569 2.6333 -0.860581 -0.47469 1.55586 -0.581561 -0.612068 0.464484 2.47029 -0.857794 -0.180915 
-1.26963 0.41779 1.71607 0.44767 2.64226 -0.852996 -0.469997 1.57152 -0.606562 -0.645227 0.471581 2.48575 -0.859936 -0.227007 
-1.28342 0.420783 1.72159 0.45777 2.65123 -0.845411 -0.465304 1.58752 -0.630671 -0.679048 0.477491 2.5005 -0.863028 -0.272977 
-1.2972 0.423775 1.7271 0.467871 2.66019 -0.837826 -0.460612 1.60386 -0.653869 -0.713486 0.482222 2.51455 -0.867029 -0.318746 
-1.31099 0.426767 1.73262 0.477972 2.66916 -0.83024 -0.455919 1.62052 -0.676138 -0.748492 0.485781 2.5279 -0.871895 -0.364243 
-1.32478 0.42976 1.73813 0.488073 2.67812 -0.822655 -0.451226 1.63749 -0.697461 -0.784013 0.48818 2.54056 -0.877578 -0.409405 
-1.33857 0.432752 1.74365 0.498174 2.68709 -0.81507 -0.446533 1.65476 -0.717823 -0.819991 0.489437 2.55254 -0.88403 -0.454179 
-1.35236 0.435745 1.74916 0.508275 2.69605 -0.807485 -0.441841 1.67229 -0.737209 -0.856365 0.489568 2.56387 -0.891198 -0.498521 
-1.36614 0.438737 1.75467 0.518376 2.70501 -0.7999 -0.437148 1.69007 -0.755607 -0.893071 0.488597 2.57459 -0.899029 -0.542395 
-1.37993 0.44173 1.76019 0.528477 2.71398 -0.792314 -0.432455 1.70806 -0.773007 -0.930042 0.486549 2.58474 -0.907472 -0.585775 
-1.39372 0.444722 1.7657 0.538577 2.72294 -0.784729 -0.427763 1.72622 -0.789399 -0.967208 0.483453 2.59438 -0.916472 -0.62864 
-1.40751 0.447715 1.77122 0.548678 2.73191 -0.777144 -0.42307 1.74451 -0.804776 -1.0045 0.479342 2.60354 -0.925978 -0.670978 
-1.4213 0.450707 1.77673 0.558779 2.74087 -0.769559 -0.418377 1.76289 -0.819135 -1.04185 0.474251 2.6123 -0.935937 -0.712783 
-1.43508 0.4537 1.78225 0.56888 2.74984 -0.761973 -0.413685 1.78129 -0.832472 -1.07918 0.468219 2.6207 -0.946299 -0.754055 
-1.44887 0.456692 1.78776 0.578981 2.7588 -0.754388 -0.408992 1.79967 -0.844789 -1.11642 0.461286 2.6288 -0.957016 -0.794797 
-1.46266 0.459684 1.79327 0.589082 2.76776 -0.746803 -0.404299 1.81797 -0.856088 -1.1535 0.453495 2.63667 -0.968041 -0.835018 
-1.47645 0.462677 1.79879 0.599183 2.77673 -0.739218 -0.399606 1.83612 -0.866376 -1.19035 0.444893 2.64436 -0.97933 -0.874729 
-1.49024 0.465669 1.8043 0.609283 2.78569 -0.731633 -0.394914 1.85406 -0.875662 -1.22691 0.435524 2.65192 -0.990844 -0.913942 
-1.50402 0.468662 1.80982 0.619384 2.79466 -0.724047 -0.390221 1.87173 -0.883961 -1.26311 0.425438 2.6594 -1.00254 -0.952671 
-1.51781 0.471654 1.81533 0.629485 2.80362 -0.716462 -0.385528 1.88905 -0.891289 -1.29888 0.414681 2.66686 -1.01439 -0.990933 
-1.5316 0.474647 1.82084 0.639586 2.81258 -0.708877 -0.380836 1.90595 -0.89767 -1.33418 0.403301 2.67432 -1.02637 -1.02874 
-1.54539 0.477639 1.82636 0.649687 2.82155 -0.701292 -0.376143 1.92238 -0.90313 -1.36893 0.391347 2.68183 -1.03843 -1.06611 
-1.55918 0.480632 1.83187 0.659788 2.83051 -0.693707 -0.37145 1.93826 -0.907699 -1.4031 0.378864 2.68941 -1.05057 -1.10304 
-1.57296 0.483624 1.83739 0.669889 2.83948 -0.686121 -0.366757 1.95353 -0.911415 -1.43662 0.365896 2.69709 -1.06275 -1.13957 
-1.58675 0.486616 1.8429 0.67999 2.84844 -0.678536 -0.362065 1.96814 -0.914316 -1.46947 0.352485 2.70488 -1.07497 -1.17568 
-1.60054 0.489609 1.84842 0.690091 2.85741 -0.670951 -0.357372 1.98204 -0.916445 -1.50161 0.338672 2.71279 -1.08721 -1.21139 
-1.61433 0.492601 1.85393 0.700191 2.86637 -0.663366 -0.352679 1.99517 -0.917849 -1.53299 0.324493 2.72084 -1.09946 -1.24671 
-1.62812 0.495594 1.85944 0.710292 2.87533 -0.655781 -0.347987 2.0075 -0.918577 -1.56361 0.309982 2.72901 -1.11171 -1.28164 
-1.6419 0.498586 1.86496 0.720393 2.8843 -0.648195 -0.343294 2.019 -0.918678 -1.59343 0.295169 2.73731 -1.12397 -1.31618 
-1.65569 0.501579 1.87047 0.730494 2.89326 -0.64061 -0.338601 2.02964 -0.918204 -1.62245 0.280083 2.74575 -1.13622 -1.35033 
-1.66948 0.504571 1.87599 0.740595 2.90223 -0.633025 -0.333909 2.03939 -0.917205 -1.65065 0.264746 2.7543 -1.14846 -1.3841 
-1.68327 0.507564 1.8815 0.750696 2.91119 -0.62544 -0.329216 2.04826 -0.915732 -1.67804 0.249181 2.76296 -1.1607 -1.41748 
-1.69706 0.510556 1.88702 0.760797 2.92016 -0.617855 -0.324523 2.05623 -0.913835 -1.70462 0.233406 2.77173 -1.17294 -1.45048 
-1.71084 0.513549 1.89253 0.770898 2.92912 -0.610269 -0.31983 2.0633 -0.911562 -1.73038 0.217436 2.78058 -1.18518 -1.4831 
-1.72463 0.516541 1.89804 0.780998 2.93808 -0.602684 -0.315138 2.06947 -0.908962 -1.75535 0.201284 2.78952 -1.19743 -1.51532 
-1.73842 0.519533 1.90356 0.791099 2.94705 -0.595099 -0.310445 2.07476 -0.90608 -1.77952 0.184961 2.79853 -1.20968 -1.54715 
-1.75221 0.522526 1.90907 0.8012 2.95601 -0.587514 -0.305752 2.07917 -0.902966 -1.80292 0.168475 2.8076 -1.22195 -1.57859 
-1.766 0.525518 1.91459 0.811301 2.96498 -0.579929 -0.30106 2.08272 -0.899664 -1.82555 0.151833 2.81669 -1.23425 -1.60962 
-1.77978 0.528511 1.9201 0.821402 2.97394 -0.572343 -0.296367 2.08544 -0.896223 -1.84743 0.135039 2.82581 -1.24658 -1.64024 
-1.79357 0.531503 1.92561 0.831503 2.9829 -0.564758 -0.291674 2.08735 -0.892694 -1.86857 0.118096 2.83491 -1.25894 -1.67043 
-1.80736 0.534496 1.93113 0.841604 2.99187 -0.557173 -0.286982 2.08849 -0.889127 -1.88898 0.101004 2.84396 -1.27136 -1.70018 
-1.82115 0.537488 1.93664 0.851704 3.00083 -0.549588 -0.282289 2.08888 -0.885577 -1.90867 0.0837613 2.85294 -1.28384 -1.72945 
-1.83494 0.540481 1.94216 0.861805 3.0098 -0.542003 -0.277596 2.08857 -0.882102 -1.92765 0.0663655 2.8618 -1.2964 -1.75823 
-1.84872 0.543473 1.94767 0.871906 3.01876 -0.534417 -0.272903 2.0876 -0.878764 -1.94592 0.0488112 2.87047 -1.30904 -1.78649 
-1.86251 0.546466 1.95319 0.882007 3.02773 -0.526832 -0.268211 2.08603 -0.875628 -1.96347 0.0310913 2.87891 -1.32177 -1.81418 
-1.8763 0.549458 1.9587 0.892108 3.03669 -0.519247 -0.263518 2.08391 -0.872761 -1.9803 0.013197 2.88705 -1.33462 -1.84127 

