0 -4.6 0 0 0 0 
0.141055 -4.59892 0.0755359 -0.000499045 0.00693733 -0.256446 
0.282109 -4.59784 0.151072 -0.000998091 0.0138747 -0.512892 
0.413131 -4.61263 0.221235 -0.0014274 0.0198427 -0.733504 
0.544152 -4.62743 0.291398 -0.00185672 0.0258106 -0.954117 
0.670452 -4.66647 0.359033 -0.00225524 0.0313505 -1.1589 
0.796752 -4.70552 0.426667 -0.00265375 0.0368904 -1.36369 
0.922461 -4.76715 0.493986 -0.00304918 0.0423873 -1.56689 
1.04817 -4.82877 0.561305 -0.00344461 0.0478843 -1.77009 
1.17772 -4.91612 0.630678 -0.0038655 0.0537351 -1.98638 
1.30726 -5.00347 0.700051 -0.00428639 0.059586 -2.20266 
1.44507 -5.11969 0.773848 -0.00476168 0.0661932 -2.4469 
1.58288 -5.2359 0.847646 -0.00523698 0.0728003 -2.69114 
1.72925 -5.37199 0.926026 -0.00576982 0.0802075 -2.96495 
1.87561 -5.50808 1.00441 -0.00630266 0.0876146 -3.23877 
2.03791 -5.67847 1.09132 -0.00694576 0.0965544 -3.56924 
2.20022 -5.84887 1.17823 -0.00758885 0.105494 -3.8997 
2.37757 -6.04375 1.27321 -0.00834239 0.115969 -4.28693 
2.55492 -6.23863 1.36818 -0.00909593 0.126444 -4.67415 
2.75292 -6.46658 1.47421 -0.0100084 0.139128 -5.14302 
2.95093 -6.69452 1.58025 -0.0109208 0.151812 -5.6119 
2.84021 -6.52034 1.45799 -0.224813 0.00747502 -5.45874 
2.73132 -6.34845 1.33823 -0.428368 -0.130024 -5.30813 
2.62971 -6.19165 1.22352 -0.624356 -0.261892 -5.18149 
2.52962 -6.03676 1.1109 -0.812002 -0.388245 -5.05672 
2.43105 -5.88376 1.00037 -0.991436 -0.509172 -4.93381 
2.339 -5.74491 0.893842 -1.16776 -0.62743 -4.83334 
2.339 -5.74491 0.893842 -1.16776 -0.62743 -4.83334 
2.339 -5.74491 0.893842 -1.16776 -0.62743 -4.83334 
2.339 -5.74491 0.893842 -1.16776 -0.62743 -4.83334 
2.339 -5.74491 0.893842 -1.16776 -0.62743 -4.83334 
2.339 -5.74491 0.893842 -1.16776 -0.62743 -4.83334 
2.339 -5.74491 0.893842 -1.16776 -0.62743 -4.83334 
2.339 -5.74491 0.893842 -1.16776 -0.62743 -4.83334 
2.339 -5.74491 0.893842 -1.16776 -0.62743 -4.83334 
2.339 -5.74491 0.893842 -1.16776 -0.62743 -4.83334 
2.339 -5.74491 0.893842 -1.16776 -0.62743 -4.83334 
2.339 -5.74491 0.893842 -1.16776 -0.62743 -4.83334 
2.339 -5.74491 0.893842 -1.16776 -0.62743 -4.83334 
2.339 -5.74491 0.893842 -1.16776 -0.62743 -4.83334 
2.339 -5.74491 0.893842 -1.16776 -0.62743 -4.83334 
2.339 -5.74491 0.893842 -1.16776 -0.62743 -4.83334 
2.339 -5.74491 0.893842 -1.16776 -0.62743 -4.83334 
2.339 -5.74491 0.893842 -1.16776 -0.62743 -4.83334 
2.339 -5.74491 0.893842 -1.16776 -0.62743 -4.83334 
2.339 -5.74491 0.893842 -1.16776 -0.62743 -4.83334 
2.339 -5.74491 0.893842 -1.16776 -0.62743 -4.83334 
2.339 -5.74491 0.893842 -1.16776 -0.62743 -4.83334 
2.339 -5.74491 0.893842 -1.16776 -0.62743 -4.83334 
2.339 -5.74491 0.893842 -1.16776 -0.62743 -4.83334 
2.339 -5.74491 0.893842 -1.16776 -0.62743 -4.83334 
2.339 -5.74491 0.893842 -1.16776 -0.62743 -4.83334 
2.339 -5.74491 0.893842 -1.16776 -0.62743 -4.83334 
2.339 -5.74491 0.893842 -1.16776 -0.62743 -4.83334 
2.339 -5.74491 0.893842 -1.16776 -0.62743 -4.83334 
2.339 -5.74491 0.893842 -1.16776 -0.62743 -4.83334 
2.339 -5.74491 0.893842 -1.16776 -0.62743 -4.83334 
2.339 -5.74491 0.893842 -1.16776 -0.62743 -4.83334 
2.43105 -5.88376 1.00037 -0.991436 -0.509172 -4.93381 
2.52962 -6.03676 1.1109 -0.812002 -0.388245 -5.05672 
2.62971 -6.19165 1.22352 -0.624356 -0.261892 -5.18149 
2.73132 -6.34845 1.33823 -0.428368 -0.130024 -5.30813 
2.84021 -6.52034 1.45799 -0.224813 0.00747502 -5.45874 
2.95093 -6.69452 1.58025 -0.0109208 0.151812 -5.6119 
2.86295 -6.51004 1.46717 -0.00997091 0.138608 -5.12378 
2.77498 -6.32557 1.3541 -0.00902102 0.125403 -4.63566 
2.69802 -6.16516 1.25103 -0.00821539 0.114204 -4.22166 
2.62107 -6.00475 1.14796 -0.00740975 0.103004 -3.80767 
2.55448 -5.86721 1.05332 -0.00671938 0.0934075 -3.45291 
2.4879 -5.72967 0.958685 -0.00602901 0.0838105 -3.09814 
2.43104 -5.61381 0.870893 -0.00542819 0.0754585 -2.7894 
2.37417 -5.49795 0.783101 -0.00482738 0.0671064 -2.48066 
2.33415 -5.42066 0.702684 -0.00431875 0.0600359 -2.21929 
2.29412 -5.34338 0.622267 -0.00381012 0.0529653 -1.95792 
2.26963 -5.30227 0.546064 -0.00335328 0.0466146 -1.72316 
2.24514 -5.26117 0.469861 -0.00289643 0.0402639 -1.4884 
2.23733 -5.25963 0.395062 -0.00245747 0.0341618 -1.26283 
2.22952 -5.25809 0.320264 -0.00201851 0.0280598 -1.03726 
2.23687 -5.29332 0.243183 -0.00155221 0.0215776 -0.797639 
2.24422 -5.32856 0.166102 -0.00108591 0.0150955 -0.55802 
2.27211 -5.41428 0.0830509 -0.000542955 0.00754773 -0.27901 
2.3 -5.5 0 0 0 0 
