144
0 -0.1 0 -1 -1.5 -1.4 -0.5 1.61661 0.494671 -1.15783 0.499994 0.968899 -0.318459 2.78032 
0.00556654 -0.109292 0.020034 -0.953289 -1.54717 -1.32421 -0.528145 1.56223 0.48511 -1.15958 0.462288 1.00146 -0.329601 2.61532 
-0.00792181 -0.119978 0.0359305 -0.905882 -1.59634 -1.26513 -0.551929 1.51673 0.468937 -1.16339 0.427119 1.03241 -0.331307 2.44594 
-0.0127739 -0.129282 0.00875485 -0.907075 -1.59233 -1.22139 -0.567329 1.44372 0.538347 -1.2346 0.356097 1.02016 -0.299171 2.40678 
-0.0121671 -0.13796 0.0538553 -0.874823 -1.58027 -1.15825 -0.644474 1.40541 0.491042 -1.28018 0.329972 1.06134 -0.297605 2.27446 
0.00374137 -0.148403 0.105647 -0.845807 -1.56004 -1.07212 -0.730322 1.36509 0.447714 -1.32519 0.286196 1.09938 -0.312527 2.14675 
0.0134968 -0.163033 0.157253 -0.82205 -1.53531 -0.98303 -0.81811 1.3244 0.40431 -1.36737 0.244529 1.13402 -0.323811 2.01816 
0.0400065 -0.179961 0.214009 -0.805814 -1.50345 -0.871367 -0.920859 1.28246 0.366693 -1.4098 0.182391 1.16023 -0.349 1.89289 
0.0584504 -0.201324 0.267493 -0.800624 -1.46733 -0.753585 -1.02777 1.2385 0.331347 -1.44994 0.125627 1.1791 -0.368413 1.76562 
0.100368 -0.224257 0.321339 -0.811756 -1.42824 -0.609154 -1.15993 1.19285 0.307095 -1.49378 0.0417968 1.17764 -0.401595 1.63955 
0.13119 -0.250426 0.362316 -0.84544 -1.39076 -0.454831 -1.29818 1.14008 0.288589 -1.53708 -0.0295449 1.16041 -0.426213 1.50936 
0.196481 -0.273234 0.386536 -0.907349 -1.37124 -0.277503 -1.47025 1.08435 0.289201 -1.59006 -0.135464 1.10055 -0.463857 1.37557 
0.239558 -0.292343 0.376641 -0.998345 -1.37823 -0.10172 -1.63764 1.01255 0.298746 -1.64108 -0.210277 1.01643 -0.487825 1.2332 
0.311495 -0.299272 0.333602 -1.08966 -1.44463 0.035295 -1.81677 0.948023 0.324183 -1.70096 -0.31554 0.887799 -0.513507 1.0769 
0.330396 -0.302225 0.265716 -1.17881 -1.53926 0.129713 -1.97396 0.872883 0.348677 -1.74724 -0.365604 0.760821 -0.502819 0.90624 
0.382614 -0.307784 0.184314 -1.24813 -1.68217 0.112592 -2.15156 0.841711 0.36942 -1.80683 -0.454432 0.604426 -0.461273 0.709786 
0.35124 -0.32913 0.112131 -1.31436 -1.79949 0.0614658 -2.31147 0.804117 0.380917 -1.82926 -0.462378 0.493798 -0.354355 0.510126 
0.373644 -0.380378 0.0658873 -1.36344 -1.91026 -0.129205 -2.47925 0.837838 0.368821 -1.85332 -0.519054 0.400992 -0.218522 0.298819 
0.288683 -0.446031 0.0509972 -1.39451 -1.958 -0.28692 -2.61356 0.844744 0.350387 -1.8331 -0.483599 0.38527 -0.034248 0.114417 
0.269831 -0.527968 0.0736276 -1.39405 -1.98116 -0.564853 -2.73838 0.911416 0.308262 -1.82044 -0.509494 0.392584 0.140118 -0.0739184 
0.121271 -0.601958 0.113265 -1.3797 -1.95713 -0.757055 -2.81701 0.940972 0.264199 -1.79326 -0.429542 0.447533 0.36306 -0.212296 
0.0976947 -0.628874 0.170581 -1.33611 -1.93071 -0.667437 -2.83683 0.902431 0.173534 -1.80099 -0.452692 0.543271 0.299034 -0.323135 
0.0773081 -0.662053 0.228928 -1.29497 -1.90375 -0.579157 -2.86083 0.864551 0.0823919 -1.80219 -0.481869 0.640819 0.240366 -0.43351 
0.0559922 -0.701272 0.287687 -1.25552 -1.87698 -0.501453 -2.8893 0.830457 -0.00624073 -1.79829 -0.514441 0.736465 0.197782 -0.543807 
0.0369012 -0.74438 0.347507 -1.21723 -1.84956 -0.421108 -2.91947 0.798241 -0.0940996 -1.7899 -0.553139 0.83196 0.164081 -0.652745 
0.0192291 -0.790142 0.408591 -1.17963 -1.8206 -0.336382 -2.94948 0.768298 -0.181082 -1.77767 -0.597236 0.927088 0.142058 -0.759459 
-0.00435022 -0.837027 0.469984 -1.14119 -1.78999 -0.259462 -2.97691 0.743613 -0.264637 -1.76503 -0.638461 1.01928 0.140857 -0.863587 
-0.0314299 -0.883712 0.53268 -1.10217 -1.75519 -0.179503 -2.99842 0.722053 -0.348079 -1.75087 -0.678054 1.11248 0.153826 -0.964204 
-0.0646159 -0.92919 0.596589 -1.06239 -1.71488 -0.0993761 -3.01138 0.704216 -0.431793 -1.73597 -0.7116 1.20762 0.180654 -1.06057 
-0.111519 -0.972346 0.659894 -1.02061 -1.67099 -0.037463 -3.01642 0.692749 -0.512043 -1.72503 -0.729129 1.30068 0.22108 -1.1533 
-0.167505 -1.01325 0.723719 -0.977638 -1.62172 0.0163136 -3.01302 0.685739 -0.591987 -1.71568 -0.734773 1.39482 0.267879 -1.24202 
-0.232514 -1.05161 0.787711 -0.933531 -1.56788 0.059123 -3.00261 0.683417 -0.670746 -1.70871 -0.727877 1.48882 0.317902 -1.32666 
-0.309377 -1.08662 0.849443 -0.8881 -1.515 0.0771007 -2.99152 0.686581 -0.742896 -1.70882 -0.706151 1.57534 0.369001 -1.40931 
-0.392523 -1.11889 0.910429 -0.842087 -1.46063 0.0838788 -2.97803 0.693556 -0.812348 -1.71208 -0.675644 1.65888 0.419277 -1.48937 
-0.48067 -1.1483 0.970337 -0.795725 -1.4059 0.0799805 -2.96342 0.704043 -0.878675 -1.71834 -0.637958 1.73876 0.468166 -1.56709 
-0.57491 -1.17464 1.02652 -0.749952 -1.35701 0.0565147 -2.95382 0.717267 -0.937273 -1.73158 -0.594087 1.8079 0.515517 -1.64526 
-0.671425 -1.19849 1.08103 -0.70448 -1.30968 0.0257285 -2.9447 0.732702 -0.992954 -1.74714 -0.546918 1.87267 0.561709 -1.72219 
-0.769095 -1.21993 1.13361 -0.659463 -1.26455 -0.0113113 -2.93635 0.750001 -1.04586 -1.76459 -0.497538 1.93285 0.606922 -1.79778 
-0.86853 -1.23933 1.18152 -0.617015 -1.2272 -0.061032 -2.93417 0.767507 -1.09168 -1.78778 -0.447927 1.98147 0.650815 -1.87452 
-0.966763 -1.2567 1.22697 -0.575758 -1.19271 -0.113657 -2.93262 0.785792 -1.13525 -1.81197 -0.398472 2.02509 0.693935 -1.94961 
-1.062 -1.272 1.26934 -0.536116 -1.1617 -0.167677 -2.93157 0.80439 -1.17655 -1.83657 -0.350266 2.06312 0.73594 -2.02192 
-1.15302 -1.28515 1.30529 -0.501603 -1.13899 -0.227113 -2.93593 0.820813 -1.21034 -1.86498 -0.306495 2.08849 0.774609 -2.09225 
-1.23367 -1.29555 1.33829 -0.467675 -1.117 -0.276867 -2.93486 0.837589 -1.24583 -1.88769 -0.265568 2.11295 0.811225 -2.15297 
-1.30001 -1.30258 1.36116 -0.442658 -1.10481 -0.323727 -2.93864 0.849289 -1.27052 -1.9112 -0.234431 2.12333 0.839294 -2.20413 
-1.349 -1.30588 1.3732 -0.427942 -1.10162 -0.364356 -2.94681 0.854734 -1.28276 -1.93426 -0.214632 2.12119 0.856263 -2.24357 
-1.37964 -1.3066 1.3798 -0.417057 -1.09958 -0.388141 -2.94975 0.857732 -1.29311 -1.94867 -0.201697 2.11973 0.866608 -2.26742 
-1.39767 -1.3048 1.37874 -0.415169 -1.10332 -0.407551 -2.9577 0.855512 -1.29152 -1.96379 -0.197524 2.11063 0.867291 -2.28351 
-1.40831 -1.30176 1.37485 -0.416475 -1.1081 -0.421684 -2.96551 0.851259 -1.28619 -1.97688 -0.19716 2.10072 0.863868 -2.29414 
-1.41489 -1.29792 1.36965 -0.419509 -1.11309 -0.432866 -2.97316 0.845905 -1.27867 -1.98892 -0.198909 2.09066 0.858253 -2.30193 
-1.42046 -1.29239 1.36223 -0.426219 -1.12043 -0.447945 -2.98451 0.838423 -1.26457 -2.00451 -0.203307 2.07598 0.848944 -2.31075 
-1.42513 -1.28606 1.35498 -0.43296 -1.12713 -0.462518 -2.99494 0.83071 -1.25022 -2.01971 -0.208116 2.06152 0.83939 -2.31904 
-1.42951 -1.27816 1.34841 -0.43899 -1.13305 -0.478122 -3.00409 0.823017 -1.23725 -2.03525 -0.213007 2.04677 0.831946 -2.32668 
-1.41958 -1.33172 1.26797 -0.434325 -1.13483 -0.48304 -2.94253 0.825164 -1.23382 -2.03231 -0.253265 1.94123 0.781979 -2.28404 
-1.41173 -1.38331 1.18866 -0.434889 -1.13946 -0.494754 -2.88685 0.827063 -1.22625 -2.03245 -0.295336 1.83066 0.73089 -2.24322 
-1.40396 -1.43655 1.11303 -0.436008 -1.14307 -0.500883 -2.83017 0.831509 -1.22416 -2.02855 -0.336315 1.72501 0.681623 -2.2004 
-1.39942 -1.48655 1.03778 -0.443559 -1.14842 -0.513726 -2.77903 0.835162 -1.21768 -2.02843 -0.376903 1.61332 0.631841 -2.15955 
-1.39822 -1.52047 0.977636 -0.442381 -1.22134 -0.520616 -2.7014 0.811624 -1.18094 -2.01785 -0.384565 1.52648 0.605027 -2.15488 
-1.39737 -1.55 0.918133 -0.446269 -1.29383 -0.5358 -2.62927 0.787568 -1.13839 -2.01149 -0.391781 1.43544 0.578494 -2.15206 
-1.39476 -1.58054 0.861482 -0.449382 -1.36387 -0.54742 -2.5563 0.765204 -1.10127 -2.00232 -0.398821 1.35108 0.553123 -2.14703 
-1.39208 -1.60651 0.806124 -0.457589 -1.43208 -0.565641 -2.48896 0.742493 -1.05861 -1.99745 -0.404806 1.26221 0.529776 -2.14445 
-1.38828 -1.63097 0.753072 -0.467709 -1.49747 -0.584227 -2.42394 0.720431 -1.01642 -1.99329 -0.410352 1.17445 0.508791 -2.14253 
-1.36517 -1.71291 0.725619 -0.383454 -1.56161 -0.527533 -2.26354 0.715836 -1.13895 -1.90179 -0.435531 1.23368 0.467232 -2.07048 
-1.33726 -1.77081 0.707709 -0.299826 -1.61027 -0.500722 -2.09395 0.709465 -1.26167 -1.81067 -0.442069 1.29725 0.43113 -1.98157 
-1.30723 -1.8062 0.692054 -0.230535 -1.64882 -0.510237 -1.9285 0.701873 -1.36875 -1.7276 -0.426663 1.3558 0.392367 -1.88159 
-1.27788 -1.82469 0.673364 -0.175583 -1.68116 -0.556231 -1.76598 0.695109 -1.46634 -1.65075 -0.387972 1.4155 0.346542 -1.76849 
-1.25258 -1.83156 0.648178 -0.140206 -1.71629 -0.630819 -1.62172 0.690752 -1.53741 -1.58934 -0.334581 1.46346 0.287972 -1.65537 
-1.23291 -1.82984 0.615862 -0.119159 -1.75446 -0.72855 -1.49349 0.689087 -1.58923 -1.54012 -0.270414 1.50482 0.218246 -1.54228 
-1.2183 -1.8232 0.578749 -0.109722 -1.79628 -0.838186 -1.38488 0.689339 -1.62071 -1.50258 -0.202651 1.53696 0.140712 -1.43508 
-1.21049 -1.80901 0.534862 -0.107793 -1.83753 -0.96701 -1.28757 0.691251 -1.64487 -1.47176 -0.126662 1.57079 0.0573467 -1.32545 
-1.20676 -1.79181 0.489249 -0.111994 -1.87877 -1.1007 -1.20604 0.693794 -1.65802 -1.44805 -0.0495676 1.60048 -0.0265969 -1.22078 
-1.20865 -1.76958 0.440573 -0.120147 -1.91806 -1.24442 -1.13528 0.69656 -1.66782 -1.42944 0.0320074 1.63221 -0.109547 -1.11546 
-1.2171 -1.74167 0.38911 -0.130885 -1.95579 -1.39797 -1.07396 0.699031 -1.67748 -1.41594 0.118404 1.66765 -0.189509 -1.00806 
-1.23357 -1.70696 0.334889 -0.143279 -1.99382 -1.56131 -1.02121 0.700582 -1.68979 -1.40837 0.209815 1.70808 -0.265033 -0.897171 
-1.25925 -1.62099 0.418173 -0.133373 -1.91332 -1.52455 -1.1192 0.734061 -1.71358 -1.44682 0.196564 1.83369 -0.166568 -0.969668 
-1.26347 -1.63669 0.482913 -0.126441 -1.85147 -1.38471 -1.20459 0.730326 -1.71006 -1.48276 0.11728 1.8313 -0.0447393 -1.11599 
-1.26781 -1.65578 0.541427 -0.123175 -1.79379 -1.2537 -1.28847 0.72606 -1.70513 -1.51633 0.0441912 1.82653 0.0702461 -1.25004 
-1.27312 -1.67485 0.595644 -0.123879 -1.73949 -1.12932 -1.37497 0.721992 -1.69669 -1.54849 -0.0244165 1.82049 0.178163 -1.37652 
-1.28032 -1.6915 0.645852 -0.129331 -1.68832 -1.01114 -1.46741 0.717984 -1.68252 -1.58037 -0.0895944 1.81257 0.27809 -1.49882 
-1.28976 -1.70625 0.691802 -0.14161 -1.64052 -0.89637 -1.57185 0.712191 -1.65693 -1.614 -0.155828 1.79647 0.36995 -1.62338 
-1.30359 -1.71114 0.732224 -0.160716 -1.59674 -0.794814 -1.68472 0.706816 -1.62334 -1.64978 -0.215353 1.77989 0.448664 -1.74333 
-1.32162 -1.70803 0.766891 -0.190934 -1.5574 -0.703926 -1.81477 0.698942 -1.57223 -1.69171 -0.274825 1.75165 0.514973 -1.86674 
-1.344 -1.69172 0.796012 -0.233282 -1.52244 -0.632533 -1.95849 0.690277 -1.50527 -1.74099 -0.327587 1.71507 0.566232 -1.98754 
-1.36975 -1.65869 0.820706 -0.290969 -1.49099 -0.5869 -2.11759 0.680358 -1.41761 -1.80149 -0.372257 1.66517 0.602441 -2.10537 
-1.39556 -1.60689 0.845986 -0.35746 -1.45953 -0.572035 -2.2772 0.672585 -1.32218 -1.8685 -0.397512 1.61358 0.627383 -2.20776 
-1.41944 -1.53304 0.874721 -0.432567 -1.42577 -0.591483 -2.43753 0.665336 -1.2131 -1.94606 -0.404787 1.55363 0.644944 -2.29645 
-1.43815 -1.43934 0.911325 -0.505517 -1.38801 -0.642096 -2.58495 0.660005 -1.10044 -2.03004 -0.390983 1.49294 0.663241 -2.36432 
-1.43779 -1.41417 0.972895 -0.492492 -1.35945 -0.620593 -2.64454 0.681295 -1.11829 -2.03454 -0.363773 1.57148 0.68444 -2.35822 
-1.43723 -1.38841 1.03803 -0.479626 -1.32858 -0.595811 -2.70791 0.704707 -1.13436 -2.03902 -0.334604 1.65166 0.70492 -2.35503 
-1.43727 -1.35894 1.10569 -0.469535 -1.29635 -0.573323 -2.77788 0.729192 -1.14351 -2.04689 -0.304243 1.72803 0.723485 -2.35676 
-1.43666 -1.33179 1.17735 -0.457008 -1.26181 -0.542506 -2.84926 0.75694 -1.15505 -2.0513 -0.27203 1.81042 0.741892 -2.3593 
-1.43714 -1.3014 1.25087 -0.44724 -1.22704 -0.51426 -2.92754 0.785541 -1.15915 -2.05895 -0.239537 1.88853 0.757213 -2.36716 
-1.43794 -1.2708 1.32701 -0.437492 -1.19135 -0.482728 -3.01009 0.815932 -1.16049 -2.06641 -0.20666 1.96687 0.770956 -2.37835 
-1.43283 -1.29636 1.32942 -0.408849 -1.23117 -0.432064 -2.98207 0.836503 -1.14857 -2.03144 -0.177489 1.94996 0.744164 -2.39399 
-1.42488 -1.32316 1.335 -0.377226 -1.26635 -0.374283 -2.9486 0.856912 -1.14455 -1.99226 -0.147559 1.94245 0.718805 -2.40763 
-1.41607 -1.34658 1.34056 -0.347109 -1.3013 -0.322391 -2.91635 0.87489 -1.13834 -1.95554 -0.118371 1.93457 0.690513 -2.42374 
-1.40557 -1.36846 1.34741 -0.316419 -1.33375 -0.270104 -2.88201 0.891508 -1.13481 -1.91832 -0.0896528 1.93116 0.662047 -2.43966 
-1.39345 -1.38838 1.35544 -0.285315 -1.36358 -0.21758 -2.84563 0.906734 -1.1339 -1.88084 -0.0616678 1.93226 0.633781 -2.45524 
-1.3798 -1.4059 1.36452 -0.253984 -1.39066 -0.165004 -2.80731 0.920546 -1.13551 -1.84331 -0.0346415 1.93787 0.606085 -2.47035 
-1.36616 -1.42076 1.37273 -0.224814 -1.41907 -0.118564 -2.77204 0.932421 -1.13313 -1.80843 -0.00916018 1.94177 0.575822 -2.48805 
-1.35135 -1.4335 1.38154 -0.195689 -1.44531 -0.072276 -2.73536 0.942968 -1.13251 -1.77367 0.0149784 1.94936 0.546439 -2.50499 
-1.33547 -1.44393 1.39084 -0.166799 -1.46942 -0.0262745 -2.6974 0.952167 -1.13347 -1.73918 0.0376282 1.96047 0.518199 -2.52112 
-1.32008 -1.45309 1.39882 -0.140212 -1.4966 0.0137923 -2.66362 0.959975 -1.129 -1.70711 0.0586021 1.96849 0.486945 -2.54006 
-1.30246 -1.45897 1.40857 -0.11223 -1.51691 0.058905 -2.62356 0.966459 -1.13231 -1.67347 0.0778258 1.98567 0.461403 -2.55421 
-1.28553 -1.46408 1.41686 -0.0865247 -1.54118 0.0982407 -2.58817 0.971849 -1.12961 -1.64215 0.0954698 1.99919 0.432617 -2.57151 
-1.26935 -1.46943 1.42359 -0.062713 -1.57035 0.132055 -2.55755 0.976533 -1.12039 -1.61277 0.111608 2.00855 0.399785 -2.59175 
-1.25129 -1.47133 1.43152 -0.0380295 -1.59264 0.170445 -2.52068 0.979614 -1.11843 -1.58232 0.125446 2.02613 0.37328 -2.60664 
-1.23408 -1.47388 1.43788 -0.0148986 -1.62062 0.203489 -2.48877 0.982373 -1.10961 -1.55359 0.138002 2.03926 0.342194 -2.62465 
-1.21647 -1.47525 1.44388 0.00792985 -1.64829 0.236099 -2.45617 0.98424 -1.10073 -1.5252 0.148652 2.05389 0.311838 -2.64132 
-1.19849 -1.47549 1.44944 0.0304555 -1.67579 0.268297 -2.42289 0.985234 -1.09172 -1.49722 0.157361 2.06986 0.282203 -2.65668 
-1.18145 -1.47725 1.45351 0.0525341 -1.71036 0.295332 -2.39437 0.986832 -1.07539 -1.47023 0.165213 2.08121 0.24636 -2.67469 
-1.16412 -1.47833 1.45705 0.0747624 -1.74527 0.321864 -2.36484 0.987948 -1.05867 -1.44339 0.171149 2.09359 0.210511 -2.69074 
-1.14652 -1.47881 1.45998 0.0971782 -1.78066 0.347959 -2.33423 0.988607 -1.04154 -1.41674 0.17513 2.10685 0.174643 -2.7048 
-1.12988 -1.48104 1.46174 0.120273 -1.82412 0.368582 -2.30785 0.990984 -1.01687 -1.39009 0.178856 2.11593 0.130775 -2.72047 
-1.11301 -1.48295 1.46295 0.143939 -1.86848 0.388553 -2.27989 0.993388 -0.991613 -1.36325 0.180744 2.12582 0.0861545 -2.73329 
-1.09591 -1.48468 1.46355 0.1682 -1.91388 0.408013 -2.25026 0.99584 -0.965776 -1.33625 0.180768 2.13633 0.0408105 -2.74325 
-1.07973 -1.48793 1.46368 0.193865 -1.96821 0.421333 -2.22409 1.00123 -0.932268 -1.30776 0.181298 2.14371 -0.0142747 -2.7534 
-1.06327 -1.49117 1.46348 0.220252 -2.02405 0.433927 -2.19568 1.00719 -0.898042 -1.27848 0.18016 2.15193 -0.0707078 -2.75976 
-1.0465 -1.49458 1.46295 0.247338 -2.08157 0.446047 -2.16496 1.01372 -0.863139 -1.24842 0.177324 2.16086 -0.128398 -2.76239 
-1.03046 -1.49878 1.46321 0.275823 -2.14903 0.451315 -2.13682 1.02432 -0.820522 -1.21458 0.175634 2.1686 -0.197414 -2.76384 
-1.01394 -1.50301 1.46376 0.304777 -2.21878 0.456077 -2.10589 1.03594 -0.777201 -1.17899 0.172279 2.17782 -0.268176 -2.76084 
-0.996875 -1.50732 1.46468 0.334157 -2.29105 0.460778 -2.07213 1.04853 -0.733318 -1.14167 0.167101 2.18853 -0.340544 -2.75359 
-0.980117 -1.51048 1.46844 0.364182 -2.3745 0.458507 -2.04007 1.06585 -0.682214 -1.09747 0.162503 2.20152 -0.425693 -2.7444 
-0.962538 -1.51268 1.47358 0.394254 -2.46105 0.456843 -2.00483 1.08426 -0.631099 -1.0505 0.155139 2.21759 -0.512746 -2.73076 
-0.944116 -1.51369 1.48015 0.424538 -2.55076 0.456737 -1.96643 1.10355 -0.580496 -1.00112 0.144426 2.23685 -0.601387 -2.71297 
-0.92566 -1.50941 1.4921 0.455118 -2.6524 0.452157 -1.92861 1.12685 -0.525308 -0.942755 0.130378 2.26324 -0.703581 -2.69365 
-0.906449 -1.50232 1.50607 0.486579 -2.75685 0.452014 -1.88723 1.15019 -0.472943 -0.882918 0.110466 2.29415 -0.806465 -2.67028 
-0.891923 -1.55124 1.41987 0.500633 -2.67467 0.56998 -1.80829 1.02811 -0.530969 -0.977999 0.0373699 2.2164 -0.598454 -2.63918 
-0.890208 -1.54638 1.30949 0.495096 -2.56692 0.690048 -1.74339 0.873446 -0.609264 -1.06357 -0.0299239 2.18966 -0.398525 -2.59112 
-0.861481 -1.52292 1.25612 0.486658 -2.47934 0.770589 -1.66149 0.757077 -0.672051 -1.08551 -0.125085 2.19487 -0.236457 -2.54846 
-0.844294 -1.46343 1.1926 0.453353 -2.37377 0.83979 -1.57199 0.629475 -0.731062 -1.08982 -0.194302 2.24681 -0.102693 -2.48228 
-0.813198 -1.40831 1.17285 0.43447 -2.29426 0.869614 -1.47205 0.540441 -0.760546 -1.05634 -0.269235 2.31112 -0.00626625 -2.42276 
-0.804049 -1.32651 1.14853 0.400479 -2.20436 0.874553 -1.36093 0.448265 -0.776583 -1.0176 -0.315378 2.407 0.055191 -2.34418 
-0.792979 -1.2543 1.14892 0.39398 -2.1478 0.852123 -1.25387 0.386368 -0.770284 -0.965643 -0.362138 2.49516 0.0878374 -2.28082 
-0.807983 -1.16184 1.14317 0.3855 -2.094 0.803712 -1.13972 0.326255 -0.753952 -0.919091 -0.386171 2.59755 0.088791 -2.20672 
-0.818934 -1.0917 1.13976 0.404879 -2.08413 0.761045 -1.04135 0.284333 -0.730983 -0.874187 -0.41014 2.67117 0.0753215 -2.15919 
-0.845275 -1.0133 1.12878 0.427197 -2.08326 0.705057 -0.939091 0.243955 -0.704758 -0.836577 -0.422486 2.74542 0.0457486 -2.10744 
-0.863345 -0.959524 1.11132 0.461964 -2.11385 0.672501 -0.848298 0.207573 -0.680159 -0.802024 -0.437467 2.79377 0.0172636 -2.07741 
-0.888076 -0.904748 1.08828 0.498443 -2.15215 0.635302 -0.754123 0.171142 -0.654601 -0.77168 -0.447759 2.83911 -0.0168064 -2.04567 
-0.90037 -0.876981 1.0573 0.537042 -2.21192 0.633931 -0.668761 0.129098 -0.634519 -0.741804 -0.46388 2.86297 -0.0397335 -2.03461 
-0.914966 -0.850528 1.02338 0.575978 -2.27617 0.631824 -0.580768 0.0853459 -0.61462 -0.712658 -0.479358 2.88493 -0.0622449 -2.02323 
-0.915552 -0.848441 0.981455 0.612517 -2.35283 0.66939 -0.500835 0.0300547 -0.602724 -0.681355 -0.503234 2.89134 -0.0681313 -2.03064 
-0.918382 -0.847518 0.935429 0.648154 -2.43127 0.708021 -0.420495 -0.0280071 -0.59336 -0.649382 -0.527952 2.89765 -0.0724149 -2.03826 
-0.896578 -0.878442 0.87643 0.677519 -2.51543 0.812135 -0.358654 -0.106738 -0.598005 -0.610475 -0.570088 2.88381 -0.0452995 -2.07271 
-0.9 -0.9 0.8 0.7 -2.6 0.9 -0.3 -0.176201 -0.610284 -0.57566 -0.603606 2.87572 -0.0423817 -2.10024 
