-0.228674 -5.79388 0.376973 -12.1839 0.804729 7.27214 
-0.237679 -5.74946 0.288125 -12.0941 0.78927 7.11148 
-0.246683 -5.70504 0.199277 -12.0044 0.773812 6.95082 
-0.255687 -5.66062 0.110429 -11.9146 0.758354 6.79016 
-0.264691 -5.6162 0.0215808 -11.8248 0.742895 6.6295 
-0.273404 -5.58019 -0.0617371 -11.7632 0.730389 6.49791 
-0.282117 -5.54418 -0.145055 -11.7017 0.717883 6.36633 
-0.273404 -5.58019 -0.0617371 -11.7632 0.730389 6.49791 
-0.264691 -5.6162 0.0215808 -11.8248 0.742895 6.6295 
-0.255687 -5.66062 0.110429 -11.9146 0.758354 6.79016 
-0.246683 -5.70504 0.199277 -12.0044 0.773812 6.95082 
-0.237679 -5.74946 0.288125 -12.0941 0.78927 7.11148 
-0.228674 -5.79388 0.376973 -12.1839 0.804729 7.27214 
-0.237679 -5.74946 0.288125 -12.0941 0.78927 7.11148 
-0.246683 -5.70504 0.199277 -12.0044 0.773812 6.95082 
-0.255687 -5.66062 0.110429 -11.9146 0.758354 6.79016 
-0.264691 -5.6162 0.0215808 -11.8248 0.742895 6.6295 
-0.273404 -5.58019 -0.0617371 -11.7632 0.730389 6.49791 
-0.282117 -5.54418 -0.145055 -11.7017 0.717883 6.36633 
-0.290829 -5.50817 -0.228373 -11.6402 0.705377 6.23474 
-0.299542 -5.47216 -0.31169 -11.5786 0.69287 6.10315 
-0.308167 -5.44466 -0.391074 -11.5467 0.683032 5.99723 
-0.316792 -5.41715 -0.470457 -11.5149 0.673194 5.89131 
-0.325418 -5.38964 -0.54984 -11.4831 0.663356 5.78539 
-0.334043 -5.36213 -0.629223 -11.4513 0.653518 5.67947 
-0.351525 -5.3243 -0.783313 -11.4506 0.638712 5.51319 
-0.360266 -5.30538 -0.860357 -11.4503 0.631309 5.43005 
-0.369008 -5.28646 -0.937402 -11.45 0.623906 5.34691 
-0.387132 -5.26599 -1.09001 -11.5167 0.613599 5.22139 
-0.405255 -5.24552 -1.24261 -11.5835 0.603292 5.09587 
-0.424427 -5.24259 -1.39692 -11.7231 0.597204 5.00717 
-0.443599 -5.23965 -1.55123 -11.8627 0.591116 4.91848 
-0.464228 -5.25444 -1.71044 -12.0819 0.589054 4.86345 
-0.484857 -5.26923 -1.86964 -12.3011 0.586992 4.80843 
-0.506759 -5.29597 -2.03448 -12.5795 0.587527 4.77399 
-0.528662 -5.32271 -2.19932 -12.8579 0.588063 4.73955 
-0.506759 -5.29597 -2.03448 -12.5795 0.587527 4.77399 
-0.495808 -5.2826 -1.95206 -12.4403 0.58726 4.79121 
-0.484857 -5.26923 -1.86964 -12.3011 0.586992 4.80843 
-0.492158 -5.27814 -1.92459 -12.3939 0.58717 4.79695 
-0.499458 -5.28706 -1.97953 -12.4867 0.587349 4.78547 
-0.506759 -5.29597 -2.03448 -12.5795 0.587527 4.77399 
-0.528662 -5.32271 -2.19932 -12.8579 0.588063 4.73955 
-0.540704 -5.3451 -2.28702 -13.0449 0.590267 4.73715 
-0.552746 -5.36749 -2.37473 -13.2319 0.592472 4.73475 
-0.564788 -5.38988 -2.46244 -13.4189 0.594677 4.73235 
-0.57683 -5.41227 -2.55014 -13.6059 0.596881 4.72994 
-0.590167 -5.44377 -2.64473 -13.8466 0.601029 4.74159 
-0.603504 -5.47527 -2.73931 -14.0872 0.605178 4.75324 
-0.616842 -5.50677 -2.8339 -14.3278 0.609326 4.76488 
-0.630179 -5.53827 -2.92848 -14.5685 0.613475 4.77653 
-0.644288 -5.57296 -3.02802 -14.8366 0.618267 4.79141 
-0.658396 -5.60764 -3.12756 -15.1047 0.623058 4.80629 
-0.672505 -5.64233 -3.2271 -15.3728 0.627849 4.82117 
-0.686614 -5.67702 -3.32664 -15.6409 0.63264 4.83605 
-0.697095 -5.70631 -3.39924 -15.863 0.637177 4.85475 
-0.707575 -5.7356 -3.47185 -16.085 0.641713 4.87346 
-0.718056 -5.76489 -3.54445 -16.3071 0.64625 4.89216 
-0.728537 -5.79418 -3.61705 -16.5292 0.650786 4.91086 
-0.739018 -5.82348 -3.68966 -16.7513 0.655323 4.92957 
-0.749499 -5.85277 -3.76226 -16.9734 0.659859 4.94827 
-0.758063 -5.87789 -3.82113 -17.1677 0.663963 4.96615 
-0.766628 -5.90302 -3.88001 -17.362 0.668067 4.98404 
-0.775192 -5.92814 -3.93888 -17.5562 0.67217 5.00192 
-0.783756 -5.95327 -3.99776 -17.7505 0.676274 5.0198 
-0.79232 -5.97839 -4.05663 -17.9447 0.680378 5.03768 
-0.800884 -6.00352 -4.1155 -18.139 0.684481 5.05556 
-0.809449 -6.02865 -4.17438 -18.3332 0.688584 5.07345 
-0.818013 -6.05377 -4.23325 -18.5275 0.692688 5.09133 
-0.801355 -5.97089 -4.21821 -18.3289 0.711886 5.074 
-0.784697 -5.88801 -4.20318 -18.1303 0.731084 5.05667 
-0.768038 -5.80513 -4.18815 -17.9317 0.750283 5.03934 
-0.75138 -5.72225 -4.17311 -17.7331 0.769481 5.02201 
-0.730278 -5.61819 -4.15571 -17.499 0.793932 5.00413 
-0.709177 -5.51414 -4.13832 -17.2649 0.818383 4.98626 
-0.688075 -5.41008 -4.12092 -17.0308 0.842834 4.96838 
-0.667537 -5.30844 -4.10335 -16.8027 0.86527 4.94901 
-0.646999 -5.20681 -4.08577 -16.5745 0.887707 4.92964 
-0.626461 -5.10517 -4.0682 -16.3464 0.910143 4.91027 
-0.607296 -5.01281 -4.05619 -16.169 0.933398 4.90334 
-0.58813 -4.92045 -4.04417 -15.9917 0.956652 4.89641 
-0.568965 -4.82809 -4.03216 -15.8143 0.979907 4.88948 
-0.550223 -4.73755 -4.02001 -15.6407 1.00169 4.88134 
-0.53148 -4.647 -4.00787 -15.4671 1.02347 4.87319 
-0.512738 -4.55646 -3.99572 -15.2935 1.04525 4.86505 
-0.48576 -4.42806 -3.98163 -15.0712 1.07818 4.86166 
-0.458781 -4.29966 -3.96755 -14.8489 1.11112 4.85827 
-0.432779 -4.17799 -3.95765 -14.6627 1.14485 4.86403 
-0.406777 -4.05632 -3.94775 -14.4765 1.17858 4.8698 
-0.381198 -3.93646 -3.93772 -14.2935 1.21087 4.87425 
-0.355619 -3.8166 -3.92769 -14.1105 1.24316 4.87871 
-0.330805 -3.70258 -3.92191 -13.9614 1.27697 4.89284 
-0.305991 -3.58855 -3.91613 -13.8123 1.31077 4.90697 
-0.257576 -3.37078 -3.91317 -13.5794 1.38244 4.95541 
-0.210058 -3.16195 -3.9189 -13.4093 1.45924 5.02501 
-0.16275 -2.95403 -3.92456 -13.2403 1.5353 5.09383 
-0.139203 -2.85053 -3.92736 -13.1563 1.57296 5.12786 
-0.115655 -2.74702 -3.93016 -13.0724 1.61063 5.16188 
-0.0923686 -2.64973 -3.94185 -13.0477 1.65559 5.21929 
-0.0690823 -2.55243 -3.95355 -13.023 1.70056 5.27669 
-0.0456904 -2.45469 -3.96527 -12.9978 1.74591 5.33454 
-0.0222985 -2.35694 -3.97699 -12.9727 1.79125 5.39238 
0.00119915 -2.25874 -3.98875 -12.9472 1.83698 5.45067 
0.0246968 -2.16054 -4.00051 -12.9216 1.8827 5.50896 
0.0483808 -2.06408 -4.01681 -12.9245 1.93324 5.58032 
0.0720648 -1.96763 -4.03311 -12.9274 1.98379 5.65168 
0.0960939 -1.87225 -4.05401 -12.9584 2.03978 5.73691 
0.120123 -1.77687 -4.0749 -12.9894 2.09577 5.82214 
0.144469 -1.68012 -4.09589 -13.0195 2.15299 5.90888 
0.168815 -1.58338 -4.11688 -13.0496 2.21021 5.99563 
0.193717 -1.48679 -4.14254 -13.1075 2.27378 6.09746 
0.218619 -1.39021 -4.16819 -13.1654 2.33734 6.19928 
0.243945 -1.29181 -4.19397 -13.2223 2.40263 6.30328 
0.26927 -1.19342 -4.21975 -13.2792 2.46792 6.40728 
0.295018 -1.09321 -4.24567 -13.3351 2.53495 6.51349 
0.320766 -0.993003 -4.27158 -13.391 2.60197 6.61969 
0.347335 -0.891822 -4.30223 -13.4746 2.67661 6.74271 
0.373904 -0.790641 -4.33288 -13.5582 2.75124 6.86573 
0.401002 -0.687194 -4.36369 -13.6408 2.82816 6.99172 
0.428099 -0.583746 -4.39451 -13.7233 2.90508 7.1177 
0.446852 -0.513529 -4.41826 -13.7969 2.96217 7.21395 
0.465605 -0.443312 -4.44201 -13.8705 3.01926 7.31019 
0.484358 -0.373095 -4.46576 -13.9441 3.07635 7.40644 
0.513122 -0.265049 -4.50158 -14.0535 3.16489 7.55466 
0.541886 -0.157004 -4.5374 -14.1629 3.25343 7.70287 
0.571284 -0.0462386 -4.57341 -14.2712 3.34493 7.85497 
0.600682 0.0645268 -4.60943 -14.3794 3.43643 8.00707 
0.621145 0.140378 -4.6367 -14.4704 3.50428 8.12223 
0.641608 0.21623 -4.66396 -14.5613 3.57212 8.23738 
0.662071 0.292081 -4.69123 -14.6523 3.63997 8.35254 
0.668384 0.257284 -4.6136 -14.5066 3.59072 8.38767 
0.674697 0.222487 -4.53598 -14.3609 3.54147 8.42281 
0.68076 0.188493 -4.45956 -14.2158 3.49303 8.45264 
0.686823 0.154499 -4.38314 -14.0708 3.44459 8.48246 
0.692636 0.121307 -4.30791 -13.9265 3.39695 8.5071 
0.69845 0.088116 -4.23269 -13.7823 3.34931 8.53175 
0.711067 0.0233877 -4.09324 -13.552 3.26931 8.60695 
0.723268 -0.0400029 -3.95579 -13.3225 3.19048 8.67351 
0.735053 -0.102056 -3.82034 -13.0937 3.11283 8.73159 
0.748037 -0.163123 -3.69487 -12.9214 3.04949 8.81942 
0.760688 -0.22312 -3.571 -12.7492 2.98696 8.90037 
0.774704 -0.282666 -3.45632 -12.6327 2.93811 9.01406 
0.788471 -0.34141 -3.34284 -12.5159 2.88977 9.12249 
0.801988 -0.399351 -3.23056 -12.3989 2.84194 9.22571 
0.817079 -0.457511 -3.12647 -12.3367 2.80715 9.36555 
0.824541 -0.486324 -3.07482 -12.3055 2.7899 9.43368 
0.832003 -0.515136 -3.02317 -12.2742 2.77264 9.50181 
0.848668 -0.573514 -2.92725 -12.2663 2.75076 9.67796 
0.865249 -0.631625 -2.83174 -12.2582 2.72899 9.85224 
0.881748 -0.689468 -2.73662 -12.2498 2.70733 10.0247 
0.900195 -0.748733 -2.64788 -12.2966 2.69796 10.2414 
0.910455 -0.779278 -2.6064 -12.3479 2.69935 10.3734 
0.920715 -0.809823 -2.56492 -12.3991 2.70073 10.5054 
0.94132 -0.87118 -2.48156 -12.5022 2.70345 10.7715 
0.962007 -0.932805 -2.3978 -12.6058 2.70611 11.0397 
0.973491 -0.964864 -2.35831 -12.6864 2.71347 11.2002 
0.984976 -0.996923 -2.31881 -12.7669 2.72084 11.3606 
0.996543 -1.02925 -2.27892 -12.8482 2.72818 11.5233 
1.00811 -1.06158 -2.23902 -12.9294 2.73552 11.6859 
1.0209 -1.09542 -2.20111 -13.0403 2.74892 11.8773 
1.0337 -1.12926 -2.16321 -13.1512 2.76231 12.0688 
1.04662 -1.1635 -2.1247 -13.2633 2.77569 12.2638 
1.05953 -1.19774 -2.08619 -13.3755 2.78908 12.4589 
1.06901 -1.22176 -2.06158 -13.4709 2.80209 12.61 
1.0785 -1.24577 -2.03696 -13.5662 2.8151 12.761 
1.08798 -1.26979 -2.01235 -13.6616 2.82811 12.9121 
1.09757 -1.29416 -1.9872 -13.7582 2.84115 13.0665 
1.10717 -1.31853 -1.96205 -13.8549 2.85419 13.221 
1.11676 -1.3429 -1.9369 -13.9515 2.86723 13.3754 
1.12728 -1.36864 -1.91254 -14.0697 2.88443 13.553 
1.13781 -1.39438 -1.88819 -14.188 2.90164 13.7306 
1.14833 -1.42012 -1.86383 -14.3062 2.91884 13.9082 
1.15899 -1.4463 -1.8388 -14.4262 2.93612 14.0903 
1.16965 -1.47249 -1.81378 -14.5463 2.95339 14.2724 
1.18031 -1.49867 -1.78875 -14.6663 2.97067 14.4545 
1.18904 -1.51947 -1.77037 -14.7735 2.98684 14.6102 
1.19777 -1.54026 -1.75199 -14.8806 3.00301 14.7659 
1.2065 -1.56106 -1.73362 -14.9878 3.01918 14.9215 
1.21523 -1.58186 -1.71524 -15.0949 3.03535 15.0772 
1.22409 -1.60306 -1.69626 -15.2039 3.05162 15.2372 
1.23294 -1.62426 -1.67728 -15.3129 3.06789 15.3972 
1.2418 -1.64545 -1.65831 -15.4218 3.08415 15.5573 
1.25066 -1.66665 -1.63933 -15.5308 3.10042 15.7173 
1.2603 -1.68914 -1.62054 -15.6579 3.12 15.8984 
1.26993 -1.71163 -1.60176 -15.7851 3.13959 16.0796 
1.27956 -1.73412 -1.58298 -15.9122 3.15918 16.2607 
1.2892 -1.75661 -1.56419 -16.0393 3.17876 16.4418 
1.29898 -1.77957 -1.5447 -16.1689 3.1985 16.6284 
1.30876 -1.80253 -1.52521 -16.2985 3.21825 16.8149 
1.31855 -1.82548 -1.50573 -16.428 3.23799 17.0015 
1.32833 -1.84844 -1.48624 -16.5576 3.25773 17.1881 
1.32847 -1.84065 -1.47012 -16.4432 3.26321 16.9998 
1.32861 -1.83286 -1.45401 -16.3288 3.26869 16.8115 
1.32875 -1.82507 -1.4379 -16.2144 3.27416 16.6232 
1.32889 -1.81728 -1.42178 -16.1 3.27964 16.4349 
1.32981 -1.80817 -1.40164 -15.9711 3.28978 16.2128 
1.33072 -1.79905 -1.3815 -15.8422 3.29993 15.9908 
1.33164 -1.78994 -1.36136 -15.7133 3.31007 15.7687 
1.3324 -1.78087 -1.34157 -15.5859 3.31874 15.5526 
1.33317 -1.77181 -1.32179 -15.4585 3.32742 15.3366 
1.33393 -1.76274 -1.302 -15.3311 3.33609 15.1205 
1.33547 -1.75493 -1.28344 -15.2263 3.34804 14.9307 
1.33702 -1.74712 -1.26488 -15.1215 3.36 14.741 
1.33856 -1.73931 -1.24632 -15.0167 3.37195 14.5512 
1.33997 -1.73154 -1.22806 -14.9129 3.38269 14.3661 
1.34139 -1.72377 -1.20979 -14.8092 3.39342 14.1809 
1.3428 -1.716 -1.19153 -14.7054 3.40416 13.9958 
1.34409 -1.70826 -1.17356 -14.6027 3.4137 13.8153 
1.34537 -1.70052 -1.15559 -14.5001 3.42324 13.6348 
1.34666 -1.69278 -1.13762 -14.3974 3.43278 13.4543 
1.34986 -1.68304 -1.11228 -14.2755 3.45283 13.2185 
1.35305 -1.6733 -1.08695 -14.1537 3.47288 12.9826 
1.35758 -1.66541 -1.0631 -14.0633 3.49916 12.7793 
1.3621 -1.65752 -1.03925 -13.9729 3.52544 12.5759 
1.36501 -1.64786 -1.01458 -13.8529 3.54276 12.3496 
1.36792 -1.6382 -0.989904 -13.7329 3.56008 12.1232 
1.37219 -1.63037 -0.96663 -13.6438 3.58396 11.9278 
1.37646 -1.62255 -0.943357 -13.5547 3.60784 11.7325 
1.38786 -1.61055 -0.89934 -13.4374 3.66971 11.3995 
1.3991 -1.59859 -0.855676 -13.3205 3.73005 11.0711 
1.41019 -1.58668 -0.812367 -13.2041 3.78888 10.7472 
1.42432 -1.57835 -0.771145 -13.1473 3.86356 10.4748 
1.43837 -1.57005 -0.7301 -13.0905 3.93746 10.2045 
1.45235 -1.56176 -0.689232 -13.0339 4.01057 9.93628 
1.46956 -1.55702 -0.650008 -13.0362 4.1014 9.71401 
1.49013 -1.55577 -0.612163 -13.0974 4.21118 9.53465 
1.50739 -1.55101 -0.572851 -13.0996 4.30242 9.31137 
1.52808 -1.54974 -0.534741 -13.161 4.41347 9.12908 
1.54884 -1.54844 -0.496453 -13.2225 4.52539 8.94487 
1.5732 -1.55058 -0.459013 -13.3437 4.65896 8.79795 
1.59771 -1.55268 -0.421219 -13.4654 4.79437 8.64733 
1.62237 -1.55474 -0.38307 -13.5877 4.93164 8.49298 
1.65082 -1.56019 -0.345327 -13.7711 5.09314 8.37161 
1.67951 -1.56556 -0.307052 -13.9557 5.25761 8.2448 
1.70842 -1.57088 -0.268246 -14.1416 5.42507 8.11246 
1.74132 -1.57953 -0.229402 -14.3906 5.6197 8.00896 
1.77452 -1.58809 -0.18985 -14.6418 5.8186 7.89821 
1.79319 -1.59401 -0.169878 -14.8 5.93295 7.85563 
1.81186 -1.59994 -0.149905 -14.9582 6.04731 7.81305 
1.84573 -1.60832 -0.108848 -15.2144 6.25556 7.68669 
1.86477 -1.61414 -0.0880345 -15.3757 6.37532 7.63541 
1.8838 -1.61997 -0.0672209 -15.537 6.49508 7.58412 
1.90304 -1.62574 -0.0459649 -15.7001 6.61777 7.52818 
1.92227 -1.63151 -0.0247088 -15.8631 6.74047 7.47224 
1.94368 -1.63889 -0.0029911 -16.0607 6.88033 7.42648 
1.9651 -1.64627 0.0187266 -16.2584 7.02018 7.38072 
1.98675 -1.65359 0.0409755 -16.4585 7.16382 7.32934 
2.0084 -1.66091 0.0632245 -16.6586 7.30746 7.27795 
1.96019 -1.65679 0.129506 -16.5308 7.31151 7.24849 
1.91198 -1.65267 0.195788 -16.403 7.31555 7.21903 
1.82104 -1.64751 0.32578 -16.2115 7.34696 7.18603 
1.73156 -1.64212 0.453073 -16.0177 7.3726 7.14994 
1.82104 -1.64751 0.32578 -16.2115 7.34696 7.18603 
1.91198 -1.65267 0.195788 -16.403 7.31555 7.21903 
1.96019 -1.65679 0.129506 -16.5308 7.31151 7.24849 
2.0084 -1.66091 0.0632245 -16.6586 7.30746 7.27795 
1.99582 -1.62073 0.0627157 -16.48 7.20856 7.208 
1.98325 -1.58056 0.0622069 -16.3013 7.10966 7.13804 
1.97067 -1.54038 0.061698 -16.1227 7.01076 7.06809 
1.9581 -1.50021 0.0611892 -15.944 6.91186 6.99813 
1.94552 -1.46003 0.0606804 -15.7654 6.81296 6.92818 
1.93198 -1.41298 0.0601182 -15.5811 6.70833 6.85705 
1.91844 -1.36594 0.0595561 -15.3969 6.60369 6.78591 
1.9049 -1.31889 0.058994 -15.2126 6.49906 6.71478 
1.89136 -1.27185 0.0584318 -15.0283 6.39442 6.64364 
1.87897 -1.22689 0.0579101 -14.8649 6.30046 6.58104 
1.86658 -1.18194 0.0573884 -14.7015 6.20651 6.51844 
1.85419 -1.13699 0.0568666 -14.5381 6.11256 6.45583 
1.8418 -1.09203 0.0563449 -14.3747 6.0186 6.39323 
1.82677 -1.03454 0.0557009 -14.1829 5.90634 6.32052 
1.81173 -0.977049 0.0550568 -13.9911 5.79407 6.24782 
1.7967 -0.919559 0.0544128 -13.7993 5.68181 6.17511 
1.78312 -0.864185 0.053818 -13.6319 5.58141 6.11262 
1.76955 -0.808812 0.0532232 -13.4646 5.48101 6.05014 
1.75597 -0.753438 0.0526284 -13.2972 5.38061 5.98765 
1.73773 -0.673047 0.0518065 -13.0806 5.24625 5.90854 
1.71949 -0.592656 0.0509846 -12.864 5.11188 5.82942 
1.70331 -0.51443 0.0502294 -12.6799 4.9923 5.76429 
1.68714 -0.436204 0.0494742 -12.4958 4.87273 5.69915 
1.67297 -0.359639 0.0487823 -12.3425 4.76661 5.64747 
1.6588 -0.283074 0.0480904 -12.1892 4.66049 5.59579 
1.63437 -0.132257 0.0468259 -11.9409 4.47271 5.51845 
1.61372 0.0172542 0.0456737 -11.7486 4.30712 5.46641 
1.59315 0.166093 0.0445262 -11.5576 4.14288 5.41468 
1.57978 0.315682 0.0435798 -11.4711 4.01609 5.4119 
1.56632 0.465944 0.0426286 -11.3835 3.88803 5.40893 
1.55628 0.61826 0.0417662 -11.3454 3.77557 5.43003 
1.54952 0.77364 0.0409854 -11.3557 3.67695 5.47516 
1.54253 0.931036 0.0401904 -11.3631 3.57467 5.52003 
1.53868 1.09284 0.0394677 -11.4177 3.48391 5.58907 
1.53785 1.26006 0.0388101 -11.5187 3.40302 5.68253 
1.53664 1.43064 0.0381289 -11.6159 3.31609 5.77604 
1.53831 1.60798 0.0375035 -11.7588 3.23671 5.89448 
1.53951 1.78936 0.0368497 -11.8975 3.14998 6.01325 
1.54343 1.97883 0.0362422 -12.0816 3.06838 6.15763 
1.54681 2.17302 0.0356017 -12.2611 2.978 6.30268 
1.54824 2.27247 0.035265 -12.3484 2.92832 6.37552 
1.54966 2.37191 0.0349282 -12.4358 2.87864 6.44837 
1.53922 2.38961 0.0025186 -12.2426 2.87673 6.42388 
1.52879 2.40731 -0.029891 -12.0494 2.87482 6.39938 
1.51835 2.42501 -0.0623006 -11.8562 2.87291 6.37489 
1.508 2.44189 -0.0937944 -11.6691 2.86998 6.34925 
1.49766 2.45878 -0.125288 -11.4819 2.86706 6.32362 
1.48731 2.47566 -0.156782 -11.2948 2.86413 6.29798 
1.47706 2.49173 -0.18736 -11.1136 2.86021 6.27124 
1.4668 2.50779 -0.217939 -10.9323 2.85629 6.24449 
1.45655 2.52386 -0.248517 -10.7511 2.85237 6.21775 
1.44433 2.55218 -0.293725 -10.5314 2.8571 6.20209 
1.4321 2.58049 -0.338934 -10.3117 2.86183 6.18644 
1.41847 2.60513 -0.382706 -10.0767 2.85931 6.1563 
1.40485 2.62976 -0.426478 -9.84163 2.8568 6.12617 
1.39432 2.65914 -0.47018 -9.65433 2.8654 6.1209 
1.38379 2.68851 -0.513882 -9.46704 2.87401 6.11563 
1.37186 2.7142 -0.556147 -9.26426 2.87542 6.09595 
1.35993 2.7399 -0.598412 -9.06147 2.87682 6.07626 
1.35103 2.77086 -0.641196 -8.90244 2.88986 6.08194 
1.34214 2.80182 -0.683981 -8.74341 2.90291 6.08762 
1.33331 2.83225 -0.726176 -8.58739 2.91525 6.09238 
1.32448 2.86269 -0.768371 -8.43137 2.92759 6.09713 
1.3157 2.8926 -0.809978 -8.27833 2.93922 6.10097 
1.30693 2.92251 -0.851585 -8.1253 2.95085 6.1048 
1.29239 2.98795 -0.93571 -7.8602 2.98605 6.13804 
1.27792 3.05269 -1.01905 -7.59885 3.02027 6.16996 
1.26638 3.12375 -1.10409 -7.37435 3.06729 6.22853 
1.25487 3.19446 -1.18873 -7.15164 3.11379 6.2864 
1.25054 3.23332 -1.23229 -7.05684 3.14393 6.32932 
1.24621 3.27219 -1.27585 -6.96203 3.17407 6.37223 
1.23755 3.34992 -1.36298 -6.77242 3.23435 6.45805 
1.22889 3.42765 -1.4501 -6.58282 3.29462 6.54388 
1.22593 3.47046 -1.49539 -6.50243 3.33232 6.60174 
1.22298 3.51328 -1.54069 -6.42204 3.37003 6.65961 
1.22001 3.55626 -1.58618 -6.34083 3.40802 6.71789 
1.21703 3.59925 -1.63167 -6.25961 3.44601 6.77617 
1.21539 3.64654 -1.67929 -6.19123 3.49218 6.85032 
1.21375 3.69382 -1.7269 -6.12284 3.53835 6.92446 
1.21039 3.78909 -1.82291 -5.98286 3.63193 7.07459 
1.20696 3.88506 -1.9197 -5.83966 3.72675 7.22656 
1.20653 3.93778 -1.97071 -5.77899 3.78322 7.31975 
1.2061 3.9905 -2.02173 -5.71832 3.83969 7.41294 
1.20512 4.097 -2.12493 -5.59222 3.95463 7.60234 
1.20663 4.21366 -2.23414 -5.48503 4.08927 7.82864 
1.2054 4.32242 -2.3399 -5.34853 4.20866 8.02478 
1.2073 4.3868 -2.39859 -5.30011 4.28793 8.15961 
1.20919 4.45118 -2.45728 -5.2517 4.3672 8.29445 
1.20972 4.51161 -2.51424 -5.18854 4.43887 8.41425 
1.21024 4.57205 -2.57121 -5.12538 4.51054 8.53405 
1.21195 4.63809 -2.63177 -5.06939 4.59345 8.6745 
1.21366 4.70413 -2.69232 -5.0134 4.67636 8.81494 
1.21528 4.77105 -2.75386 -4.95335 4.76124 8.95843 
1.21689 4.83797 -2.8154 -4.8933 4.84612 9.10191 
1.2179 4.88317 -2.85708 -4.85051 4.90404 9.19962 
1.21892 4.92836 -2.89876 -4.80772 4.96196 9.29734 
1.21993 4.97356 -2.94044 -4.76493 5.01988 9.39505 
1.22088 5.01934 -2.98277 -4.71934 5.07914 9.49483 
1.22182 5.06511 -3.02511 -4.67375 5.13841 9.59462 
1.22277 5.11089 -3.06744 -4.62816 5.19767 9.6944 
1.22447 5.16076 -3.11256 -4.58571 5.26549 9.80967 
1.22617 5.21063 -3.15769 -4.54326 5.33332 9.92493 
1.22787 5.2605 -3.20281 -4.50081 5.40114 10.0402 
1.25217 5.16789 -3.19142 -4.44316 5.3079 9.89792 
1.27648 5.07528 -3.18003 -4.38551 5.21466 9.75564 
1.30078 4.98267 -3.16864 -4.32786 5.12142 9.61336 
1.32423 4.89199 -3.15715 -4.2717 5.03132 9.47518 
1.34768 4.80132 -3.14565 -4.21553 4.94122 9.33699 
1.37113 4.71064 -3.13416 -4.15937 4.85112 9.19881 
1.39473 4.62499 -3.12472 -4.11024 4.77051 9.07691 
1.41833 4.53933 -3.11529 -4.06111 4.68989 8.95501 
1.44193 4.45368 -3.10585 -4.01198 4.60928 8.83311 
1.4648 4.36969 -3.09633 -3.96403 4.53119 8.71446 
1.48767 4.28569 -3.0868 -3.91607 4.4531 8.59582 
1.51054 4.2017 -3.07728 -3.86812 4.37501 8.47717 
1.5338 4.12218 -3.06984 -3.82664 4.30533 8.37333 
1.55706 4.04265 -3.0624 -3.78515 4.23564 8.26948 
1.58032 3.96313 -3.05496 -3.74367 4.16596 8.16564 
1.61429 3.84591 -3.0437 -3.6828 4.0644 8.01365 
1.64827 3.7287 -3.03243 -3.62193 3.96285 7.86166 
1.68321 3.61737 -3.02433 -3.57003 3.87244 7.72991 
1.71814 3.50604 -3.01623 -3.51812 3.78204 7.59815 
1.75234 3.39637 -3.00805 -3.46721 3.69388 7.46921 
1.78654 3.2867 -2.99987 -3.4163 3.60572 7.34026 
1.82205 3.18208 -2.9949 -3.37371 3.52738 7.22979 
1.85757 3.07746 -2.98993 -3.33113 3.44905 7.11933 
1.89254 2.97408 -2.98489 -3.28923 3.37232 7.01082 
1.92752 2.8707 -2.97986 -3.24733 3.29559 6.90232 
2.00083 2.6724 -2.97631 -3.17904 3.15938 6.71918 
2.07341 2.47575 -2.97267 -3.1116 3.02522 6.53847 
2.15009 2.28589 -2.97563 -3.0587 2.90612 6.38888 
2.2264 2.09686 -2.97855 -3.00619 2.788 6.24044 
2.30235 1.90867 -2.98142 -2.95406 2.67085 6.09314 
2.38332 1.72519 -2.991 -2.91546 2.56625 5.97391 
2.46984 1.54519 -3.00736 -2.88986 2.47277 5.88115 
2.55674 1.36437 -3.02375 -2.86394 2.37838 5.78737 
2.64399 1.18272 -3.0402 -2.8377 2.28305 5.69257 
2.73773 1.00248 -3.06352 -2.82372 2.1966 5.62181 
2.83219 0.820576 -3.08693 -2.80916 2.10832 5.54909 
2.93387 0.638429 -3.11731 -2.80637 2.02715 5.49866 
3.03664 0.453797 -3.14781 -2.80276 1.94326 5.44541 
3.1405 0.26668 -3.17845 -2.79832 1.85662 5.3893 
3.25249 0.0772443 -3.21616 -2.80514 1.77486 5.35341 
3.36594 -0.115504 -3.25405 -2.81092 1.68942 5.31382 
3.48824 -0.312228 -3.2991 -2.82761 1.60704 5.29287 
3.61237 -0.513093 -3.34436 -2.84307 1.51999 5.26737 
3.73833 -0.718099 -3.38985 -2.85729 1.4282 5.23724 
3.87405 -0.929152 -3.4426 -2.88202 1.33704 5.22377 
4.01197 -1.14517 -3.49561 -2.90533 1.24005 5.20475 
4.08202 -1.25567 -3.52224 -2.91624 1.18858 5.19241 
4.15208 -1.36617 -3.54888 -2.92715 1.13711 5.18007 
4.09044 -1.30793 -3.4962 -2.87303 1.11609 5.0843 
4.02881 -1.2497 -3.44352 -2.81892 1.09506 4.98853 
3.96717 -1.19146 -3.39084 -2.7648 1.07404 4.89276 
3.87472 -1.10411 -3.31182 -2.68363 1.04251 4.74911 
3.78227 -1.01675 -3.23279 -2.60245 1.01097 4.60545 
3.72405 -0.96135 -3.18303 -2.55351 0.99196 4.51885 
3.66582 -0.90595 -3.13326 -2.50458 0.97295 4.43226 
3.6076 -0.85055 -3.0835 -2.45564 0.95394 4.34566 
3.52027 -0.767448 -3.00886 -2.38224 0.925426 4.21576 
3.43294 -0.684346 -2.93421 -2.30884 0.896912 4.08587 
3.37786 -0.631455 -2.88713 -2.2645 0.879688 4.00741 
3.32277 -0.578564 -2.84005 -2.22017 0.862464 3.92894 
