501
2.00397 0.0100293 0
4.00775 0.0400728 0
6.01113 0.0900619 0
8.01391 0.159925 0
10.0159 0.249589 0
12.0169 0.358977 0
14.0168 0.48801 0
16.0152 0.636605 0
18.0122 0.804679 0
20.0074 0.992146 0
22.0007 1.19892 0
23.9919 1.4249 0
25.9809 1.67 0
27.9674 1.93412 0
29.9513 2.21717 0
31.9324 2.51904 0
33.9106 2.83964 0
35.8857 3.17885 0
37.8575 3.53658 0
39.8259 3.91272 0
41.7907 4.30715 0
43.7518 4.71976 0
45.7089 5.15044 0
47.6621 5.59908 0
49.611 6.06556 0
51.5557 6.54977 0
53.4958 7.05157 0
55.4314 7.57086 0
57.3622 8.1075 0
59.2881 8.66138 0
61.209 9.23238 0
63.1249 9.82035 0
65.0354 10.4252 0
66.9406 11.0468 0
68.8403 11.6849 0
70.7343 12.3395 0
72.6227 13.0105 0
74.5052 13.6977 0
76.3817 14.4009 0
78.2522 15.1201 0
80.1166 15.8551 0
81.9747 16.6058 0
83.8264 17.372 0
85.6717 18.1535 0
87.5105 18.9504 0
89.3426 19.7623 0
91.1681 20.5893 0
92.9867 21.4311 0
94.7985 22.2876 0
96.6033 23.1586 0
98.401 24.0441 0
100.192 24.9438 0
101.975 25.8577 0
103.751 26.7856 0
105.52 27.7274 0
107.282 28.6829 0
109.036 29.6519 0
110.783 30.6344 0
112.522 31.6302 0
114.253 32.6392 0
115.977 33.6612 0
117.693 34.696 0
119.402 35.7436 0
121.102 36.8038 0
122.795 37.8764 0
124.48 38.9614 0
126.157 40.0585 0
127.826 41.1676 0
129.487 42.2887 0
131.14 43.4215 0
132.785 44.566 0
134.422 45.7219 0
136.051 46.8892 0
137.672 48.0677 0
139.285 49.2572 0
140.889 50.4577 0
142.486 51.669 0
144.074 52.891 0
145.654 54.1235 0
147.226 55.3664 0
148.79 56.6196 0
150.346 57.8829 0
151.893 59.1563 0
153.433 60.4395 0
154.964 61.7324 0
156.487 63.035 0
158.002 64.347 0
159.508 65.6685 0
161.007 66.9991 0
162.497 68.3389 0
163.979 69.6876 0
165.453 71.0453 0
166.919 72.4116 0
168.377 73.7866 0
169.827 75.17 0
171.269 76.5619 0
172.703 77.962 0
174.128 79.3702 0
175.546 80.7864 0
176.956 82.2105 0
178.358 83.6425 0
179.752 85.082 0
181.139 86.5292 0
182.517 87.9838 0
183.888 89.4457 0
185.251 90.9148 0
186.606 92.391 0
187.954 93.8742 0
189.294 95.3644 0
190.626 96.8613 0
191.951 98.3648 0
193.268 99.875 0
194.578 101.392 0
195.881 102.915 0
197.176 104.444 0
198.464 105.979 0
199.745 107.521 0
201.018 109.068 0
202.284 110.621 0
203.544 112.18 0
204.796 113.745 0
206.041 115.315 0
207.279 116.891 0
208.511 118.472 0
209.735 120.058 0
210.953 121.65 0
212.164 123.246 0
213.368 124.848 0
214.566 126.455 0
215.758 128.066 0
216.943 129.682 0
218.121 131.303 0
219.293 132.928 0
220.459 134.558 0
221.619 136.192 0
222.773 137.831 0
223.921 139.474 0
225.062 141.121 0
226.198 142.772 0
227.328 144.427 0
228.452 146.086 0
229.57 147.749 0
230.683 149.416 0
231.791 151.086 0
232.892 152.76 0
233.989 154.437 0
235.08 156.118 0
236.166 157.803 0
237.246 159.49 0
238.322 161.181 0
239.392 162.876 0
240.458 164.573 0
241.518 166.273 0
242.574 167.976 0
243.626 169.683 0
244.672 171.392 0
245.714 173.103 0
246.752 174.818 0
247.785 176.535 0
248.813 178.255 0
249.838 179.977 0
250.858 181.702 0
251.875 183.429 0
252.887 185.159 0
253.896 186.89 0
254.9 188.624 0
255.901 190.361 0
256.898 192.099 0
257.892 193.839 0
258.882 195.581 0
259.869 197.326 0
260.853 199.072 0
261.833 200.82 0
262.81 202.569 0
263.784 204.321 0
264.755 206.074 0
265.723 207.828 0
266.689 209.584 0
267.651 211.342 0
268.612 213.101 0
269.569 214.861 0
270.524 216.623 0
271.477 218.386 0
272.427 220.151 0
273.375 221.916 0
274.322 223.683 0
275.266 225.45 0
276.208 227.219 0
277.148 228.989 0
278.087 230.759 0
279.024 232.531 0
279.959 234.303 0
280.893 236.076 0
281.826 237.85 0
282.757 239.625 0
283.687 241.4 0
284.616 243.176 0
285.543 244.952 0
286.47 246.729 0
287.396 248.506 0
288.322 250.284 0
289.246 252.061 0
290.17 253.84 0
291.094 255.618 0
292.017 257.397 0
292.939 259.176 0
293.862 260.955 0
294.784 262.734 0
295.707 264.513 0
296.629 266.292 0
297.551 268.072 0
298.474 269.85 0
299.397 271.629 0
300.321 273.408 0
301.244 275.186 0
302.169 276.964 0
303.094 278.742 0
304.02 280.519 0
304.947 282.296 0
305.874 284.072 0
306.803 285.848 0
307.733 287.623 0
308.664 289.398 0
309.596 291.172 0
310.53 292.945 0
311.465 294.718 0
312.402 296.489 0
313.34 298.26 0
314.28 300.03 0
315.222 301.799 0
316.166 303.567 0
317.112 305.333 0
318.06 307.099 0
319.01 308.863 0
319.962 310.627 0
320.917 312.389 0
321.874 314.149 0
322.834 315.909 0
323.796 317.666 0
324.761 319.423 0
325.729 321.178 0
326.7 322.931 0
327.673 324.682 0
328.65 326.432 0
329.63 328.18 0
330.613 329.927 0
331.599 331.671 0
332.589 333.414 0
333.582 335.154 0
334.579 336.893 0
335.579 338.629 0
336.583 340.364 0
337.591 342.096 0
338.603 343.826 0
339.619 345.553 0
340.639 347.278 0
341.663 349.001 0
342.691 350.721 0
343.723 352.439 0
344.76 354.154 0
345.801 355.866 0
346.847 357.575 0
347.898 359.282 0
348.953 360.985 0
350.013 362.686 0
351.078 364.384 0
352.148 366.078 0
353.222 367.77 0
354.302 369.458 0
355.387 371.143 0
356.478 372.824 0
357.573 374.502 0
358.674 376.177 0
359.781 377.848 0
360.893 379.515 0
362.01 381.178 0
363.134 382.838 0
364.263 384.493 0
365.398 386.145 0
366.539 387.793 0
367.685 389.436 0
368.838 391.075 0
369.997 392.71 0
371.162 394.341 0
372.334 395.967 0
373.511 397.588 0
374.695 399.205 0
375.886 400.817 0
377.083 402.425 0
378.286 404.027 0
379.496 405.624 0
380.713 407.217 0
381.937 408.804 0
383.167 410.385 0
384.404 411.962 0
385.649 413.533 0
386.9 415.098 0
388.158 416.658 0
389.423 418.212 0
390.696 419.76 0
391.975 421.303 0
393.262 422.839 0
394.556 424.369 0
395.858 425.893 0
397.167 427.41 0
398.483 428.922 0
399.807 430.426 0
401.138 431.924 0
402.477 433.415 0
403.824 434.899 0
405.178 436.376 0
406.54 437.847 0
407.909 439.31 0
409.287 440.765 0
410.672 442.213 0
412.065 443.654 0
413.466 445.087 0
414.874 446.512 0
416.291 447.93 0
417.716 449.339 0
419.149 450.74 0
420.589 452.133 0
422.038 453.518 0
423.495 454.894 0
424.959 456.262 0
426.432 457.621 0
427.913 458.971 0
429.403 460.312 0
430.9 461.644 0
432.405 462.966 0
433.919 464.28 0
435.441 465.584 0
436.971 466.878 0
438.509 468.163 0
440.055 469.438 0
441.61 470.702 0
443.172 471.957 0
444.743 473.201 0
446.322 474.435 0
447.909 475.659 0
449.505 476.872 0
451.108 478.074 0
452.72 479.265 0
454.339 480.445 0
455.967 481.614 0
457.603 482.771 0
459.247 483.917 0
460.899 485.052 0
462.559 486.175 0
464.227 487.286 0
465.903 488.384 0
467.586 489.471 0
469.278 490.546 0
470.978 491.607 0
472.685 492.657 0
474.4 493.694 0
476.123 494.717 0
477.853 495.728 0
479.591 496.726 0
481.337 497.71 0
483.09 498.681 0
484.85 499.639 0
486.618 500.582 0
488.393 501.512 0
490.176 502.428 0
491.965 503.33 0
493.762 504.218 0
495.566 505.091 0
497.377 505.949 0
499.194 506.793 0
501.019 507.622 0
502.85 508.436 0
504.688 509.235 0
506.532 510.019 0
508.383 510.787 0
510.24 511.54 0
512.104 512.278 0
513.973 512.999 0
515.849 513.705 0
517.731 514.394 0
519.618 515.067 0
521.511 515.724 0
523.41 516.365 0
525.315 516.989 0
527.224 517.596 0
529.14 518.186 0
531.06 518.76 0
532.985 519.316 0
534.915 519.855 0
536.85 520.377 0
538.789 520.881 0
540.733 521.368 0
542.682 521.837 0
544.634 522.288 0
546.591 522.722 0
548.551 523.137 0
550.516 523.534 0
552.484 523.913 0
554.455 524.273 0
556.43 524.615 0
558.407 524.938 0
560.388 525.243 0
562.372 525.528 0
564.358 525.795 0
566.346 526.043 0
568.337 526.272 0
570.33 526.481 0
572.325 526.672 0
574.322 526.842 0
576.32 526.994 0
578.32 527.126 0
580.321 527.238 0
582.323 527.33 0
584.325 527.403 0
586.329 527.456 0
588.332 527.489 0
590.336 527.502 0
592.34 527.494 0
594.344 527.467 0
596.348 527.42 0
598.35 527.352 0
600.352 527.264 0
602.354 527.155 0
604.353 527.027 0
606.352 526.877 0
608.349 526.707 0
610.344 526.517 0
612.336 526.306 0
614.327 526.075 0
616.315 525.823 0
618.3 525.55 0
620.283 525.256 0
622.262 524.942 0
624.238 524.607 0
626.21 524.252 0
628.178 523.875 0
630.143 523.478 0
632.103 523.061 0
634.058 522.622 0
636.009 522.163 0
637.954 521.683 0
639.895 521.182 0
641.83 520.66 0
643.759 520.118 0
645.682 519.555 0
647.6 518.972 0
649.51 518.368 0
651.415 517.743 0
653.312 517.098 0
655.202 516.433 0
657.085 515.747 0
658.96 515.04 0
660.828 514.313 0
662.687 513.566 0
664.539 512.799 0
666.382 512.012 0
668.216 511.204 0
670.041 510.377 0
671.857 509.529 0
673.663 508.662 0
675.46 507.775 0
677.248 506.868 0
679.025 505.942 0
680.791 504.996 0
682.548 504.031 0
684.293 503.046 0
686.027 502.042 0
687.751 501.019 0
689.463 499.978 0
691.163 498.917 0
692.851 497.838 0
694.528 496.74 0
696.192 495.623 0
697.844 494.488 0
699.483 493.335 0
701.109 492.164 0
702.722 490.975 0
704.322 489.768 0
705.908 488.543 0
707.481 487.301 0
709.039 486.042 0
710.584 484.765 0
712.114 483.471 0
713.631 482.161 0
715.132 480.833 0
716.618 479.489 0
718.09 478.129 0
719.547 476.753 0
720.988 475.36 0
722.413 473.952 0
723.823 472.528 0
725.217 471.088 0
726.596 469.633 0
727.958 468.163 0
729.303 466.678 0
730.633 465.178 0
731.945 463.664 0
733.241 462.136 0
734.52 460.593 0
735.782 459.036 0

