-0.92767 -0.610358 0.819103 0.211475 0.646579 1.57925 -1.88655 1.82996 0.150483 -0.21126 -0.0391787 0.292372 0.861397 2.65933 
-0.916876 -0.596534 0.798251 0.242488 0.647868 1.55667 -1.85318 1.89918 0.112864 -0.134733 -0.0236305 0.317242 0.905929 2.65388 
-0.906083 -0.582709 0.777399 0.2735 0.649157 1.53408 -1.8198 1.96657 0.0671516 -0.0608185 -0.0114597 0.343691 0.953787 2.65106 
-0.878929 -0.461199 0.707551 0.163433 0.623281 1.57537 -1.81404 1.95289 0.036464 -0.0458678 0.0198275 0.353077 0.938717 2.599 
-0.851774 -0.339688 0.637704 0.053366 0.597404 1.61666 -1.80827 1.96215 0.0348481 -0.0121478 0.017541 0.367241 0.933586 2.56247 
-0.869117 -0.330998 0.635898 0.0650881 0.618548 1.58127 -1.76957 1.90702 -0.0188253 0.00486502 0.044545 0.350691 0.978835 2.52514 
-0.886461 -0.322307 0.634092 0.0768101 0.639692 1.54587 -1.73086 1.85184 -0.0778335 0.0221049 0.0744165 0.334293 1.02725 2.4888 
-0.904485 -0.329398 0.654078 0.104847 0.670408 1.51911 -1.73411 1.7623 -0.134141 -0.0323446 0.0910539 0.325665 1.05413 2.44534 
-0.922509 -0.336489 0.674064 0.132883 0.701124 1.49234 -1.73736 1.67869 -0.184919 -0.0832709 0.0902233 0.316809 1.09147 2.40696 
-0.940292 -0.343485 0.693783 0.160545 0.731429 1.46594 -1.74057 1.5956 -0.23408 -0.132268 0.0811409 0.312408 1.13 2.36795 
-0.958075 -0.350481 0.713502 0.188207 0.761735 1.43954 -1.74379 1.51762 -0.274848 -0.176847 0.0558896 0.309688 1.17653 2.33499 
-0.975377 -0.357288 0.732687 0.21512 0.791221 1.41385 -1.74691 1.44556 -0.30495 -0.216828 0.0166706 0.310356 1.22771 2.30815 
-0.992679 -0.364095 0.751872 0.242034 0.820706 1.38816 -1.75003 1.3769 -0.325684 -0.252405 -0.0351013 0.313933 1.28337 2.28757 
-1.00675 -0.371502 0.754372 0.246166 0.829489 1.38973 -1.71356 1.41476 -0.390332 -0.261212 0.0305342 0.331448 1.31508 2.24764 
-1.02083 -0.378908 0.756872 0.250298 0.838271 1.39131 -1.67709 1.45408 -0.458348 -0.272967 0.093765 0.345761 1.35104 2.20975 
-1.03489 -0.386308 0.75937 0.254427 0.847047 1.39289 -1.64065 1.49499 -0.529849 -0.287915 0.154154 0.356332 1.39148 2.17434 
-1.04896 -0.393708 0.761867 0.258556 0.855822 1.39446 -1.60421 1.53754 -0.605064 -0.306204 0.211252 0.362594 1.43661 2.14194 
-1.06297 -0.40108 0.764355 0.262668 0.864563 1.39603 -1.56791 1.57569 -0.687571 -0.330331 0.26725 0.365948 1.48399 2.10919 
-1.07698 -0.408451 0.766843 0.266781 0.873304 1.39759 -1.53162 1.61521 -0.773157 -0.358215 0.3175 0.363841 1.5374 2.08083 
-1.20494 -0.415142 0.740193 0.346748 0.830151 1.38686 -1.57823 1.60017 -0.747001 -0.380431 0.342589 0.389413 1.52259 2.05077 
-1.3329 -0.421834 0.713542 0.426715 0.786999 1.37613 -1.62484 1.59174 -0.738837 -0.404779 0.360028 0.41334 1.52546 2.0314 
-1.44984 -0.425052 0.675482 0.473781 0.73616 1.38128 -1.65629 1.57427 -0.723387 -0.429624 0.383674 0.436536 1.51824 1.99974 
-1.56678 -0.428269 0.637422 0.520848 0.685321 1.38643 -1.68774 1.56159 -0.724062 -0.458199 0.400654 0.45642 1.52718 1.97725 
-1.67911 -0.436574 0.591734 0.539036 0.622948 1.41024 -1.7119 1.54943 -0.690748 -0.475723 0.422059 0.484596 1.50935 1.95026 
-1.79143 -0.44488 0.546046 0.557223 0.560575 1.43404 -1.73606 1.5427 -0.672393 -0.494357 0.437753 0.511876 1.50727 1.93206 
-1.72724 -0.332462 0.533161 0.436233 0.53373 1.38843 -1.63894 1.51966 -0.678029 -0.416511 0.468875 0.493676 1.49582 1.883 
-1.74747 -0.223051 0.477299 0.360305 0.493946 1.41231 -1.69121 1.51775 -0.673608 -0.433024 0.467884 0.50896 1.46685 1.87372 
-1.76769 -0.11364 0.421437 0.284377 0.454161 1.4362 -1.74347 1.5317 -0.669626 -0.437101 0.463329 0.536726 1.4412 1.87759 
-1.78604 0.099102 0.349675 0.0933442 0.409504 1.49566 -1.80723 1.53459 -0.6601 -0.454064 0.453212 0.577115 1.39904 1.86366 
-1.80164 0.0808065 0.272858 0.120949 0.460218 1.42435 -1.8061 1.42567 -0.606374 -0.444399 0.362832 0.560752 1.51953 1.79309 
-1.817 0.0628038 0.197271 0.148113 0.510119 1.35418 -1.805 1.30898 -0.535766 -0.431589 0.26258 0.549783 1.63973 1.72372 
-1.83209 0.0451047 0.122959 0.174818 0.559179 1.2852 -1.80391 1.19892 -0.447085 -0.412317 0.145863 0.539534 1.76087 1.66799 
-1.84689 0.0277484 0.0500854 0.201006 0.607288 1.21755 -1.80284 1.08336 -0.340659 -0.391486 0.0135448 0.534749 1.88648 1.62242 
-1.81337 0.044557 0.0523528 0.258806 0.602508 1.15608 -1.8315 1.16389 -0.457797 -0.352996 0.112754 0.548103 1.87429 1.67458 
-1.78021 0.061189 0.0545963 0.315998 0.597778 1.09527 -1.85986 1.23849 -0.571462 -0.315145 0.201187 0.574041 1.86894 1.73666 
-1.74752 0.0775816 0.0568076 0.372367 0.593116 1.03532 -1.88781 1.31639 -0.683599 -0.274817 0.277957 0.609778 1.86648 1.81129 
-1.69354 0.0472682 0.10499 0.406077 0.619041 1.04878 -1.86098 1.32414 -0.759173 -0.272849 0.289026 0.569209 1.87716 1.82483 
-1.68355 0.0559065 0.0660591 0.426171 0.591247 1.02467 -1.87472 1.39684 -0.735717 -0.210159 0.268637 0.632621 1.85781 1.86664 
-1.67356 0.0645449 0.0271282 0.446265 0.563454 1.00056 -1.88846 1.47045 -0.711697 -0.148369 0.233248 0.693871 1.84247 1.91407 
-1.68302 0.1771 -0.00199 0.323162 0.552241 1.03708 -1.87651 1.45704 -0.715351 -0.136791 0.244157 0.702061 1.82227 1.89049 
-1.69247 0.289655 -0.0311082 0.200059 0.541029 1.0736 -1.86455 1.45484 -0.721009 -0.119379 0.249624 0.717975 1.80272 1.87846 
-1.70193 0.40221 -0.0602264 0.0769554 0.529816 1.11012 -1.8526 1.4632 -0.73011 -0.0969245 0.250082 0.740058 1.78362 1.87817 
-1.68741 0.397997 0.0111412 0.124285 0.514854 1.0388 -1.88037 1.47582 -0.691729 -0.084979 0.213028 0.73584 1.75799 1.9576 
-1.68025 0.395919 0.0463568 0.147639 0.50747 1.00361 -1.89407 1.47759 -0.670228 -0.081622 0.19937 0.736588 1.74472 1.99289 
-1.67309 0.39384 0.0815723 0.170993 0.500087 0.968413 -1.90778 1.48024 -0.647814 -0.0783189 0.185372 0.737004 1.73071 2.02893 
-1.66603 0.39179 0.116301 0.194024 0.492806 0.933707 -1.92129 1.48414 -0.625093 -0.0759202 0.171794 0.737465 1.71641 2.06474 
-1.65897 0.38974 0.151029 0.217056 0.485525 0.899002 -1.93481 1.48874 -0.601275 -0.0736822 0.157744 0.73755 1.7015 2.10117 
-1.65201 0.387721 0.185247 0.239748 0.478351 0.864807 -1.94813 1.48715 -0.576815 -0.0741984 0.149957 0.7415 1.68575 2.13222 
-1.64505 0.385701 0.219465 0.262441 0.471177 0.830611 -1.96144 1.48617 -0.551573 -0.074945 0.141871 0.745181 1.66913 2.16373 
-1.6382 0.383711 0.253167 0.284791 0.464111 0.796931 -1.97456 1.48602 -0.526258 -0.0765481 0.134314 0.749002 1.65205 2.19476 
-1.63135 0.381722 0.28687 0.307142 0.457045 0.763251 -1.98767 1.4863 -0.500092 -0.0784633 0.126368 0.752543 1.63422 2.22616 
-1.6246 0.379764 0.320047 0.329145 0.450089 0.730096 -2.00059 1.48378 -0.474109 -0.0821696 0.121949 0.758162 1.61571 2.25508 
-1.61785 0.377806 0.353223 0.351147 0.443134 0.69694 -2.0135 1.48159 -0.447394 -0.0862491 0.117161 0.76355 1.5964 2.28429 
-1.61122 0.37588 0.385848 0.372783 0.436294 0.664337 -2.02619 1.47995 -0.420729 -0.0911525 0.11289 0.769157 1.57665 2.31289 
-1.60458 0.373954 0.418473 0.394419 0.429454 0.631734 -2.03889 1.4785 -0.393308 -0.0964775 0.108147 0.774546 1.55623 2.34176 
-1.60023 0.372692 0.439853 0.408598 0.424971 0.610368 -2.04721 1.4719 -0.376074 -0.101888 0.110686 0.781443 1.54118 2.35649 
-1.59589 0.37143 0.461232 0.422776 0.420489 0.589003 -2.05553 1.46539 -0.358684 -0.107498 0.113103 0.788266 1.52573 2.37122 
-1.59154 0.370168 0.482612 0.436955 0.416006 0.567637 -2.06385 1.45895 -0.341147 -0.113322 0.115389 0.795024 1.50989 2.38596 
-1.58727 0.368927 0.503631 0.450894 0.411599 0.546632 -2.07203 1.45268 -0.323949 -0.119477 0.118114 0.801974 1.49383 2.40018 
-1.58299 0.367687 0.52465 0.464834 0.407193 0.525626 -2.08021 1.44644 -0.306606 -0.125833 0.120676 0.808868 1.4774 2.41441 
-1.57872 0.366446 0.545669 0.478773 0.402786 0.504621 -2.08839 1.44022 -0.289124 -0.132401 0.12306 0.815713 1.46063 2.42868 
-1.57557 0.365531 0.561169 0.489053 0.399536 0.489131 -2.09442 1.43188 -0.277093 -0.1385 0.128536 0.823004 1.44716 2.43647 
-1.57241 0.364617 0.57667 0.499332 0.396286 0.473641 -2.10046 1.42357 -0.265051 -0.144715 0.133924 0.830279 1.43347 2.44421 
-1.56926 0.363702 0.59217 0.509611 0.393037 0.45815 -2.10649 1.41526 -0.253006 -0.151051 0.139221 0.837549 1.41956 2.4519 
-1.56611 0.362787 0.607671 0.519891 0.389787 0.44266 -2.11252 1.40697 -0.240962 -0.157511 0.14442 0.844822 1.40544 2.45954 
-1.56482 0.358955 0.597525 0.528432 0.377595 0.436706 -2.09646 1.41698 -0.254276 -0.139712 0.18839 0.86592 1.38794 2.44916 
-1.56353 0.355123 0.587379 0.536973 0.365403 0.430752 -2.08041 1.4264 -0.26614 -0.121429 0.23035 0.887349 1.3712 2.43885 
-1.56224 0.351291 0.577233 0.545513 0.353212 0.424799 -2.06435 1.4353 -0.276603 -0.102674 0.270428 0.909129 1.35517 2.4286 
-1.56095 0.347459 0.567087 0.554054 0.34102 0.418845 -2.0483 1.44378 -0.285711 -0.0834601 0.308735 0.931279 1.3398 2.41835 
-1.54927 0.337118 0.582457 0.559273 0.32915 0.41682 -2.03998 1.44662 -0.299599 -0.0808044 0.30971 0.917738 1.3432 2.39913 
-1.5376 0.326777 0.597826 0.564491 0.31728 0.414795 -2.03166 1.45068 -0.31301 -0.0779806 0.309779 0.904341 1.34668 2.38208 
-1.52592 0.316436 0.613196 0.569709 0.30541 0.412771 -2.02335 1.45596 -0.32598 -0.0749846 0.30901 0.891092 1.35022 2.36704 
-1.51424 0.306095 0.628565 0.574928 0.29354 0.410746 -2.01503 1.46244 -0.33854 -0.0718147 0.30746 0.877994 1.35382 2.35391 
-1.49888 0.292498 0.648774 0.58179 0.277933 0.408084 -2.0041 1.46945 -0.353342 -0.0685734 0.305974 0.862939 1.35801 2.33745 
-1.48353 0.2789 0.668983 0.588651 0.262325 0.405421 -1.99316 1.47845 -0.367484 -0.0649889 0.303196 0.848036 1.36231 2.32397 
-1.46817 0.265303 0.689192 0.595513 0.246718 0.402759 -1.98223 1.48937 -0.381013 -0.0610644 0.299231 0.833286 1.36671 2.31323 
-1.45305 0.251916 0.709088 0.602269 0.231352 0.400138 -1.97147 1.5023 -0.392545 -0.0573488 0.293194 0.8193 1.37126 2.30622 
-1.43794 0.23853 0.728984 0.609024 0.215986 0.397517 -1.9607 1.51694 -0.403522 -0.0532769 0.286134 0.805382 1.37591 2.30146 
-1.42282 0.225143 0.74888 0.61578 0.20062 0.394896 -1.94994 1.53322 -0.41395 -0.0488618 0.278092 0.791519 1.38067 2.29882 
-1.40798 0.211996 0.768419 0.622414 0.18553 0.392322 -1.93937 1.54436 -0.423658 -0.0460659 0.273678 0.78103 1.38466 2.29314 
-1.39313 0.19885 0.787958 0.629048 0.17044 0.389748 -1.92879 1.55705 -0.432848 -0.0429424 0.268256 0.770565 1.3888 2.28947 
-1.37829 0.185703 0.807497 0.635682 0.15535 0.387174 -1.91822 1.57124 -0.441525 -0.0394991 0.261863 0.760119 1.39312 2.28768 
-1.36371 0.172793 0.826684 0.642197 0.140532 0.384646 -1.90784 1.58693 -0.448842 -0.0362123 0.253934 0.750091 1.39779 2.28821 
-1.34913 0.159884 0.845872 0.648712 0.125713 0.382119 -1.89746 1.60393 -0.455651 -0.0326142 0.245095 0.74004 1.40266 2.29033 
-1.33455 0.146974 0.865059 0.655227 0.110895 0.379591 -1.88708 1.62219 -0.461936 -0.0287161 0.235343 0.729962 1.40777 2.29396 
-1.31312 0.127998 0.893261 0.664802 0.0891141 0.375876 -1.87182 1.64687 -0.470443 -0.0239576 0.222329 0.717365 1.41544 2.29855 
-1.2917 0.109023 0.921464 0.674378 0.0673331 0.37216 -1.85656 1.67412 -0.477752 -0.0185556 0.207239 0.704685 1.42372 2.3062 
-1.27072 0.0904458 0.949075 0.683753 0.0460095 0.368523 -1.84163 1.69887 -0.484489 -0.0139891 0.193691 0.694372 1.43217 2.31302 
-1.24974 0.0718686 0.976685 0.693128 0.0246859 0.364886 -1.82669 1.72594 -0.489956 -0.0088139 0.177996 0.683979 1.44134 2.32257 
-1.22922 0.0536964 1.00369 0.702298 0.0038271 0.361328 -1.81208 1.75477 -0.493752 -0.00367157 0.159903 0.673872 1.45166 2.33458 
-1.2087 0.0355242 1.0307 0.711468 -0.0170317 0.35777 -1.79746 1.78554 -0.49615 0.00203393 0.139565 0.663659 1.46287 2.34887 
-1.18867 0.0177813 1.05707 0.720422 -0.0373977 0.354296 -1.78319 1.81325 -0.498647 0.00700807 0.121129 0.65574 1.47438 2.36147 
-1.16863 3.84479e-05 1.08344 0.729376 -0.0577637 0.350822 -1.76892 1.84276 -0.499625 0.0125177 0.100307 0.647761 1.48682 2.37618 
-1.12953 -0.0345851 1.1349 0.746848 -0.0975059 0.344043 -1.74108 1.89705 -0.500871 0.0228343 0.0602987 0.636361 1.51327 2.40382 
-1.09141 -0.0683455 1.18508 0.763885 -0.136258 0.337432 -1.71394 1.9481 -0.500143 0.0332176 0.0194932 0.629535 1.54223 2.43134 
-1.05426 -0.101244 1.23398 0.780487 -0.17402 0.330991 -1.68748 2.00349 -0.493395 0.044706 -0.0310996 0.623444 1.57604 2.46454 
-1.17953 -0.17613 1.33132 0.865866 -0.181634 0.316378 -1.66123 1.9653 -0.505387 -0.00183343 0.0202648 0.608377 1.56883 2.45578 
-1.3048 -0.251016 1.42866 0.951245 -0.189247 0.301765 -1.63498 1.94042 -0.461397 -0.0365219 0.0258108 0.603007 1.56165 2.45305 
-1.44698 -0.294925 1.57261 1.00436 -0.183362 0.327954 -1.6033 1.90565 -0.482076 -0.0846138 0.0806471 0.586944 1.55525 2.44582 
-1.58916 -0.338834 1.71657 1.05747 -0.177478 0.354142 -1.57162 1.87727 -0.429368 -0.117849 0.0827891 0.58255 1.54726 2.44155 
-1.52927 -0.269912 1.6151 0.974107 -0.243049 0.39486 -1.6458 1.86114 -0.454472 -0.135098 0.127131 0.541507 1.52014 2.39787 
-1.46939 -0.200991 1.51363 0.890744 -0.308619 0.435578 -1.71997 1.85174 -0.430495 -0.135932 0.13639 0.514212 1.48745 2.35753 
-1.41481 -0.125423 1.46301 0.781983 -0.350223 0.500157 -1.78387 1.83606 -0.446709 -0.151957 0.174873 0.474349 1.45914 2.31375 
-1.36024 -0.049856 1.41239 0.673221 -0.391827 0.564736 -1.84776 1.82623 -0.431607 -0.153996 0.189925 0.445953 1.42771 2.27361 
-1.29571 0.0231527 1.39852 0.540883 -0.414448 0.644908 -1.91113 1.81098 -0.439279 -0.168684 0.222866 0.407286 1.39803 2.23018 
-1.23118 0.0961614 1.38464 0.408545 -0.437069 0.72508 -1.97449 1.80081 -0.432725 -0.171995 0.243269 0.377936 1.36819 2.18999 
-1.22767 0.0896851 1.38326 0.438735 -0.481986 0.729958 -1.99038 1.85117 -0.334026 -0.108337 0.190221 0.392 1.34107 2.24882 
-1.22416 0.0832089 1.38187 0.468924 -0.526903 0.734836 -2.00626 1.90276 -0.227081 -0.0478076 0.11584 0.398366 1.32746 2.3112 
-1.31181 0.140962 1.32476 0.510614 -0.563294 0.727584 -2.05827 1.87355 -0.251863 -0.0256551 0.129076 0.403547 1.31793 2.31017 
-1.39947 0.198716 1.26764 0.552303 -0.599684 0.720331 -2.11028 1.84862 -0.294407 -0.00607664 0.14689 0.407301 1.31522 2.3177 
-1.48988 0.257439 1.19725 0.568487 -0.631865 0.733144 -2.17871 1.81878 -0.320932 0.0154728 0.162241 0.412299 1.30541 2.31575 
-1.58029 0.316162 1.12685 0.584671 -0.664046 0.745957 -2.24714 1.7946 -0.361598 0.0355627 0.177894 0.416207 1.303 2.32418 
-1.67774 0.367586 1.0476 0.57809 -0.68528 0.77614 -2.3296 1.76466 -0.388379 0.0565188 0.194012 0.420964 1.29342 2.32162 
-1.7752 0.419009 0.968343 0.571509 -0.706514 0.806323 -2.41207 1.74121 -0.427993 0.076716 0.208519 0.425015 1.29092 2.33059 
-1.87183 0.458072 0.888168 0.543772 -0.712938 0.848678 -2.5049 1.71235 -0.454568 0.0970588 0.224414 0.429459 1.28205 2.32826 
-1.96846 0.497135 0.807994 0.516035 -0.719362 0.891033 -2.59773 1.68912 -0.492766 0.116864 0.238392 0.43361 1.27915 2.33685 
-2.05005 0.530058 0.73536 0.466483 -0.712561 0.941188 -2.69724 1.66199 -0.520134 0.136491 0.254255 0.437691 1.27121 2.33528 
-2.13164 0.562982 0.662727 0.41693 -0.705761 0.991344 -2.79674 1.63905 -0.555038 0.155454 0.267123 0.441865 1.26783 2.34286 
-2.19823 0.592626 0.599625 0.351809 -0.690469 1.04525 -2.8952 1.61415 -0.582689 0.174344 0.282589 0.445708 1.26066 2.34228 
-2.26482 0.62227 0.536524 0.286687 -0.675177 1.09915 -2.99365 1.59157 -0.61409 0.19205 0.294363 0.449698 1.25709 2.34856 
-2.2498 0.611404 0.545915 0.308921 -0.703142 1.09794 -2.99214 1.6401 -0.540618 0.218617 0.237666 0.454303 1.26409 2.3797 
-2.23479 0.600537 0.555306 0.331154 -0.731108 1.09673 -2.99063 1.68859 -0.462566 0.243588 0.171721 0.456356 1.27687 2.41124 
-2.21977 0.589671 0.564697 0.353388 -0.759073 1.09552 -2.98912 1.73735 -0.38025 0.267013 0.096299 0.456314 1.29601 2.44306 
-2.19198 0.577522 0.56449 0.358727 -0.728666 1.07919 -2.9836 1.70933 -0.448023 0.29341 0.161865 0.473582 1.32148 2.40453 
-2.16418 0.565374 0.564283 0.364067 -0.69826 1.06287 -2.97807 1.68127 -0.511053 0.319691 0.220419 0.491146 1.35256 2.36661 
-2.13673 0.553374 0.564079 0.369341 -0.668225 1.04675 -2.97261 1.65372 -0.569591 0.345903 0.272885 0.508914 1.38898 2.32878 
-2.10927 0.541374 0.563875 0.374615 -0.638191 1.03062 -2.96715 1.62638 -0.623999 0.371762 0.320136 0.526422 1.42954 2.29116 
-2.09475 0.544678 0.542473 0.381966 -0.608393 1.02279 -2.96389 1.59572 -0.740986 0.42739 0.37842 0.556654 1.47258 2.28763 
-2.08023 0.547983 0.52107 0.389317 -0.578595 1.01496 -2.96062 1.56182 -0.85547 0.486532 0.425043 0.594313 1.52532 2.28437 
-2.06571 0.551287 0.499668 0.396668 -0.548797 1.00713 -2.95736 1.52475 -0.96817 0.547648 0.460605 0.639628 1.58781 2.28044 
-2.02895 0.586496 0.479336 0.307187 -0.544976 1.03443 -2.95015 1.53072 -0.977783 0.570163 0.462313 0.635248 1.58619 2.236 
-1.9922 0.621704 0.459004 0.217705 -0.541156 1.06174 -2.94293 1.53789 -0.984904 0.592229 0.462262 0.63105 1.58333 2.19133 
-1.95188 0.657265 0.444982 0.131655 -0.538007 1.08785 -2.93032 1.54443 -0.99428 0.614702 0.463705 0.627001 1.58142 2.14787 
-1.91157 0.692825 0.430959 0.0456049 -0.534859 1.11397 -2.91772 1.55086 -1.00144 0.636212 0.463917 0.622606 1.5789 2.10346 
-1.90367 0.693802 0.395502 0.0649333 -0.530951 1.09071 -2.88767 1.5259 -1.0947 0.682189 0.445142 0.655908 1.64211 2.10662 
-1.89577 0.69478 0.360046 0.0842617 -0.527043 1.06746 -2.85761 1.49595 -1.18319 0.724665 0.418633 0.691096 1.70865 2.10663 
-1.88168 0.644542 0.395467 0.106418 -0.573387 1.04147 -2.83423 1.58105 -1.00534 0.633315 0.370568 0.605877 1.6394 2.08058 
-1.86761 0.594397 0.430823 0.128533 -0.619645 1.01553 -2.8109 1.66308 -0.832224 0.538436 0.300479 0.541283 1.59226 2.04887 
-1.85359 0.544413 0.466066 0.150577 -0.665754 0.989678 -2.78765 1.74195 -0.658889 0.446804 0.206691 0.49764 1.56471 2.01468 
-1.83963 0.494678 0.501132 0.172511 -0.711634 0.963952 -2.76451 1.81433 -0.474906 0.361808 0.0827832 0.473674 1.5629 1.9784 
-1.80703 0.498271 0.556504 0.196762 -0.759265 0.943597 -2.74084 1.88579 -0.394968 0.295783 -0.0104494 0.460946 1.57529 1.99798 
-1.79568 0.444473 0.515915 0.206178 -0.706138 0.895614 -2.67137 1.74685 -0.484631 0.267557 0.095467 0.442591 1.60863 1.82859 
-1.7787 0.407665 0.51846 0.25474 -0.701069 0.897164 -2.55583 1.67707 -0.680206 0.275854 0.235028 0.451271 1.64979 1.73177 
-1.76159 0.370569 0.521025 0.303682 -0.695961 0.898726 -2.43939 1.60337 -0.854447 0.276154 0.328434 0.457104 1.72553 1.63128 
-1.74354 0.349606 0.490371 0.352369 -0.706859 0.852527 -2.33356 1.51732 -0.890672 0.272568 0.293744 0.436787 1.82311 1.53946 
-1.74795 0.331212 0.498754 0.361699 -0.671212 0.837685 -2.2938 1.39187 -0.930765 0.236305 0.304452 0.375247 1.89031 1.44122 
-1.75236 0.312818 0.507138 0.371029 -0.635564 0.822843 -2.25404 1.26939 -0.950103 0.198242 0.283554 0.307136 1.96475 1.34227 
-1.77037 0.37173 0.506542 0.258324 -0.627516 0.886589 -2.31041 1.23392 -0.940944 0.171443 0.311301 0.264239 1.90378 1.29099 
-1.77091 0.426415 0.51714 0.143349 -0.615105 0.950917 -2.35916 1.1991 -0.931926 0.145131 0.338521 0.222125 1.84394 1.24067 
-1.75548 0.476272 0.536757 0.0269938 -0.599962 1.01588 -2.40121 1.16492 -0.923068 0.1193 0.365245 0.180779 1.78517 1.19126 
-1.71362 0.443227 0.497416 0.0332336 -0.605669 0.991202 -2.31425 1.1372 -0.759287 0.121558 0.241445 0.159505 1.82516 1.09745 
-1.7197 0.440569 0.4925 0.0439631 -0.579492 0.970113 -2.26279 1.03543 -0.724309 0.0760534 0.124188 0.103368 1.93748 0.989589 
-1.72579 0.43791 0.487584 0.0546927 -0.553315 0.949024 -2.21134 0.940346 -0.66314 0.0359405 -0.02878 0.0521526 2.05711 0.880614 
-1.75239 0.469294 0.404629 0.0130282 -0.552016 0.980498 -2.21788 0.941719 -0.666856 0.0450023 -0.0130484 0.0756369 2.05556 0.805611 
-1.68809 0.398597 0.50101 0.00512668 -0.536211 1.04092 -2.16571 0.90861 -0.635365 0.0118381 -0.0132704 -0.00136132 2.03753 0.747865 
-1.66385 0.360046 0.542478 -0.00257626 -0.526946 1.07536 -2.14409 0.890839 -0.617296 -0.00486836 -0.013871 -0.0405591 2.02812 0.717605 
-1.63961 0.321494 0.583946 -0.0102792 -0.517681 1.10979 -2.12247 0.875645 -0.604028 -0.0211729 -0.0134993 -0.0779986 2.0196 0.690384 
-1.61769 0.279027 0.622105 -0.0218599 -0.507027 1.14902 -2.10032 0.857967 -0.585968 -0.0377452 -0.0142808 -0.116925 2.01019 0.660379 
-1.59577 0.236559 0.660263 -0.0334407 -0.496374 1.18826 -2.07818 0.8429 -0.572891 -0.0539693 -0.0137186 -0.154148 2.00179 0.633271 
-1.5722 0.231156 0.653946 -0.00409345 -0.478654 1.17068 -2.08358 0.886786 -0.627587 -0.0698663 0.0141683 -0.137271 2.00743 0.617797 
-1.54862 0.225753 0.64763 0.0252538 -0.460934 1.1531 -2.08897 0.930619 -0.68175 -0.0862789 0.0386749 -0.121695 2.01632 0.602158 
-1.52517 0.220379 0.641349 0.0544427 -0.44331 1.13562 -2.09434 0.973964 -0.734778 -0.103217 0.0592299 -0.107674 2.02833 0.586312 
-1.50172 0.215005 0.635067 0.0836316 -0.425686 1.11813 -2.0997 1.01724 -0.786814 -0.120652 0.0762259 -0.0948562 2.04331 0.570677 
-1.49303 0.207171 0.65526 0.0906297 -0.448401 1.12048 -2.10025 1.05754 -0.793485 -0.108252 0.11757 -0.083133 2.00448 0.617027 
-1.48434 0.199336 0.675452 0.0976279 -0.471115 1.12284 -2.1008 1.09812 -0.795351 -0.0951798 0.154494 -0.0715593 1.96626 0.663296 
-1.47565 0.191502 0.695645 0.104626 -0.49383 1.12519 -2.10135 1.13898 -0.7923 -0.0815237 0.186903 -0.0601713 1.9287 0.709424 
-1.47657 0.178714 0.688363 0.105612 -0.477617 1.12719 -2.08919 1.11287 -0.767681 -0.102051 0.144534 -0.0826597 1.95308 0.6559 
-1.4775 0.165925 0.68108 0.106597 -0.461405 1.12918 -2.07704 1.08682 -0.740307 -0.122026 0.0986883 -0.104508 1.97738 0.602122 
-1.47842 0.153137 0.673798 0.107583 -0.445192 1.13118 -2.06488 1.0607 -0.710211 -0.141377 0.0492425 -0.125671 2.00177 0.548137 
-1.4841 0.196403 0.639401 0.0681023 -0.443016 1.12884 -2.10935 1.06293 -0.70329 -0.153351 0.0464656 -0.118505 1.97943 0.5334 
-1.48978 0.23967 0.605003 0.0286217 -0.44084 1.1265 -2.15381 1.07026 -0.696174 -0.16339 0.0471251 -0.107339 1.95522 0.5234 
-1.49546 0.282936 0.570606 -0.010859 -0.438664 1.12416 -2.19828 1.08276 -0.689457 -0.171385 0.051262 -0.0925828 1.92947 0.518007 
-1.49908 0.275626 0.568073 -0.0236732 -0.428702 1.14017 -2.20813 1.0713 -0.692707 -0.182087 0.059671 -0.109906 1.91701 0.495391 
-1.50271 0.268317 0.565541 -0.0364874 -0.418739 1.15618 -2.21797 1.05992 -0.696676 -0.193062 0.0683291 -0.127184 1.90418 0.473206 
-1.50633 0.261007 0.563008 -0.0493016 -0.408777 1.17219 -2.22782 1.04861 -0.701342 -0.204311 0.0772142 -0.144419 1.89101 0.451459 
-1.5509 0.271826 0.541554 -0.0430451 -0.420968 1.16137 -2.25522 1.03916 -0.704961 -0.207938 0.0858781 -0.140442 1.87497 0.457889 
-1.59547 0.282646 0.520101 -0.0367886 -0.433159 1.15055 -2.28263 1.03104 -0.710625 -0.211417 0.0945868 -0.13615 1.86049 0.465135 
-1.64005 0.293466 0.498648 -0.0305321 -0.44535 1.13973 -2.31004 1.0242 -0.718252 -0.214783 0.10319 -0.131612 1.84767 0.473208 
-1.68462 0.304285 0.477194 -0.0242756 -0.457541 1.12891 -2.33744 1.0186 -0.727735 -0.218073 0.111516 -0.126896 1.83656 0.482124 
-1.71459 0.304999 0.468771 -0.022048 -0.46256 1.12838 -2.35098 1.00637 -0.730653 -0.227578 0.110528 -0.133877 1.83077 0.474656 
-1.74456 0.305714 0.460348 -0.0198205 -0.467579 1.12784 -2.36451 0.994531 -0.733874 -0.237006 0.109466 -0.140634 1.82523 0.467569 
-1.77452 0.306428 0.451924 -0.0175929 -0.472598 1.12731 -2.37804 0.983079 -0.737379 -0.246362 0.108319 -0.147182 1.81996 0.460859 
-1.80449 0.307142 0.443501 -0.0153654 -0.477617 1.12678 -2.39158 0.972011 -0.741148 -0.255651 0.107074 -0.153531 1.81497 0.454523 
-1.8342 0.30785 0.43515 -0.013157 -0.482592 1.12626 -2.405 0.962034 -0.744774 -0.264624 0.105319 -0.161149 1.8104 0.447957 
-1.86391 0.308558 0.4268 -0.0109487 -0.487568 1.12573 -2.41841 0.952482 -0.74867 -0.273534 0.103555 -0.168593 1.80605 0.44181 
-1.89363 0.309266 0.418449 -0.00874035 -0.492544 1.1252 -2.43183 0.94335 -0.752808 -0.282386 0.101758 -0.175877 1.80192 0.436078 
-1.92334 0.309974 0.410099 -0.006532 -0.497519 1.12468 -2.44525 0.93463 -0.757159 -0.291183 0.0999058 -0.183011 1.79804 0.430754 
-1.95232 0.310665 0.401953 -0.00437764 -0.502373 1.12417 -2.45834 0.926656 -0.761877 -0.29992 0.0982128 -0.190321 1.79417 0.425701 
-1.98131 0.311356 0.393807 -0.00222328 -0.507227 1.12365 -2.47144 0.919086 -0.766764 -0.308611 0.0964704 -0.197512 1.79053 0.421061 
-2.01029 0.312046 0.38566 -6.89125e-05 -0.512081 1.12314 -2.48453 0.911913 -0.771786 -0.317257 0.0946506 -0.204593 1.78715 0.416829 
-2.03927 0.312737 0.377514 0.00208545 -0.516935 1.12263 -2.49762 0.905126 -0.776913 -0.32586 0.0927243 -0.211574 1.78403 0.412996 
-2.0667 0.313391 0.369805 0.00412406 -0.521528 1.12214 -2.51001 0.893642 -0.781531 -0.334584 0.08925 -0.196535 1.78643 0.418052 
-2.09413 0.314044 0.362097 0.00616268 -0.526121 1.12166 -2.52239 0.882562 -0.786236 -0.343205 0.0857263 -0.181334 1.78882 0.423523 
-2.12155 0.314697 0.354388 0.00820129 -0.530714 1.12117 -2.53478 0.871892 -0.791003 -0.351724 0.082138 -0.165974 1.79118 0.429426 
-2.14898 0.315351 0.346679 0.0102399 -0.535307 1.12068 -2.54717 0.861641 -0.795809 -0.360141 0.0784674 -0.150461 1.7935 0.435776 
-2.18584 0.31623 0.336319 0.0129796 -0.54148 1.12003 -2.56382 0.84928 -0.801599 -0.371047 0.0727006 -0.131531 1.79696 0.444193 
-2.2227 0.317108 0.325959 0.0157193 -0.547653 1.11937 -2.58046 0.837546 -0.807262 -0.381786 0.0664644 -0.112357 1.80051 0.453365 
-2.25956 0.317987 0.315599 0.018459 -0.553826 1.11872 -2.59711 0.826438 -0.812733 -0.392357 0.0597032 -0.0929501 1.80411 0.463325 
-2.3177 0.319373 0.299258 0.0227806 -0.563563 1.11769 -2.62337 0.809772 -0.818366 -0.408742 0.04455 -0.0700459 1.81311 0.475826 
-2.37585 0.320758 0.282916 0.0271022 -0.573299 1.11667 -2.64963 0.793824 -0.822982 -0.424856 0.0269486 -0.0464965 1.82323 0.489865 
-2.43399 0.322144 0.266575 0.0314238 -0.583036 1.11564 -2.67589 0.778478 -0.826367 -0.44067 0.00670563 -0.0222927 1.8344 0.505547 
-2.39312 0.269081 0.326224 0.107639 -0.570825 1.08627 -2.63526 0.775297 -0.80918 -0.447168 -0.0195533 -0.039859 1.84005 0.519283 
-2.35224 0.216017 0.385873 0.183853 -0.558613 1.05691 -2.59464 0.783807 -0.804642 -0.45284 -0.0359416 -0.0570145 1.84644 0.538437 
-2.31137 0.162954 0.445522 0.260068 -0.546402 1.02754 -2.55401 0.804826 -0.812173 -0.457318 -0.0413247 -0.0732176 1.85305 0.563302 
-2.32012 0.154794 0.443221 0.270578 -0.548403 1.02369 -2.55672 0.809349 -0.814606 -0.458266 -0.035526 -0.0604996 1.84696 0.576776 
-2.32888 0.146634 0.440919 0.281087 -0.550404 1.01983 -2.55944 0.814101 -0.816816 -0.459076 -0.0298378 -0.0479334 1.84053 0.590305 
-2.33763 0.138474 0.438618 0.291597 -0.552405 1.01598 -2.56215 0.819078 -0.818774 -0.459743 -0.0242964 -0.0355258 1.83377 0.603884 
-2.26551 0.203239 0.460338 0.203549 -0.531821 1.05143 -2.54103 0.805463 -0.832843 -0.455424 -0.0141643 -0.0445351 1.81315 0.564094 
-2.1934 0.268003 0.482057 0.1155 -0.511238 1.08689 -2.51991 0.786686 -0.843572 -0.449835 -0.0203168 -0.0518964 1.80562 0.520662 
-2.12128 0.332768 0.503777 0.0274521 -0.490654 1.12234 -2.49879 0.7637 -0.850482 -0.442523 -0.0420211 -0.0567599 1.81086 0.47414 
-2.12177 0.331838 0.504173 0.0277681 -0.489986 1.12282 -2.49918 0.769452 -0.855666 -0.441595 -0.0309821 -0.0454095 1.79861 0.485603 
-2.12227 0.330908 0.504568 0.0280841 -0.489319 1.12331 -2.49956 0.775725 -0.860564 -0.440463 -0.0197457 -0.0343709 1.78564 0.497224 
-2.12284 0.329842 0.505021 0.0284462 -0.488555 1.12386 -2.5 0.782085 -0.863964 -0.438597 -0.0105611 -0.0260851 1.77413 0.507329 
-2.1234 0.328776 0.505474 0.0288084 -0.48779 1.12442 -2.50045 0.788795 -0.867019 -0.436553 -0.00138594 -0.01804 1.76218 0.517531 
-2.12406 0.327551 0.505995 0.0292246 -0.486911 1.12506 -2.50096 0.7954 -0.871316 -0.434797 0.00981197 -0.0085998 1.74792 0.529189 
-2.12471 0.326327 0.506515 0.0296408 -0.486033 1.1257 -2.50147 0.802487 -0.875153 -0.432809 0.0209954 0.000520272 1.73308 0.541002 
-2.12546 0.32492 0.507113 0.0301188 -0.485024 1.12643 -2.50205 0.809266 -0.877497 -0.430097 0.0298599 0.00705809 1.72015 0.551255 
-2.12621 0.323513 0.507711 0.0305968 -0.484015 1.12717 -2.50264 0.816363 -0.879369 -0.427194 0.0385674 0.0133517 1.70688 0.561608 
-2.12793 0.320284 0.509083 0.031694 -0.481699 1.12886 -2.50399 0.829726 -0.879781 -0.419913 0.0509693 0.0210232 1.68452 0.579178 
-2.1299 0.316575 0.510659 0.0329541 -0.479039 1.13079 -2.50553 0.842738 -0.878991 -0.411992 0.0624495 0.0273274 1.66179 0.596737 
-2.13217 0.312314 0.51247 0.0344019 -0.475983 1.13302 -2.50731 0.85532 -0.87703 -0.403482 0.0729981 0.0321919 1.6388 0.614304 
-2.13478 0.307422 0.514549 0.0360641 -0.472474 1.13557 -2.50935 0.866356 -0.871779 -0.393756 0.0783327 0.032544 1.62082 0.628513 
-2.13777 0.301805 0.516936 0.0379726 -0.468445 1.1385 -2.51169 0.876571 -0.86566 -0.383713 0.0828804 0.0316309 1.60296 0.642572 
-2.1412 0.295355 0.519677 0.040164 -0.463819 1.14187 -2.51438 0.885876 -0.858732 -0.373426 0.0866759 0.0293598 1.58531 0.656488 
-2.14514 0.28796 0.52282 0.0426766 -0.458515 1.14573 -2.51746 0.892977 -0.849474 -0.362401 0.0859723 0.0229977 1.57317 0.666697 
-2.14964 0.279498 0.526416 0.0455518 -0.452446 1.15015 -2.52098 0.897743 -0.838397 -0.350812 0.081266 0.0127879 1.56664 0.673024 
-2.1548 0.269811 0.530533 0.0488428 -0.445498 1.1552 -2.52502 0.902342 -0.828707 -0.339927 0.0801684 0.00390178 1.55515 0.682579 
-2.16069 0.258753 0.535232 0.0526002 -0.437567 1.16098 -2.52962 0.904379 -0.817694 -0.328642 0.0755827 -0.00882819 1.54927 0.688176 
-2.1674 0.24615 0.540588 0.0568823 -0.428527 1.16755 -2.53487 0.904914 -0.806938 -0.31761 0.0713338 -0.0229051 1.54367 0.69344 
-2.17502 0.231839 0.54667 0.0617447 -0.418263 1.17502 -2.54084 0.902763 -0.795448 -0.306315 0.0643279 -0.0406332 1.54359 0.694652 
-2.18365 0.215634 0.553557 0.0672505 -0.40664 1.18348 -2.54759 0.898995 -0.784657 -0.295364 0.0581821 -0.0597033 1.54376 0.695536 
-2.19339 0.197344 0.56133 0.0734649 -0.393522 1.19303 -2.55521 0.893563 -0.774708 -0.284783 0.0530628 -0.0801884 1.54417 0.696206 
-2.20432 0.176807 0.570057 0.0804426 -0.378792 1.20375 -2.56376 0.885438 -0.764473 -0.273959 0.045892 -0.10414 1.55007 0.692919 
-2.21655 0.153846 0.579815 0.088244 -0.362323 1.21574 -2.57333 0.875705 -0.755275 -0.263473 0.040063 -0.129446 1.55625 0.689611 
-2.23015 0.12829 0.590676 0.0969269 -0.343994 1.22908 -2.58398 0.864386 -0.747148 -0.253283 0.035623 -0.156103 1.56281 0.686469 
-2.2452 0.100033 0.602684 0.106528 -0.323727 1.24383 -2.59575 0.850728 -0.738665 -0.242667 0.0293788 -0.1859 1.57511 0.679703 
-2.26175 0.0689537 0.615893 0.117088 -0.301435 1.26005 -2.6087 0.835782 -0.731063 -0.232158 0.0244747 -0.21681 1.58808 0.673429 
-2.27079 0.0519832 0.623105 0.122854 -0.289263 1.26891 -2.61577 0.827401 -0.726881 -0.226616 0.0210535 -0.233729 1.59747 0.668629 
-2.27982 0.0350127 0.630317 0.12862 -0.277091 1.27777 -2.62284 0.819054 -0.722529 -0.220934 0.0175954 -0.250419 1.60713 0.663827 
-2.29948 -0.00190966 0.646008 0.141165 -0.250609 1.29705 -2.63822 0.802017 -0.716255 -0.210237 0.0149772 -0.283056 1.62216 0.659028 
-2.3101 -0.0218482 0.654481 0.147939 -0.236309 1.30746 -2.64653 0.792787 -0.712413 -0.204472 0.0124937 -0.300629 1.6328 0.65509 
-2.32071 -0.0417867 0.662955 0.154713 -0.222008 1.31786 -2.65483 0.783644 -0.708319 -0.198519 0.00987508 -0.317889 1.64382 0.651182 
-2.33211 -0.0632016 0.672056 0.16199 -0.206649 1.32904 -2.66376 0.774157 -0.704417 -0.192515 0.00765633 -0.335583 1.65532 0.647763 
-2.34352 -0.0846166 0.681157 0.169266 -0.191289 1.34022 -2.67268 0.764778 -0.700212 -0.186298 0.00523931 -0.352915 1.66726 0.644376 
-2.35568 -0.107453 0.690862 0.177025 -0.174909 1.35214 -2.68219 0.75494 -0.694825 -0.179624 0.00138052 -0.37133 1.68238 0.639428 
-2.36784 -0.13029 0.700567 0.184784 -0.15853 1.36406 -2.6917 0.745203 -0.689062 -0.172706 -0.00273228 -0.389326 1.69797 0.63448 
-2.38074 -0.154511 0.710861 0.193014 -0.141157 1.37671 -2.70179 0.735356 -0.683009 -0.165635 -0.00677689 -0.407475 1.71425 0.630023 
-2.39363 -0.178733 0.721154 0.201243 -0.123785 1.38935 -2.71189 0.725612 -0.676523 -0.158302 -0.0111564 -0.425161 1.73107 0.62554 
-2.38967 -0.290609 0.768115 0.261377 -0.0805615 1.38128 -2.64064 0.706282 -0.684069 -0.165761 -0.00810494 -0.442824 1.73253 0.611821 
-2.38572 -0.402485 0.815077 0.32151 -0.037338 1.37321 -2.56938 0.694262 -0.687076 -0.167031 -0.0132971 -0.454096 1.74155 0.600189 
-2.3773 -0.619808 0.914933 0.374053 0.0663705 1.40966 -2.43832 0.659652 -0.698692 -0.176669 -0.0156772 -0.486037 1.75311 0.57222 
-2.44856 -0.594818 0.839653 0.386457 0.0675007 1.42817 -2.52518 0.64413 -0.83336 -0.211913 0.0545748 -0.476501 1.69851 0.654136 
-2.42201 -0.395858 0.740531 0.352037 -0.0230331 1.37757 -2.58968 0.663746 -0.854801 -0.175669 0.0302644 -0.442238 1.74286 0.614283 
-2.40563 -0.197618 0.64579 0.279973 -0.103496 1.35671 -2.6585 0.683516 -0.876405 -0.139093 0.00568009 -0.407659 1.78764 0.574038 
-2.40341 -0.0931913 0.599712 0.220211 -0.139133 1.36316 -2.6989 0.688806 -0.886329 -0.123174 -0.00669153 -0.392554 1.80804 0.551354 
-2.40118 0.0112354 0.553634 0.160449 -0.17477 1.36962 -2.73931 0.703412 -0.898158 -0.102309 -0.0190091 -0.372881 1.83265 0.533576 
-2.38845 -0.00931848 0.5535 0.185308 -0.176404 1.3546 -2.70545 0.708484 -0.907499 -0.0943847 -0.0188705 -0.366125 1.84033 0.525359 
-2.37571 -0.0298724 0.553366 0.210166 -0.178038 1.33959 -2.67159 0.713008 -0.914434 -0.0866091 -0.0214312 -0.359139 1.84888 0.517008 
-2.36298 -0.0504262 0.553231 0.235025 -0.179672 1.32457 -2.63773 0.717042 -0.918937 -0.079009 -0.0265993 -0.351951 1.85823 0.508602 
-2.35024 -0.0709801 0.553097 0.259883 -0.181306 1.30956 -2.60387 0.720649 -0.920983 -0.0716107 -0.0342915 -0.344589 1.86829 0.500215 
-2.33751 -0.091534 0.552963 0.284742 -0.18294 1.29454 -2.57001 0.72389 -0.920555 -0.0644396 -0.0444332 -0.33708 1.879 0.491918 
-2.28119 -0.0930909 0.564288 0.262886 -0.16623 1.29962 -2.52021 0.716824 -0.936647 -0.0627962 -0.0316682 -0.3442 1.872 0.459255 
-2.22487 -0.0946478 0.575614 0.24103 -0.149521 1.3047 -2.4704 0.708864 -0.947348 -0.0615727 -0.0276612 -0.351816 1.86879 0.425386 
-2.16854 -0.0962047 0.58694 0.219173 -0.132811 1.30978 -2.4206 0.700337 -0.952728 -0.0606598 -0.0322827 -0.359757 1.86935 0.390576 
-2.11222 -0.0977616 0.598265 0.197317 -0.116101 1.31486 -2.3708 0.691561 -0.952857 -0.0599486 -0.045463 -0.367869 1.8737 0.355063 
-2.11505 -0.101352 0.596334 0.199831 -0.117883 1.31406 -2.37492 0.702109 -0.958027 -0.0670929 -0.0353675 -0.364951 1.86132 0.379671 
-2.11787 -0.104942 0.594402 0.202344 -0.119665 1.31325 -2.37903 0.712681 -0.962738 -0.0742663 -0.0257741 -0.362386 1.84924 0.404084 
-2.12069 -0.108533 0.592471 0.204858 -0.121447 1.31245 -2.38314 0.723254 -0.966983 -0.081471 -0.0167005 -0.360158 1.83747 0.428294 
-2.12352 -0.112123 0.590539 0.207372 -0.123229 1.31165 -2.38726 0.733805 -0.970755 -0.0887087 -0.00816422 -0.358246 1.82604 0.452296 
-2.12766 -0.117384 0.587708 0.211055 -0.12584 1.31048 -2.39329 0.748505 -0.974109 -0.0982325 0.00275694 -0.356352 1.81187 0.483197 
-2.13181 -0.122645 0.584878 0.214739 -0.128452 1.30931 -2.39933 0.763097 -0.976728 -0.10782 0.012759 -0.354858 1.79833 0.513696 
-2.13595 -0.127906 0.582047 0.218422 -0.131063 1.30814 -2.40536 0.777532 -0.97862 -0.117473 0.0218246 -0.353726 1.78544 0.543769 
-2.1405 -0.133689 0.578936 0.222471 -0.133933 1.30685 -2.41199 0.792586 -0.978917 -0.127095 0.0304434 -0.352951 1.77363 0.572764 
-2.14506 -0.139473 0.575824 0.226521 -0.136804 1.30556 -2.41861 0.807423 -0.978613 -0.136778 0.0381919 -0.352391 1.76249 0.601295 
-2.14961 -0.145256 0.572713 0.23057 -0.139674 1.30427 -2.42524 0.822001 -0.977733 -0.146521 0.0450722 -0.352016 1.75203 0.629337 
-2.15712 -0.154792 0.567582 0.237246 -0.144407 1.30214 -2.43617 0.844799 -0.974191 -0.161214 0.054748 -0.351565 1.73802 0.669749 
-2.16463 -0.164329 0.562451 0.243923 -0.149141 1.30002 -2.44711 0.866902 -0.969691 -0.176013 0.0626832 -0.351243 1.72551 0.708966 
-2.17288 -0.174809 0.556812 0.251261 -0.154343 1.29768 -2.45913 0.889947 -0.963133 -0.190975 0.0699879 -0.350647 1.71476 0.746455 
-2.18113 -0.185289 0.551173 0.258599 -0.159545 1.29535 -2.47114 0.912211 -0.955988 -0.205999 0.0758072 -0.349943 1.70547 0.782656 
-2.1902 -0.196798 0.544981 0.266657 -0.165258 1.29278 -2.48433 0.935576 -0.94707 -0.221219 0.081275 -0.348617 1.69776 0.81726 
-2.19926 -0.208308 0.538789 0.274715 -0.17097 1.29022 -2.49752 0.958138 -0.93791 -0.236451 0.0855147 -0.347022 1.69144 0.850519 
-2.21914 -0.233555 0.525205 0.292391 -0.183501 1.2846 -2.52646 1.00515 -0.916615 -0.267267 0.0928 -0.341682 1.68305 0.912768 
-2.2409 -0.261196 0.510334 0.311744 -0.19722 1.27844 -2.55815 1.05378 -0.8928 -0.29831 0.0981919 -0.333368 1.68016 0.969631 
-2.2647 -0.291419 0.494073 0.332904 -0.212221 1.2717 -2.59279 1.10416 -0.866532 -0.330191 0.101727 -0.320313 1.68059 1.02411 
-2.2906 -0.324315 0.476374 0.355935 -0.228549 1.26437 -2.6305 1.15742 -0.839174 -0.361234 0.103475 -0.305104 1.68946 1.07025 
-2.3187 -0.360001 0.457174 0.380921 -0.246262 1.25642 -2.67141 1.21291 -0.810192 -0.392913 0.102504 -0.284996 1.70297 1.11351 
-2.34901 -0.398505 0.436458 0.407879 -0.265372 1.24784 -2.71555 1.27107 -0.780168 -0.424354 0.0980618 -0.26173 1.72432 1.1507 
-2.38151 -0.439775 0.414254 0.436773 -0.285857 1.23864 -2.76286 1.33155 -0.749088 -0.455581 0.0888761 -0.236027 1.7546 1.18133 
-2.19898 -0.3912 0.41338 0.413643 -0.256815 1.19661 -2.6248 1.33669 -0.777332 -0.479753 0.0977894 -0.267671 1.7383 1.05906 
-2.01943 -0.336628 0.409727 0.356458 -0.225653 1.19197 -2.50133 1.34203 -0.806758 -0.504987 0.107053 -0.300714 1.72127 0.931358 
-1.85325 -0.281151 0.401487 0.275242 -0.195958 1.22143 -2.39472 1.34754 -0.837045 -0.53092 0.116603 -0.334672 1.70378 0.80015 
-1.70125 -0.236821 0.392656 0.185018 -0.167638 1.27966 -2.29885 1.35311 -0.867711 -0.557195 0.12626 -0.369086 1.68606 0.667159 
-1.5717 -0.197474 0.376864 0.0943584 -0.144661 1.35398 -2.21802 1.35871 -0.898494 -0.583574 0.135961 -0.40363 1.66825 0.533648 
-1.45931 -0.17301 0.359306 0.0138995 -0.124915 1.43993 -2.14469 1.3643 -0.929257 -0.609918 0.145657 -0.43812 1.6505 0.400386 
-1.43974 -0.260949 0.387467 0.0986607 -0.0970609 1.41676 -2.14059 1.40535 -0.93885 -0.655369 0.118532 -0.492155 1.68229 0.377555 
-1.42875 -0.352469 0.414713 0.187294 -0.0665408 1.3913 -2.14536 1.44701 -0.948571 -0.701475 0.0910173 -0.546966 1.71455 0.354406 
-1.42523 -0.362699 0.388405 0.188582 -0.0960864 1.4156 -2.17738 1.56465 -1.04302 -0.728547 0.228011 -0.57293 1.70385 0.405008 
-1.42171 -0.37293 0.362098 0.189869 -0.125632 1.4399 -2.20939 1.68575 -1.14225 -0.758167 0.346718 -0.599149 1.71422 0.453499 
-1.43449 -0.367439 0.370295 0.205849 -0.130206 1.40578 -2.22631 1.67642 -1.14615 -0.753688 0.33715 -0.596903 1.73021 0.484507 
-1.44728 -0.361948 0.378491 0.221829 -0.134779 1.37167 -2.24324 1.6681 -1.15235 -0.74983 0.328691 -0.594765 1.74636 0.515913 
-1.46006 -0.356457 0.386688 0.237809 -0.139353 1.33755 -2.26016 1.66085 -1.16089 -0.746542 0.321441 -0.592721 1.76256 0.547806 
-1.46933 -0.365991 0.374371 0.217068 -0.136986 1.33609 -2.26978 1.5897 -1.10551 -0.738149 0.320601 -0.579533 1.71531 0.549897 
-1.47861 -0.375526 0.362053 0.196326 -0.13462 1.33462 -2.27941 1.51984 -1.05005 -0.729494 0.315222 -0.56659 1.67188 0.552381 
-1.48788 -0.38506 0.349736 0.175585 -0.132253 1.33316 -2.28903 1.45137 -0.995002 -0.72096 0.30561 -0.553964 1.63235 0.555099 
-1.49741 -0.394856 0.33708 0.154273 -0.129821 1.33166 -2.29892 1.38181 -0.937886 -0.709232 0.29183 -0.541695 1.59594 0.560554 
-1.50694 -0.404652 0.324423 0.132961 -0.127389 1.33015 -2.3088 1.31382 -0.881998 -0.698173 0.274173 -0.530195 1.56372 0.566186 
-1.51647 -0.414448 0.311767 0.111649 -0.124957 1.32865 -2.31869 1.24735 -0.827603 -0.688055 0.253016 -0.519427 1.53549 0.571776 
-1.53106 -0.429449 0.292388 0.0790157 -0.121233 1.32635 -2.33383 1.15224 -0.744588 -0.671301 0.218087 -0.50802 1.49772 0.583527 
-1.54565 -0.444449 0.273008 0.0463824 -0.117509 1.32404 -2.34896 1.06013 -0.665314 -0.657282 0.176564 -0.498615 1.46809 0.594863 
-1.56047 -0.459684 0.253324 0.0132379 -0.113727 1.3217 -2.36434 0.967988 -0.587154 -0.644472 0.126392 -0.489281 1.44665 0.607242 
-1.57529 -0.47492 0.233641 -0.0199067 -0.109944 1.31936 -2.37971 0.878148 -0.51378 -0.634778 0.0716187 -0.481694 1.43185 0.618273 
-1.57066 -0.592818 0.238265 0.104249 -0.113038 1.25992 -2.36745 0.896032 -0.493821 -0.617044 0.0672063 -0.470993 1.46591 0.647952 
-1.56603 -0.710716 0.24289 0.228404 -0.116132 1.20048 -2.35519 0.913679 -0.471229 -0.595568 0.0579012 -0.455675 1.50372 0.678528 
-1.5537 -0.848703 0.255022 0.337709 -0.113621 1.16997 -2.33956 0.932219 -0.453777 -0.578942 0.0548714 -0.445917 1.53847 0.707485 
-1.54137 -0.986689 0.267155 0.447014 -0.11111 1.13947 -2.32393 0.949633 -0.428084 -0.555837 0.0439394 -0.429313 1.57657 0.739548 
-1.53209 -1.13848 0.281987 0.542168 -0.0976184 1.13406 -2.31987 0.969777 -0.413477 -0.539928 0.0441269 -0.420003 1.61101 0.768854 
-1.52281 -1.29027 0.29682 0.637322 -0.0841268 1.12864 -2.31581 0.985801 -0.384718 -0.515896 0.0299304 -0.402807 1.6498 0.800918 
-1.50276 -1.46681 0.310247 0.705385 -0.0574889 1.16965 -2.32207 1.0068 -0.371073 -0.499357 0.0332075 -0.393547 1.6831 0.830012 
-1.48271 -1.64336 0.323674 0.773447 -0.0308509 1.21065 -2.32833 1.02185 -0.341518 -0.47609 0.0159843 -0.376395 1.72278 0.862067 
-1.42866 -1.69703 0.360224 0.711444 -0.0302533 1.29981 -2.26266 1.00615 -0.347911 -0.48417 0.0190014 -0.40166 1.72814 0.832242 
-1.3746 -1.7507 0.396774 0.649441 -0.0296556 1.38896 -2.19699 0.990417 -0.349961 -0.490877 0.00489386 -0.424923 1.74864 0.801381 
-1.38311 -1.84398 0.394138 0.668029 -0.0162022 1.4577 -2.21584 0.981268 -0.49551 -0.527972 0.0585635 -0.436436 1.78845 0.725601 
-1.39158 -1.93681 0.391516 0.686529 -0.00281332 1.52611 -2.23461 0.964124 -0.624138 -0.565108 0.07061 -0.450611 1.85163 0.642115 
-1.31744 -1.99635 0.475458 0.622321 0.100838 1.49229 -2.18917 0.971889 -0.624596 -0.574851 0.0124068 -0.485948 1.85814 0.713147 
-1.26179 -2.06109 0.550978 0.548726 0.182817 1.45228 -2.14431 0.979674 -0.625037 -0.584642 -0.0460843 -0.521444 1.86469 0.784501 
-1.21671 -1.98951 0.58823 0.455545 0.115808 1.48397 -2.06663 0.978815 -0.639384 -0.593885 -0.0311233 -0.538203 1.85758 0.734296 
-1.17163 -1.91793 0.625482 0.362363 0.0487992 1.51566 -1.98894 0.965697 -0.63872 -0.603609 -0.0459471 -0.555487 1.85921 0.682987 
-1.13537 -2.01334 0.623586 0.377531 0.0491713 1.52439 -1.98315 0.983755 -0.649343 -0.63274 -0.0312188 -0.535922 1.86319 0.677519 
-1.09832 -2.11085 0.621648 0.393032 0.0495516 1.53331 -1.97723 1.00188 -0.661617 -0.664299 -0.0188697 -0.515506 1.86852 0.67131 
-1.06121 -2.02967 0.660039 0.314704 -0.0249033 1.55837 -1.92155 1.00023 -0.672916 -0.674795 -0.00649271 -0.531355 1.86245 0.621013 
-1.0241 -1.94849 0.69843 0.236375 -0.0993581 1.58342 -1.86587 0.989546 -0.676345 -0.68605 -0.0175007 -0.547739 1.86346 0.569219 
-0.966157 -1.86164 0.716484 0.160484 -0.187131 1.62081 -1.82364 0.991107 -0.692218 -0.698508 -0.000889592 -0.565274 1.8564 0.51842 
-0.908214 -1.77478 0.734537 0.0845923 -0.274904 1.65821 -1.78141 0.976799 -0.691559 -0.708521 -0.0161008 -0.58104 1.85824 0.463722 
-0.845767 -1.70151 0.733297 0.0208206 -0.353274 1.69332 -1.76716 0.97756 -0.707975 -0.722314 -0.00169741 -0.59969 1.85134 0.41216 
-0.78332 -1.62823 0.732056 -0.0429511 -0.431644 1.72843 -1.75291 0.963783 -0.70706 -0.731441 -0.014694 -0.615009 1.85292 0.356119 
-0.768119 -1.57582 0.811215 -0.0206834 -0.484907 1.67527 -1.70124 0.955513 -0.727658 -0.714461 -0.0294422 -0.609586 1.86504 0.311224 
-0.74449 -1.51795 0.882356 0.000318652 -0.548462 1.6218 -1.64872 0.947024 -0.748736 -0.697064 -0.0445811 -0.604027 1.87746 0.265226 
-0.754079 -1.54352 0.926505 -0.00910567 -0.551281 1.63825 -1.69053 1.01524 -0.844586 -0.713797 0.0679306 -0.634776 1.87485 0.253808 
-0.763668 -1.5691 0.970653 -0.01853 -0.554101 1.6547 -1.73234 1.08042 -0.932387 -0.730176 0.165457 -0.665198 1.88434 0.241138 
-0.753958 -1.53328 1.04339 0.0265556 -0.602181 1.57338 -1.68583 1.07504 -0.957804 -0.713534 0.15522 -0.661066 1.89695 0.194504 
-0.753131 -1.50873 1.11344 0.086789 -0.647182 1.471 -1.63578 1.06956 -0.983804 -0.696519 0.144758 -0.656838 1.90983 0.146836 
-0.733145 -1.47158 1.17059 0.136921 -0.716799 1.37621 -1.57916 1.06392 -1.0104 -0.679086 0.134027 -0.652507 1.92303 0.0980113 
-0.733666 -1.46395 1.19992 0.176348 -0.749821 1.3092 -1.54262 1.05823 -1.01967 -0.669983 0.125453 -0.649456 1.92801 0.074752 
-0.734187 -1.45633 1.22925 0.215776 -0.782843 1.2422 -1.50608 1.05816 -1.03767 -0.661234 0.123057 -0.648074 1.93654 0.048009 
-0.723184 -1.44366 1.24817 0.252005 -0.833865 1.17826 -1.45948 1.05156 -1.04604 -0.651982 0.11329 -0.644628 1.94146 0.0243864 
-0.712181 -1.43099 1.2671 0.288234 -0.884886 1.11431 -1.41289 1.05223 -1.06567 -0.642887 0.111756 -0.643515 1.95043 -0.00337833 
-0.698608 -1.42084 1.27811 0.333421 -0.957588 1.04114 -1.34142 1.04349 -1.07088 -0.633366 0.0982499 -0.639065 1.95505 -0.0267341 
-0.685035 -1.4107 1.28912 0.378608 -1.03029 0.967976 -1.26994 1.04613 -1.09456 -0.623971 0.100124 -0.638816 1.96475 -0.0563709 
-0.660496 -1.39255 1.2878 0.42676 -1.14992 0.904656 -1.1573 1.03439 -1.09554 -0.614367 0.0818249 -0.63319 1.96914 -0.0796972 
-0.635957 -1.37441 1.28648 0.474911 -1.26954 0.841337 -1.04466 1.03979 -1.12452 -0.604341 0.0880433 -0.63394 1.97962 -0.111354 
-0.617546 -1.34385 1.285 0.506379 -1.39669 0.829323 -0.935708 1.02606 -1.11516 -0.597596 0.0693556 -0.628286 1.98152 -0.127292 
-0.599134 -1.31329 1.28353 0.537847 -1.52385 0.817308 -0.826755 1.02429 -1.12604 -0.590988 0.0652473 -0.626642 1.98667 -0.146062 
-0.580723 -1.28273 1.28205 0.569315 -1.651 0.805294 -0.717803 1.0332 -1.15563 -0.583956 0.0755005 -0.628876 1.99505 -0.168452 
-0.565927 -1.27258 1.26792 0.601163 -1.78142 0.816623 -0.610776 1.02079 -1.13951 -0.587306 0.059194 -0.627534 1.99285 -0.178987 
-0.551131 -1.26243 1.25379 0.633011 -1.91184 0.827951 -0.503748 1.02018 -1.14451 -0.590755 0.0575228 -0.630718 1.99365 -0.191804 
-0.536335 -1.25228 1.23966 0.664859 -2.04226 0.83928 -0.396721 1.0312 -1.16967 -0.594111 0.0714531 -0.638701 1.99708 -0.207295 
-0.514577 -1.21854 1.21164 0.691754 -2.18035 0.896627 -0.306449 1.014 -1.14379 -0.596312 0.0493864 -0.635779 1.99501 -0.218779 
-0.492818 -1.1848 1.18363 0.718649 -2.31843 0.953973 -0.216178 1.0133 -1.1479 -0.599435 0.0473346 -0.638447 1.99581 -0.230358 
-0.47106 -1.15106 1.15561 0.745544 -2.45652 1.01132 -0.125906 1.02934 -1.1826 -0.60347 0.0676977 -0.647756 1.99895 -0.243119 
-0.512824 -1.19662 1.17302 0.74649 -2.4087 0.935662 -0.111655 1.02917 -1.18622 -0.607107 0.0690281 -0.65298 1.99629 -0.252896 
-0.554588 -1.24217 1.19043 0.747435 -2.36088 0.860005 -0.0974047 1.02853 -1.1909 -0.61043 0.0678323 -0.656184 1.99695 -0.265592 
-0.596352 -1.28773 1.20784 0.748381 -2.31306 0.784347 -0.0831541 1.02737 -1.1963 -0.613393 0.0637162 -0.657352 2.00094 -0.281091 
-0.632345 -1.34041 1.20927 0.74454 -2.27589 0.697649 -0.0706928 1.0268 -1.19904 -0.616903 0.0651448 -0.661876 1.99798 -0.291324 
-0.668338 -1.3931 1.21071 0.740698 -2.23873 0.61095 -0.0582314 1.02606 -1.20387 -0.620365 0.0637849 -0.665198 1.99869 -0.304614 
-0.704331 -1.44578 1.21214 0.736857 -2.20156 0.524252 -0.0457701 1.02534 -1.2106 -0.623724 0.0595937 -0.66735 2.00301 -0.320624 
-0.726469 -1.49182 1.19341 0.733391 -2.18945 0.441568 -0.0243862 1.02576 -1.21488 -0.627158 0.0621666 -0.671303 1.99993 -0.330457 
-0.748606 -1.53787 1.17469 0.729925 -2.17735 0.358884 -0.00300223 1.02498 -1.21971 -0.630665 0.0607101 -0.674674 2.00066 -0.343927 
-0.770744 -1.58391 1.15596 0.726459 -2.16524 0.2762 0.0183817 1.02325 -1.22506 -0.634196 0.0553819 -0.67748 2.00511 -0.360721 
-0.768657 -1.6164 1.11163 0.723009 -2.18447 0.203259 0.0524265 1.02488 -1.23127 -0.637587 0.058805 -0.681386 2.00198 -0.369771 
-0.766569 -1.6489 1.0673 0.71956 -2.20369 0.130318 0.0864712 1.02417 -1.23607 -0.641049 0.0574394 -0.684752 2.00269 -0.383024 
-0.764482 -1.68139 1.02297 0.71611 -2.22292 0.0573776 0.120516 1.0212 -1.23935 -0.644539 0.0512377 -0.687489 2.00719 -0.400318 
-0.781716 -1.77284 0.969264 0.696786 -2.26498 -0.0680459 0.181346 1.02374 -1.24955 -0.657554 0.0432742 -0.713437 2.01959 -0.415611 
-0.79895 -1.86429 0.915557 0.677461 -2.30705 -0.193469 0.242175 1.02202 -1.25007 -0.669662 0.0287077 -0.735424 2.03778 -0.433781 
-0.816184 -1.95574 0.861851 0.658137 -2.34911 -0.318893 0.303005 1.01492 -1.23999 -0.680775 0.0060617 -0.752499 2.06159 -0.454827 
-0.832803 -2.00814 0.787263 0.62393 -2.358 -0.436995 0.298357 1.01004 -1.24744 -0.69757 -0.000715927 -0.77923 2.06718 -0.472678 
-0.849422 -2.06055 0.712675 0.589724 -2.3669 -0.555097 0.293708 1.01431 -1.26684 -0.715991 0.00301009 -0.80813 2.07657 -0.485353 
-0.868924 -2.09172 0.647083 0.548077 -2.38174 -0.654897 0.291395 1.01164 -1.27772 -0.732967 -0.00274844 -0.835891 2.08345 -0.503132 
-0.888426 -2.12289 0.58149 0.506429 -2.39658 -0.754697 0.289082 1.01369 -1.29361 -0.75108 0 -0.863574 2.0915 -0.515781 
-0.896594 -2.05913 0.571921 0.500084 -2.37446 -0.766202 0.262235 0.984599 -1.30676 -0.72609 -0.0121762 -0.858301 2.09089 -0.558111 
-0.904762 -1.99538 0.562352 0.493739 -2.35233 -0.777707 0.235387 0.953393 -1.3182 -0.701068 -0.0275241 -0.850803 2.09146 -0.602059 
-0.914354 -2.02703 0.56018 0.478342 -2.37188 -0.785818 0.214454 0.972251 -1.29516 -0.679316 0.101192 -0.838457 2.02768 -0.446014 
-0.923945 -2.05869 0.558007 0.462945 -2.39143 -0.79393 0.19352 0.970906 -1.24199 -0.654227 0.205649 -0.822087 1.9577 -0.303512 
-0.932373 -1.99437 0.551115 0.46112 -2.36878 -0.798021 0.163874 0.939576 -1.25423 -0.626236 0.198086 -0.815608 1.95382 -0.342026 
-0.940802 -1.93005 0.544223 0.459294 -2.34613 -0.802112 0.134227 0.906839 -1.26472 -0.598058 0.187567 -0.806915 1.95105 -0.381678 
-0.958013 -1.79075 0.531012 0.452366 -2.29009 -0.806641 0.0565804 0.841057 -1.28806 -0.540392 0.168976 -0.791342 1.94425 -0.461955 
-0.971445 -1.63913 0.520731 0.424242 -2.24987 -0.817405 -0.012088 0.773892 -1.3119 -0.481503 0.15003 -0.775438 1.93728 -0.543899 
-0.984946 -1.4808 0.511808 0.386992 -2.20569 -0.832946 -0.0899955 0.705681 -1.3361 -0.421701 0.130776 -0.759288 1.9302 -0.627119 
-0.989825 -1.31895 0.501223 0.326198 -2.18021 -0.86132 -0.149668 0.636735 -1.36057 -0.361258 0.111306 -0.742964 1.92306 -0.711249 
-0.985406 -1.15927 0.488509 0.242591 -2.16936 -0.904346 -0.18945 0.567333 -1.3852 -0.300414 0.091707 -0.726531 1.91587 -0.795932 
-0.98079 -1.00212 0.479969 0.148695 -2.15539 -0.95682 -0.228788 0.497744 -1.40989 -0.239399 0.0720605 -0.710056 1.90866 -0.880834 
-0.975204 -0.847666 0.476412 0.0444342 -2.1398 -1.01808 -0.265651 0.428177 -1.43458 -0.178409 0.0524296 -0.693583 1.90144 -0.965717 
-1.00676 -0.823104 0.511922 0.000237074 -2.18644 -1.06263 -0.200944 0.436745 -1.4091 -0.182347 -0.00826036 -0.701618 1.95319 -1.05981 
-0.971591 -0.870462 0.527631 -0.023678 -2.20975 -1.11116 -0.174032 0.505109 -1.48631 -0.103928 0.157277 -0.721499 1.95575 -0.978452 
-1.03649 -0.904163 0.575406 0.0362922 -2.14551 -1.1371 -0.236862 0.515148 -1.52572 -0.0695164 0.145085 -0.715002 2.00787 -0.99595 
-1.06525 -0.880954 0.575628 -0.0124068 -2.24673 -1.17117 -0.221397 0.536098 -1.4508 -0.0602236 0.33438 -0.720513 1.8957 -0.891788 
-1.18263 -0.84223 0.674071 0.115215 -2.15475 -1.13179 -0.386251 0.556719 -1.46445 -0.0537994 0.277003 -0.673609 1.93253 -0.901674 
-1.28672 -0.762464 0.760702 0.227814 -2.08296 -1.10363 -0.563426 0.5779 -1.47849 -0.0472006 0.218132 -0.625449 1.97033 -0.911805 
-1.3707 -0.641472 0.82414 0.32214 -2.04056 -1.08551 -0.746079 0.599469 -1.49276 -0.0404851 0.158065 -0.576364 2.00887 -0.922147 
-1.43403 -0.472517 0.853054 0.394968 -2.03363 -1.08104 -0.941584 0.621296 -1.50721 -0.0336853 0.0973737 -0.526729 2.04783 -0.932586 
-1.47228 -0.438882 0.860212 0.355998 -2.13047 -1.11318 -0.943977 0.646123 -1.44494 -0.0215426 0.212449 -0.526531 1.96487 -0.8848 
-1.5112 -0.404658 0.867496 0.316344 -2.22901 -1.14588 -0.946412 0.662328 -1.33215 -0.0140215 0.287798 -0.528782 1.88627 -0.850149 
-1.55066 -0.369952 0.874882 0.276133 -2.32893 -1.17904 -0.948881 0.669648 -1.17366 -0.0116606 0.320644 -0.53253 1.81081 -0.824648 
-1.58122 -0.273544 0.858319 0.271786 -2.37247 -1.24869 -1.03637 0.660194 -1.21207 0.0294021 0.331203 -0.50754 1.83693 -0.864823 
-1.60327 -0.168916 0.836852 0.249856 -2.42675 -1.33255 -1.12913 0.650637 -1.25091 0.0709503 0.341907 -0.482252 1.86333 -0.905442 
-1.61537 -0.0692837 0.818768 0.214931 -2.48556 -1.42381 -1.21746 0.640988 -1.29015 0.112889 0.352697 -0.456729 1.89 -0.946459 
-1.69995 -0.0576551 0.825805 0.243328 -2.52543 -1.48205 -1.28041 0.629541 -1.33066 0.100091 0.367014 -0.454276 1.9033 -0.950093 
-1.78452 -0.0460265 0.832841 0.271724 -2.5653 -1.5403 -1.34336 0.616098 -1.37256 0.0859543 0.371309 -0.453077 1.92483 -0.959008 
-1.8065 -0.171968 0.855764 0.340153 -2.52311 -1.46915 -1.24075 0.614989 -1.31568 0.0885894 0.377574 -0.452488 1.91406 -0.952908 
-1.82847 -0.297909 0.878687 0.408583 -2.48093 -1.39801 -1.13813 0.610353 -1.25018 0.0889665 0.363167 -0.447529 1.91519 -0.956883 
-1.85045 -0.423851 0.90161 0.477012 -2.43874 -1.32686 -1.03552 0.601448 -1.17208 0.0862534 0.324975 -0.439242 1.92795 -0.970064 
-1.83953 -0.418179 0.914243 0.478934 -2.39543 -1.31164 -1.03051 0.587371 -1.28457 0.0781429 0.311982 -0.446486 1.9307 -0.941224 
-1.8286 -0.412507 0.926876 0.480857 -2.35213 -1.29642 -1.02551 0.57401 -1.38352 0.0693736 0.288908 -0.453243 1.93233 -0.91058 
-1.81935 -0.5246 0.949668 0.485299 -2.32762 -1.27585 -0.902718 0.575687 -1.36335 0.0759468 0.322729 -0.447922 1.92192 -0.905133 
-1.8101 -0.636694 0.972461 0.48974 -2.30312 -1.25528 -0.779925 0.572825 -1.32957 0.0783216 0.327069 -0.44389 1.92523 -0.90605 
-1.80085 -0.748787 0.995253 0.494182 -2.27861 -1.23471 -0.657133 0.566177 -1.28073 0.076684 0.302173 -0.44119 1.94133 -0.910765 
-1.77551 -0.735095 0.987285 0.483611 -2.24 -1.21805 -0.653264 0.546542 -1.34532 0.0641488 0.253527 -0.448829 1.94277 -0.886195 
-1.75018 -0.721403 0.979316 0.47304 -2.20139 -1.20138 -0.649395 0.527644 -1.39563 0.0511128 0.198139 -0.453421 1.94062 -0.857244 
-1.678 -0.77902 0.960541 0.396684 -2.20796 -1.22376 -0.469155 0.515553 -1.42771 0.0374562 0.157925 -0.458559 2.00667 -0.953304 
-1.60581 -0.836636 0.941766 0.320328 -2.21453 -1.24614 -0.288915 0.503445 -1.42639 0.0202431 0.0674776 -0.47346 2.09222 -1.05116 
