1.13317 -4.08401 2.74606 6.78602 11.6337 -5.10359 
1.13497 -3.9355 2.59663 6.36215 10.6876 -4.61852 
1.13678 -3.78698 2.4472 5.93827 9.74145 -4.13345 
1.17713 -3.78636 2.40008 5.97743 9.61413 -4.01554 
1.21748 -3.78574 2.35296 6.01658 9.4868 -3.89764 
1.29406 -3.89773 2.37583 6.41903 9.93231 -4.01508 
1.37063 -4.00973 2.39871 6.82147 10.3778 -4.13252 
1.47041 -4.17989 2.45254 7.45698 11.1476 -4.36822 
1.57019 -4.35005 2.50637 8.09249 11.9174 -4.60392 
1.67647 -4.5264 2.55886 8.80221 12.7576 -4.85233 
1.78275 -4.70275 2.61134 9.51193 13.5977 -5.10073 
1.57137 -4.52827 2.36715 9.24298 13.018 -4.94996 
1.3694 -4.36612 2.1346 9.01235 12.5056 -4.82017 
1.17573 -4.21576 1.9125 8.81918 12.0568 -4.7108 
0.987185 -4.06795 1.69602 8.62592 11.6184 -4.60174 
0.807228 -3.93969 1.49159 8.50585 11.2875 -4.53202 
0.629548 -3.80495 1.28836 8.34854 10.9151 -4.44272 
0.458268 -3.68866 1.09478 8.26353 10.6443 -4.39214 
0.28991 -3.57383 0.90441 8.17769 10.378 -4.3413 
0.124752 -3.46822 0.718861 8.12736 10.1617 -4.30948 
-0.0383016 -3.37129 0.536927 8.11262 9.99318 -4.29663 
-0.200345 -3.28248 0.357406 8.13376 9.87091 -4.30287 
-0.361659 -3.19404 0.178687 8.15446 9.74943 -4.30891 
-0.523423 -3.11299 0.000773818 8.21176 9.67237 -4.33431 
-0.361659 -3.19404 0.178687 8.15446 9.74943 -4.30891 
-0.200345 -3.28248 0.357406 8.13376 9.87091 -4.30287 
-0.0383016 -3.37129 0.536927 8.11262 9.99318 -4.29663 
0.124752 -3.46822 0.718861 8.12736 10.1617 -4.30948 
0.28991 -3.57383 0.90441 8.17769 10.378 -4.3413 
0.458268 -3.68866 1.09478 8.26353 10.6443 -4.39214 
0.629548 -3.80495 1.28836 8.34854 10.9151 -4.44272 
0.807228 -3.93969 1.49159 8.50585 11.2875 -4.53202 
0.987185 -4.06795 1.69602 8.62592 11.6184 -4.60174 
1.17573 -4.21576 1.9125 8.81918 12.0568 -4.7108 
1.3694 -4.36612 2.1346 9.01235 12.5056 -4.82017 
1.57137 -4.52827 2.36715 9.24298 13.018 -4.94996 
1.78275 -4.70275 2.61134 9.51193 13.5977 -5.10073 
1.82922 -4.44113 2.53744 9.01999 12.9495 -4.96864 
1.8767 -4.19469 2.46963 8.58079 12.3731 -4.85632 
1.92567 -3.96234 2.40776 8.19046 11.8637 -4.76346 
1.97239 -3.73503 2.34666 7.81211 11.3685 -4.66991 
2.0256 -3.52797 2.29622 7.51016 10.9817 -4.61541 
2.07269 -3.31728 2.24144 7.18441 10.5576 -4.54023 
2.12723 -3.12468 2.19699 6.929 10.2346 -4.50392 
2.18049 -2.93496 2.15298 6.67927 9.91798 -4.46681 
2.23748 -2.75428 2.11414 6.46404 9.65098 -4.44879 
2.29867 -2.58157 2.0803 6.28098 9.43081 -4.45005 
2.36454 -2.41574 2.0513 6.128 9.25508 -4.47086 
2.4301 -2.25064 2.02241 5.97621 9.08064 -4.49136 
2.50098 -2.09097 1.99814 5.852 8.94785 -4.53196 
2.58348 -1.94002 1.98278 5.77961 8.89483 -4.61395 
2.66661 -1.78763 1.9672 5.70521 8.83976 -4.69687 
2.75651 -1.63744 1.95575 5.65387 8.82179 -4.80203 
2.85365 -1.48837 1.94826 5.62437 8.83985 -4.93042 
2.95852 -1.33932 1.94457 5.61558 8.89307 -5.08322 
3.0716 -1.18924 1.94452 5.62649 8.98078 -5.26172 
3.19336 -1.03702 1.94793 5.65615 9.10245 -5.46743 
3.32429 -0.881593 1.95465 5.70368 9.25772 -5.70202 
3.47194 -0.723353 1.96853 5.79183 9.48501 -5.99176 
3.6228 -0.557905 1.98131 5.8724 9.70694 -6.29055 
3.50705 -0.656291 1.88413 5.75473 9.22604 -5.95546 
3.40012 -0.753208 1.7926 5.66 8.79693 -5.65506 
3.29477 -0.84754 1.70276 5.5648 8.38064 -5.36409 
3.19773 -0.941265 1.61801 5.49221 8.0106 -5.10382 
3.102 -1.03284 1.53467 5.41905 7.65059 -4.85095 
3.0076 -1.12225 1.45273 5.34535 7.30049 -4.60538 
2.92083 -1.21214 1.37519 5.29402 6.99039 -4.38599 
2.83512 -1.3003 1.29877 5.2421 6.68775 -4.17212 
2.75653 -1.38979 1.22617 5.21249 6.42069 -3.98119 
2.67872 -1.478 1.15442 5.18231 6.15893 -3.79422 
2.60751 -1.56839 1.08592 5.17454 5.92873 -3.62725 
2.53682 -1.65792 1.01799 5.1663 5.7019 -3.4628 
2.46665 -1.74659 0.95062 5.15759 5.47841 -3.30085 
2.40242 -1.83853 0.885806 5.17164 5.28195 -3.15555 
2.33845 -1.93005 0.821274 5.18541 5.08708 -3.01146 
2.27987 -2.02569 0.758732 5.22239 4.91593 -2.88153 
2.2213 -2.12133 0.69619 5.25938 4.74478 -2.7516 
2.16272 -2.21697 0.633648 5.29636 4.57363 -2.62168 
2.10415 -2.31261 0.571106 5.33334 4.40248 -2.49175 
2.05018 -2.41368 0.50971 5.39455 4.25041 -2.37247 
2.00043 -2.52081 0.449036 5.48063 4.11523 -2.26215 
1.9458 -2.62296 0.386935 5.54283 3.95942 -2.14001 
1.89513 -2.7316 0.325276 5.63042 3.81904 -2.0257 
1.84392 -2.84111 0.263053 5.71891 3.67569 -1.90909 
1.79613 -2.95797 0.200707 5.83392 3.5449 -1.79807 
1.74374 -3.06942 0.137216 5.9245 3.39482 -1.67627 
1.69819 -3.19559 0.073481 6.06853 3.27 -1.56567 
1.64802 -3.31633 0.00860016 6.18816 3.12578 -1.44422 
1.60049 -3.44573 -0.0572482 6.33641 2.98975 -1.32487 
1.54862 -3.56928 -0.12396 6.45952 2.8356 -1.1957 
1.50226 -3.7097 -0.192326 6.6399 2.69941 -1.07189 
1.45156 -3.84427 -0.261555 6.79519 2.54494 -0.938132 
1.4027 -3.98879 -0.332596 6.98162 2.39402 -0.802747 
1.35252 -4.13546 -0.405046 7.17136 2.23518 -0.661139 
1.30102 -4.28429 -0.478905 7.36443 2.0683 -0.513211 
1.2482 -4.43527 -0.554173 7.56086 1.89325 -0.358862 
1.14461 -4.30171 -0.669581 7.3383 1.73868 -0.562964 
1.04286 -4.16996 -0.782546 7.12016 1.58919 -0.758645 
0.942945 -4.04001 -0.893068 6.90638 1.44471 -0.946036 
0.844875 -3.91186 -1.00115 6.69692 1.30516 -1.12527 
0.750221 -3.79348 -1.10911 6.5191 1.17541 -1.30193 
0.655648 -3.66875 -1.21255 6.31759 1.04502 -1.46597 
0.750221 -3.79348 -1.10911 6.5191 1.17541 -1.30193 
0.844875 -3.91186 -1.00115 6.69692 1.30516 -1.12527 
0.942945 -4.04001 -0.893068 6.90638 1.44471 -0.946036 
1.04286 -4.16996 -0.782546 7.12016 1.58919 -0.758645 
1.14461 -4.30171 -0.669581 7.3383 1.73868 -0.562964 
1.2482 -4.43527 -0.554173 7.56086 1.89325 -0.358862 
1.0201 -4.24423 -0.532255 7.56225 1.85696 -0.360801 
0.794722 -4.04788 -0.509625 7.52824 1.81358 -0.360969 
0.575765 -3.86307 -0.488402 7.52025 1.77801 -0.362307 
0.361919 -3.6889 -0.468485 7.53926 1.75005 -0.364881 
0.575765 -3.86307 -0.488402 7.52025 1.77801 -0.362307 
0.794722 -4.04788 -0.509625 7.52824 1.81358 -0.360969 
1.0201 -4.24423 -0.532255 7.56225 1.85696 -0.360801 
1.2482 -4.43527 -0.554173 7.56086 1.89325 -0.358862 
1.25594 -4.24719 -0.404738 7.20166 2.02241 -0.335585 
1.26368 -4.05911 -0.255304 6.84246 2.15158 -0.312308 
1.27132 -3.88221 -0.114003 6.51936 2.26665 -0.291402 
1.27896 -3.7053 0.0272978 6.19626 2.38172 -0.270496 
1.28806 -3.54245 0.16166 5.91787 2.49093 -0.252197 
1.29716 -3.3796 0.296022 5.63949 2.60014 -0.233898 
1.30803 -3.22925 0.425195 5.39997 2.70761 -0.21777 
1.31889 -3.0789 0.554368 5.16046 2.81508 -0.201642 
1.33335 -2.94264 0.681003 4.96529 2.93153 -0.187679 
1.34781 -2.80637 0.807639 4.77011 3.04797 -0.173716 
1.36632 -2.68185 0.934361 4.61262 3.17901 -0.161396 
1.38484 -2.55734 1.06108 4.45514 3.31005 -0.149075 
1.40787 -2.44224 1.19052 4.32956 3.46148 -0.137916 
1.43091 -2.32714 1.31995 4.20398 3.61291 -0.126758 
1.45893 -2.21913 1.45471 4.10521 3.79088 -0.116307 
1.48696 -2.11111 1.58948 4.00643 3.96886 -0.105857 
1.52216 -2.00995 1.73427 3.93836 4.18982 -0.0958605 
1.55736 -1.90879 1.87907 3.87029 4.41079 -0.0858642 
1.60035 -1.81137 2.03739 3.82747 4.68505 -0.0757307 
1.64334 -1.71395 2.1957 3.78464 4.9593 -0.0655972 
1.69475 -1.61717 2.37104 3.76193 5.29884 -0.0547059 
1.74616 -1.52038 2.54639 3.73921 5.63838 -0.0438146 
1.80848 -1.42244 2.74519 3.73901 6.07024 -0.0315273 
1.8708 -1.3245 2.944 3.7388 6.5021 -0.01924 
