364
-0.20944 0.122173 0.174533 1.309 0.261799 0.698132 -0.106584 1.06335 0.282882 -0.115211 -1.95829 -1.35962 
-0.182123 0.0894212 0.193111 1.26285 0.182537 0.647325 -0.0794428 1.07907 0.260359 -0.106682 -1.92033 -1.32078 
-0.158782 0.0534279 0.214832 1.21838 0.104207 0.595755 -0.0445196 1.09836 0.242288 -0.100288 -1.88661 -1.28544 
-0.131649 0.0188786 0.237739 1.17992 0.0312294 0.545776 -0.0122965 1.11073 0.21943 -0.0869696 -1.85827 -1.25251 
-0.106307 -0.0208369 0.263378 1.14424 -0.0382126 0.494119 0.0243691 1.12459 0.20026 -0.0717693 -1.83643 -1.22272 
-0.077838 -0.0614377 0.291824 1.11303 -0.101445 0.441799 0.0572534 1.13355 0.179491 -0.0487474 -1.82134 -1.1957 
-0.049287 -0.104533 0.320988 1.08466 -0.162042 0.38688 0.0942702 1.14327 0.160714 -0.0229374 -1.80965 -1.17203 
-0.0392457 -0.131989 0.315763 1.03194 -0.154305 0.377436 0.0761925 1.1225 0.181772 -0.0777809 -1.81677 -1.15923 
-0.0301431 -0.163954 0.309447 0.980667 -0.140644 0.368695 0.0588638 1.10043 0.202947 -0.133398 -1.82288 -1.14757 
-0.020281 -0.201715 0.304082 0.931215 -0.116778 0.361087 0.0325486 1.0742 0.223447 -0.184059 -1.83264 -1.13683 
-0.0105145 -0.242102 0.295248 0.883469 -0.0867212 0.355394 0.00554893 1.04593 0.242952 -0.236439 -1.83928 -1.12632 
0.00096772 -0.285785 0.282906 0.837879 -0.0477091 0.352285 -0.0331783 1.01325 0.259694 -0.284236 -1.84544 -1.11609 
0.0132589 -0.330028 0.264909 0.795065 -0.00335173 0.352376 -0.0740909 0.978256 0.274031 -0.334782 -1.84657 -1.1052 
0.0288591 -0.372373 0.238363 0.756134 0.0449876 0.356656 -0.12902 0.938956 0.281056 -0.379794 -1.84116 -1.09449 
0.0456208 -0.413216 0.205205 0.722113 0.0959301 0.36484 -0.186894 0.897701 0.284076 -0.428898 -1.82975 -1.08326 
0.064943 -0.443807 0.16114 0.694834 0.13984 0.377278 -0.256348 0.853547 0.273838 -0.471064 -1.80529 -1.07365 
0.0840296 -0.472021 0.111884 0.674536 0.182341 0.393405 -0.327884 0.80793 0.258651 -0.519342 -1.77648 -1.06486 
0.104324 -0.483482 0.0526281 0.663302 0.205868 0.412285 -0.410369 0.759905 0.224563 -0.554086 -1.73301 -1.0638 
0.121717 -0.493908 -0.00936509 0.659617 0.225604 0.435416 -0.492934 0.710029 0.185967 -0.598402 -1.69074 -1.06505 
0.13543 -0.478688 -0.0781728 0.663915 0.21204 0.458904 -0.581 0.657597 0.123948 -0.619074 -1.63359 -1.08331 
0.144433 -0.4665 -0.148577 0.674048 0.195519 0.489405 -0.666292 0.601855 0.0596512 -0.653588 -1.58618 -1.1042 
0.141519 -0.422512 -0.219712 0.685745 0.140307 0.518977 -0.749711 0.543323 -0.0246589 -0.658289 -1.52742 -1.14864 
0.133951 -0.385795 -0.293408 0.700349 0.0845396 0.559499 -0.827674 0.480421 -0.108204 -0.680751 -1.48579 -1.19318 
0.11073 -0.308787 -0.365082 0.709965 -0.0152297 0.600881 -0.908257 0.409484 -0.21237 -0.6543 -1.43227 -1.27792 
0.0847689 -0.245629 -0.442893 0.72077 -0.112228 0.659853 -0.97954 0.334498 -0.311256 -0.657106 -1.40659 -1.35594 
0.0341668 -0.134976 -0.506558 0.719588 -0.246431 0.723803 -1.06207 0.248044 -0.425774 -0.598505 -1.37087 -1.47526 
-0.0155667 -0.0416877 -0.580671 0.721554 -0.380921 0.809423 -1.12889 0.160242 -0.529176 -0.58412 -1.37209 -1.57442 
-0.0684691 -0.0115817 -0.57789 0.75864 -0.388777 0.879419 -1.17216 0.135043 -0.535965 -0.641231 -1.39355 -1.43508 
-0.118297 0.0253343 -0.57852 0.793414 -0.404049 0.950576 -1.21578 0.103883 -0.550342 -0.689773 -1.41373 -1.30884 
-0.164982 0.0635976 -0.578955 0.827068 -0.418825 1.02025 -1.26033 0.0692928 -0.566978 -0.736505 -1.43436 -1.18326 
-0.20861 0.0989216 -0.576194 0.860146 -0.426381 1.08582 -1.30683 0.0338981 -0.58186 -0.789109 -1.45965 -1.04842 
-0.249272 0.138664 -0.576444 0.891033 -0.440587 1.15132 -1.35462 -0.00810816 -0.602985 -0.830232 -1.48055 -0.923187 
-0.287381 0.177759 -0.576169 0.920413 -0.45402 1.21408 -1.4054 -0.0535113 -0.625896 -0.866651 -1.50129 -0.796961 
-0.323612 0.217448 -0.577398 0.947365 -0.471594 1.27535 -1.45952 -0.104338 -0.653169 -0.888413 -1.51492 -0.676991 
-0.359051 0.249957 -0.574009 0.972524 -0.479799 1.33096 -1.5191 -0.154003 -0.678579 -0.910568 -1.53374 -0.547492 
-0.394503 0.27602 -0.568125 0.993891 -0.482709 1.38215 -1.58255 -0.203234 -0.704722 -0.924098 -1.55027 -0.417284 
-0.430048 0.295727 -0.561835 1.00899 -0.483378 1.42991 -1.64705 -0.250814 -0.732507 -0.921742 -1.55538 -0.294714 
-0.465012 0.306348 -0.551517 1.01892 -0.472394 1.47209 -1.71077 -0.29056 -0.75714 -0.921736 -1.56636 -0.168529 
-0.498259 0.312242 -0.542886 1.0216 -0.460545 1.51125 -1.7704 -0.325296 -0.781202 -0.911701 -1.56608 -0.0524706 
-0.529304 0.314118 -0.534681 1.01933 -0.445275 1.5471 -1.82594 -0.354104 -0.802869 -0.901164 -1.56478 0.0596787 
-0.557985 0.31347 -0.527434 1.01331 -0.428224 1.58014 -1.87756 -0.3783 -0.822296 -0.891074 -1.56335 0.168384 
-0.584372 0.311261 -0.521327 1.0046 -0.410465 1.61075 -1.92567 -0.399051 -0.839738 -0.881793 -1.56237 0.274163 
-0.608625 0.308106 -0.516351 0.994021 -0.39266 1.63923 -1.97068 -0.417263 -0.855466 -0.873399 -1.5622 0.377434 
-0.629857 0.304526 -0.514761 0.980481 -0.378834 1.66613 -2.01238 -0.433422 -0.869352 -0.861061 -1.55267 0.472824 
-0.650401 0.300586 -0.511574 0.968113 -0.361688 1.69137 -2.05212 -0.44819 -0.882271 -0.854398 -1.55486 0.57159 
-0.667962 0.296528 -0.5116 0.953621 -0.34886 1.71523 -2.08919 -0.461508 -0.893341 -0.844386 -1.54784 0.663163 
-0.685455 0.292626 -0.509635 0.940998 -0.333019 1.73789 -2.12443 -0.474409 -0.904231 -0.838979 -1.55261 0.757971 
-0.699975 0.28872 -0.510684 0.926786 -0.32156 1.75931 -2.15745 -0.486099 -0.913219 -0.830755 -1.54826 0.846066 
-0.713203 0.285092 -0.511968 0.913118 -0.310691 1.77988 -2.18863 -0.497203 -0.921379 -0.823281 -1.5453 0.932288 
-0.725243 0.281816 -0.513382 0.900129 -0.300441 1.79968 -2.21803 -0.507853 -0.928819 -0.816456 -1.54368 1.01665 
-0.736185 0.278956 -0.514834 0.887923 -0.290834 1.81876 -2.24573 -0.518151 -0.935632 -0.810194 -1.54334 1.09917 
-0.746111 0.276564 -0.516242 0.876578 -0.281889 1.83718 -2.27176 -0.528176 -0.941893 -0.804423 -1.54422 1.17983 
-0.752982 0.274254 -0.520148 0.864565 -0.276841 1.85497 -2.29665 -0.536917 -0.946008 -0.797346 -1.53641 1.25448 
-0.761186 0.272991 -0.52112 0.855293 -0.268932 1.87258 -2.31961 -0.546473 -0.951392 -0.792406 -1.53965 1.33114 
-0.766277 0.271807 -0.524522 0.845479 -0.264879 1.8896 -2.34171 -0.554719 -0.954578 -0.786552 -1.53431 1.40212 
-0.772957 0.27176 -0.524901 0.838364 -0.258106 1.90645 -2.36182 -0.563961 -0.959255 -0.782279 -1.53963 1.4749 
-0.77647 0.271767 -0.527666 0.830792 -0.255121 1.92276 -2.38135 -0.571833 -0.961684 -0.777459 -1.53651 1.54234 
-0.779326 0.272432 -0.529999 0.824433 -0.252523 1.93895 -2.3997 -0.579534 -0.963826 -0.773075 -1.53443 1.60789 
-0.781552 0.273748 -0.531899 0.819268 -0.250339 1.95499 -2.41691 -0.58708 -0.9657 -0.769102 -1.53334 1.6716 
-0.783168 0.275704 -0.533369 0.815271 -0.248592 1.97088 -2.43306 -0.594484 -0.967325 -0.765517 -1.53318 1.73356 
-0.784197 0.278286 -0.534414 0.812416 -0.247299 1.98659 -2.4482 -0.60176 -0.968717 -0.762301 -1.5339 1.79383 
-0.784657 0.281478 -0.535043 0.810672 -0.246473 2.00213 -2.46239 -0.608916 -0.969891 -0.759435 -1.53546 1.85249 
-0.78187 0.284678 -0.537912 0.808788 -0.248889 2.01768 -2.47676 -0.614563 -0.968733 -0.756905 -1.52902 1.90666 
-0.781372 0.289128 -0.537602 0.809364 -0.248699 2.03322 -2.48923 -0.621479 -0.969592 -0.754626 -1.5321 1.96194 
-0.777556 0.293546 -0.539591 0.809791 -0.251741 2.0488 -2.50206 -0.626893 -0.968082 -0.752846 -1.52725 2.01314 
-0.776102 0.299141 -0.538445 0.812535 -0.25226 2.06423 -2.51304 -0.633605 -0.968644 -0.751125 -1.5317 2.06541 
-0.771274 0.30466 -0.539659 0.815121 -0.255982 2.07973 -2.52452 -0.638821 -0.966809 -0.750036 -1.52827 2.11399 
-0.766016 0.310756 -0.540453 0.818837 -0.259908 2.09538 -2.53539 -0.643962 -0.964868 -0.749206 -1.52544 2.16118 
-0.760316 0.317394 -0.540865 0.823643 -0.264063 2.11113 -2.54569 -0.649035 -0.962818 -0.74863 -1.52317 2.20707 
-0.754165 0.324538 -0.540932 0.829504 -0.268462 2.12696 -2.55547 -0.65405 -0.960657 -0.748302 -1.52142 2.25178 
-0.747554 0.332156 -0.54069 0.836387 -0.273117 2.14282 -2.56476 -0.659015 -0.958387 -0.748217 -1.52018 2.29537 
-0.740476 0.340214 -0.540175 0.844261 -0.278035 2.15872 -2.57361 -0.663941 -0.956009 -0.748373 -1.51939 2.33795 
-0.730028 0.348268 -0.542135 0.852189 -0.285896 2.17522 -2.58316 -0.667625 -0.951209 -0.749172 -1.51054 2.37774 
-0.722111 0.35726 -0.541047 0.862177 -0.291117 2.19148 -2.59117 -0.67251 -0.948698 -0.749652 -1.51047 2.41809 
-0.710797 0.36624 -0.542556 0.872211 -0.299348 2.20837 -2.59988 -0.676277 -0.943738 -0.750737 -1.50223 2.45609 
-0.701976 0.376025 -0.541067 0.884208 -0.30494 2.22487 -2.60718 -0.681161 -0.941076 -0.751551 -1.50276 2.49457 
-0.689763 0.385793 -0.542297 0.896247 -0.313588 2.24205 -2.61517 -0.685053 -0.935946 -0.752909 -1.49503 2.53111 
-0.67715 0.395997 -0.543388 0.909374 -0.32236 2.25954 -2.62279 -0.689055 -0.930774 -0.754299 -1.48742 2.56682 
-0.664124 0.4066 -0.544392 0.923566 -0.331277 2.27731 -2.63003 -0.693178 -0.925554 -0.755724 -1.47992 2.60178 
-0.650678 0.417562 -0.545358 0.938805 -0.340353 2.29532 -2.63694 -0.697436 -0.920282 -0.757184 -1.4725 2.6361 
-0.636808 0.428849 -0.546333 0.955073 -0.349594 2.31356 -2.64354 -0.701842 -0.914955 -0.758685 -1.46514 2.66983 
-0.622513 0.440426 -0.547366 0.972358 -0.359004 2.332 -2.64985 -0.706412 -0.909573 -0.760228 -1.45783 2.70305 
-0.607796 0.452262 -0.548503 0.990648 -0.368582 2.35065 -2.6559 -0.711161 -0.904135 -0.761819 -1.45055 2.73583 
-0.590131 0.464274 -0.552757 1.0092 -0.381256 2.37061 -2.66212 -0.715739 -0.89629 -0.763164 -1.43432 2.76779 
-0.574683 0.476692 -0.554139 1.02971 -0.391018 2.38998 -2.66751 -0.720946 -0.89083 -0.764636 -1.42686 2.79944 
-0.556474 0.489269 -0.558804 1.05045 -0.403919 2.41073 -2.67294 -0.726229 -0.882992 -0.765639 -1.41034 2.83069 
-0.540326 0.502113 -0.56064 1.07314 -0.413859 2.43075 -2.67777 -0.731973 -0.877503 -0.767015 -1.40265 2.86152 
-0.521659 0.515088 -0.565913 1.09602 -0.426927 2.45223 -2.68247 -0.738039 -0.869685 -0.767677 -1.3858 2.8923 
-0.502863 0.528282 -0.571507 1.12009 -0.439995 2.47423 -2.68671 -0.744567 -0.861946 -0.768031 -1.36871 2.92272 
-0.483973 0.541643 -0.577467 1.14533 -0.453041 2.49674 -2.6905 -0.751576 -0.854292 -0.768073 -1.35138 2.95282 
-0.465027 0.555119 -0.583838 1.17173 -0.466032 2.51974 -2.69389 -0.759086 -0.846732 -0.767801 -1.3338 2.98266 
-0.446065 0.568664 -0.590658 1.19928 -0.47893 2.54322 -2.69688 -0.767116 -0.839277 -0.767209 -1.31597 3.0123 
-0.427135 0.582232 -0.597962 1.22799 -0.491688 2.56717 -2.69951 -0.775684 -0.831937 -0.766291 -1.2979 3.04176 
-0.441328 0.580035 -0.577027 1.23712 -0.475935 2.55598 -2.70143 -0.754084 -0.839256 -0.777927 -1.36975 3.03486 
-0.457129 0.576644 -0.556832 1.24435 -0.461424 2.54348 -2.70378 -0.733719 -0.846461 -0.788772 -1.44106 3.03155 
-0.472769 0.571902 -0.540705 1.24895 -0.450618 2.53113 -2.70567 -0.714503 -0.851526 -0.797565 -1.50295 3.03235 
-0.489769 0.56593 -0.525261 1.25234 -0.440456 2.51822 -2.70728 -0.696188 -0.856442 -0.805335 -1.56412 3.0357 
-0.508059 0.558761 -0.510525 1.25474 -0.430858 2.50499 -2.70835 -0.678785 -0.861206 -0.811959 -1.62444 3.0414 
-0.527515 0.550445 -0.496517 1.25636 -0.421739 2.49166 -2.70862 -0.662303 -0.865786 -0.817326 -1.68376 3.04931 
-0.547977 0.541054 -0.483247 1.25738 -0.413014 2.47843 -2.70789 -0.646747 -0.870127 -0.821346 -1.74187 3.05929 
-0.566811 0.530272 -0.473843 1.25656 -0.406374 2.46604 -2.70637 -0.631273 -0.871825 -0.823561 -1.79008 3.07151 
-0.586122 0.518648 -0.465021 1.25548 -0.39949 2.45402 -2.70384 -0.616453 -0.873188 -0.824573 -1.83669 3.08491 
-0.605755 0.506277 -0.456771 1.25425 -0.392319 2.44246 -2.70021 -0.602285 -0.874164 -0.824387 -1.88153 3.09939 
-0.625558 0.493258 -0.449077 1.25295 -0.384826 2.43139 -2.69545 -0.588761 -0.8747 -0.823016 -1.92447 3.11485 
-0.642812 0.479115 -0.444907 1.24981 -0.378218 2.42108 -2.69084 -0.574717 -0.872511 -0.820638 -1.95717 3.13088 
-0.617956 0.459058 -0.429314 1.3357 -0.42043 2.34172 -2.64926 -0.539946 -0.871406 -0.883384 -1.98371 3.09588 
-0.588704 0.436684 -0.418238 1.41791 -0.467218 2.26044 -2.60697 -0.504998 -0.867821 -0.946661 -2.00483 3.05962 
-0.555464 0.412213 -0.411944 1.4961 -0.518438 2.17743 -2.56383 -0.470343 -0.861901 -1.0096 -2.01942 3.02211 
-0.518781 0.386046 -0.41058 1.57003 -0.573822 2.09317 -2.51969 -0.436568 -0.853883 -1.07113 -2.02652 2.9834 
-0.477769 0.358727 -0.416686 1.63689 -0.632341 2.00903 -2.47551 -0.403812 -0.842263 -1.12876 -2.01637 2.94313 
-0.435008 0.331141 -0.427436 1.69924 -0.693683 1.92552 -2.42974 -0.373377 -0.829484 -1.18239 -1.9979 2.90203 
-0.391485 0.303941 -0.442656 1.75717 -0.757159 1.84381 -2.38225 -0.345771 -0.816024 -1.23113 -1.97156 2.8603 
-0.348248 0.277723 -0.462095 1.81078 -0.821998 1.76507 -2.33301 -0.321292 -0.802389 -1.2745 -1.93827 2.81808 
-0.305478 0.253461 -0.487109 1.8574 -0.885074 1.69159 -2.28312 -0.299698 -0.78786 -1.30983 -1.89047 2.77508 
-0.265478 0.230613 -0.513803 1.90233 -0.950144 1.62173 -2.23042 -0.281306 -0.775242 -1.34265 -1.84739 2.7319 
-0.227471 0.210433 -0.54475 1.94027 -1.01112 1.55859 -2.1773 -0.26502 -0.762667 -1.36797 -1.7931 2.68778 
-0.192181 0.192528 -0.577834 1.97368 -1.06985 1.50102 -2.12271 -0.250403 -0.751271 -1.38933 -1.73775 2.64278 
-0.159449 0.176883 -0.612456 2.00242 -1.12555 1.44888 -2.06674 -0.236554 -0.740961 -1.40744 -1.6825 2.59664 
-0.128481 0.163672 -0.648856 2.02427 -1.1743 1.40275 -2.01052 -0.222431 -0.731245 -1.41924 -1.61988 2.54889 
-0.0993982 0.15172 -0.684659 2.04346 -1.22217 1.35947 -1.95173 -0.207344 -0.722543 -1.4321 -1.56707 2.49978 
-0.071075 0.141136 -0.720925 2.05621 -1.26231 1.32019 -1.89276 -0.190566 -0.714499 -1.43871 -1.50765 2.44877 
-0.0432279 0.13087 -0.756418 2.06471 -1.29808 1.28261 -1.83241 -0.17168 -0.707198 -1.44267 -1.44981 2.39606 
-0.0154487 0.120159 -0.790804 2.06929 -1.32976 1.24557 -1.7708 -0.150506 -0.700729 -1.44378 -1.39322 2.34177 
0.0124547 0.109006 -0.82469 2.06893 -1.35463 1.2098 -1.70953 -0.128091 -0.696269 -1.43801 -1.32964 2.28556 
0.0407685 0.0956931 -0.856451 2.06685 -1.37958 1.17149 -1.64616 -0.103237 -0.692318 -1.43313 -1.27462 2.22856 
0.0692397 0.0816356 -0.887765 2.06078 -1.39864 1.13413 -1.58387 -0.0783925 -0.691492 -1.4215 -1.2124 2.16971 
0.0983008 0.0647887 -0.917029 2.05356 -1.41874 1.09351 -1.52025 -0.051944 -0.691385 -1.41098 -1.15819 2.11073 
0.12743 0.0478683 -0.94614 2.043 -1.43332 1.05466 -1.45842 -0.0267192 -0.695372 -1.39443 -1.09709 2.04968 
0.156572 0.0319214 -0.975277 2.02921 -1.4419 1.01858 -1.39856 -0.00323562 -0.704059 -1.37266 -1.02967 1.98596 
0.186357 0.0138479 -1.0027 2.01483 -1.45183 0.979895 -1.33837 0.0207322 -0.713704 -1.35315 -0.970406 1.92255 
0.216511 -0.0043624 -1.02936 1.99883 -1.45941 0.941697 -1.27943 0.0439136 -0.726265 -1.3327 -0.91228 1.85807 
0.246733 -0.0198304 -1.05614 1.98001 -1.46001 0.907717 -1.22316 0.0651836 -0.744254 -1.30862 -0.848769 1.79035 
0.277333 -0.0342928 -1.08213 1.9598 -1.45747 0.874971 -1.16863 0.0857092 -0.765394 -1.28472 -0.786993 1.72143 
0.308321 -0.0474806 -1.10728 1.93842 -1.45169 0.843579 -1.11612 0.105613 -0.789614 -1.26136 -0.727132 1.65154 
0.339703 -0.0591785 -1.13153 1.91605 -1.44258 0.813604 -1.06593 0.12504 -0.816797 -1.2389 -0.669358 1.58101 
0.371477 -0.069234 -1.1548 1.89293 -1.43015 0.785051 -1.01834 0.144149 -0.846772 -1.21767 -0.613833 1.5102 
0.4033 -0.0740664 -1.17759 1.86755 -1.40886 0.761657 -0.974985 0.162667 -0.882608 -1.19582 -0.554659 1.43644 
0.435682 -0.0804405 -1.19866 1.84356 -1.38986 0.735722 -0.933447 0.181586 -0.917409 -1.17845 -0.504169 1.36648 
0.468081 -0.0814376 -1.21895 1.81764 -1.36204 0.714504 -0.896737 0.200537 -0.957547 -1.16166 -0.450602 1.29445 
0.50064 -0.0807267 -1.23789 1.79186 -1.33132 0.693858 -0.863599 0.219871 -0.999037 -1.14825 -0.400111 1.22425 
0.533354 -0.0786779 -1.25544 1.76655 -1.29811 0.673294 -0.833984 0.23964 -1.0412 -1.13863 -0.352817 1.15642 
0.566254 -0.0757607 -1.27155 1.74208 -1.26285 0.652238 -0.807705 0.259839 -1.08328 -1.13319 -0.308839 1.09146 
0.597037 -0.136784 -1.29515 1.75203 -1.36707 0.607755 -0.718755 0.28746 -1.05587 -1.07171 -0.311587 1.14288 
0.621082 -0.200679 -1.32027 1.7503 -1.46905 0.564129 -0.630278 0.316596 -1.0279 -1.01306 -0.322263 1.19232 
0.639956 -0.261751 -1.34643 1.7354 -1.56394 0.526485 -0.545991 0.34771 -1.00453 -0.955596 -0.335069 1.2363 
0.649997 -0.32864 -1.3725 1.71069 -1.65953 0.484002 -0.460184 0.379339 -0.973958 -0.904973 -0.357089 1.28141 
0.656079 -0.390183 -1.39815 1.67355 -1.74763 0.448425 -0.381075 0.412517 -0.948002 -0.855463 -0.379792 1.32164 
0.655455 -0.449781 -1.42228 1.62652 -1.83087 0.414323 -0.305948 0.446164 -0.920776 -0.809813 -0.405015 1.36094 
0.648495 -0.505713 -1.44405 1.57059 -1.90853 0.382429 -0.23582 0.480054 -0.892824 -0.767296 -0.431621 1.39997 
0.641222 -0.553006 -1.464 1.50716 -1.97965 0.359088 -0.174471 0.514476 -0.870134 -0.723913 -0.459381 1.43675 
0.629683 -0.594807 -1.48098 1.43839 -2.04557 0.338876 -0.118049 0.548642 -0.847563 -0.68218 -0.488044 1.47451 
0.672067 -0.597191 -1.47749 1.47467 -1.95852 0.29936 -0.145953 0.555011 -0.881943 -0.673289 -0.4653 1.38186 
0.718403 -0.59654 -1.46847 1.51185 -1.86722 0.263141 -0.176079 0.557918 -0.915231 -0.665181 -0.439152 1.29258 
0.77379 -0.589612 -1.45398 1.54787 -1.76915 0.233566 -0.212986 0.558756 -0.95246 -0.654845 -0.410367 1.20505 
0.830922 -0.578873 -1.43222 1.58171 -1.66465 0.204849 -0.254121 0.55684 -0.988077 -0.645748 -0.376915 1.12184 
0.887967 -0.564373 -1.40277 1.61251 -1.55344 0.175474 -0.299964 0.552756 -1.02152 -0.638851 -0.338105 1.04359 
0.949861 -0.543062 -1.36514 1.63763 -1.43092 0.146521 -0.355305 0.548998 -1.05714 -0.631759 -0.292549 0.969466 
0.999137 -0.521943 -1.31892 1.66213 -1.30671 0.11041 -0.409783 0.541941 -1.08209 -0.635136 -0.240909 0.902932 
1.04571 -0.495271 -1.26344 1.6833 -1.17246 0.0702472 -0.470503 0.535249 -1.1043 -0.645723 -0.181057 0.841548 
1.07728 -0.467778 -1.19964 1.70568 -1.03751 0.024562 -0.528298 0.525353 -1.11528 -0.672407 -0.118101 0.783834 
0.955202 -0.530357 -1.18619 1.78341 -1.09293 0.0195049 -0.424973 0.440136 -1.0162 -0.687408 -0.0757599 0.781097 
0.860353 -0.588752 -1.16638 1.84573 -1.13156 -0.00136562 -0.325708 0.372513 -0.928912 -0.685791 -0.0148671 0.78785 
0.788848 -0.637265 -1.1432 1.89434 -1.15485 -0.0258399 -0.240251 0.321133 -0.858916 -0.669657 0.0502214 0.80374 
0.727046 -0.681885 -1.11857 1.93371 -1.174 -0.0527825 -0.157539 0.280112 -0.797619 -0.643139 0.114056 0.828029 
0.678738 -0.718441 -1.09277 1.96536 -1.18503 -0.0769684 -0.086886 0.250211 -0.749648 -0.611535 0.169353 0.859453 
0.637445 -0.750053 -1.06624 1.9913 -1.19254 -0.0991789 -0.0214367 0.228545 -0.709603 -0.576503 0.215717 0.896586 
0.60151 -0.777035 -1.03904 2.01249 -1.1972 -0.118968 0.0400262 0.214244 -0.676115 -0.539481 0.25204 0.938077 
0.571908 -0.798778 -1.01114 2.03052 -1.19788 -0.135303 0.0942262 0.206222 -0.649723 -0.503658 0.277403 0.981415 
0.545259 -0.816438 -0.982503 2.04512 -1.19659 -0.14906 0.146403 0.203752 -0.62776 -0.467365 0.292939 1.02618 
0.521084 -0.829821 -0.953051 2.05648 -1.1933 -0.160002 0.197004 0.206518 -0.609904 -0.430859 0.298556 1.07126 
0.498997 -0.838653 -0.922663 2.06475 -1.18796 -0.167879 0.246349 0.214206 -0.595954 -0.394323 0.294309 1.11557 
0.478641 -0.842593 -0.891203 2.07008 -1.18046 -0.17243 0.294679 0.226465 -0.585786 -0.357915 0.280417 1.15813 
0.460699 -0.842067 -0.858645 2.07408 -1.17026 -0.17401 0.338593 0.241304 -0.579428 -0.324128 0.259146 1.19679 
0.443428 -0.836311 -0.824769 2.07552 -1.15769 -0.172304 0.382108 0.259484 -0.576343 -0.290648 0.229974 1.2324 
0.426385 -0.824857 -0.789465 2.07457 -1.14242 -0.16708 0.425418 0.280537 -0.576544 -0.257723 0.193428 1.26455 
0.409761 -0.808738 -0.752888 2.07278 -1.12409 -0.15946 0.465385 0.302149 -0.579586 -0.22763 0.152817 1.29201 
0.392069 -0.786355 -0.714842 2.06887 -1.10232 -0.148388 0.505771 0.325407 -0.585683 -0.198679 0.106621 1.3161 
0.372627 -0.757274 -0.67545 2.06306 -1.07658 -0.133695 0.546823 0.349679 -0.59484 -0.171565 0.0555762 1.33706 
0.350702 -0.721215 -0.63501 2.05563 -1.04628 -0.115316 0.588791 0.374248 -0.60697 -0.147215 0.000575743 1.3553 
0.32614 -0.680088 -0.594201 2.04758 -1.01125 -0.0953595 0.628791 0.39702 -0.62098 -0.127713 -0.054731 1.3706 
0.297807 -0.6322 -0.553467 2.03804 -0.970742 -0.072405 0.67027 0.419034 -0.637307 -0.112891 -0.112275 1.38465 
0.265479 -0.578028 -0.513699 2.02722 -0.924489 -0.0470222 0.713369 0.439805 -0.655419 -0.104066 -0.171246 1.39825 
0.229537 -0.519861 -0.47588 2.01507 -0.872879 -0.0220029 0.755174 0.458264 -0.67384 -0.102754 -0.229018 1.41125 
0.190302 -0.455597 -0.440948 2.0017 -0.815699 0.00524476 0.801406 0.476041 -0.693414 -0.109315 -0.289514 1.4264 
0.148502 -0.389695 -0.409695 1.98547 -0.754456 0.0282893 0.843076 0.491445 -0.711227 -0.125139 -0.347617 1.44148 
0.106249 -0.320327 -0.382696 1.96823 -0.69005 0.0504333 0.887746 0.506065 -0.728608 -0.150078 -0.408631 1.46014 
0.0640791 -0.250093 -0.360161 1.94813 -0.624251 0.0671731 0.928761 0.519075 -0.743723 -0.184408 -0.470265 1.48083 
0.0244691 -0.180507 -0.341384 1.92687 -0.559242 0.0781071 0.967301 0.530009 -0.756774 -0.226758 -0.533748 1.50443 
-0.0129584 -0.112545 -0.325885 1.90296 -0.496471 0.0811118 0.999516 0.538483 -0.767331 -0.276225 -0.598688 1.52941 
-0.0457521 -0.0491039 -0.311292 1.87915 -0.438067 0.0763548 1.02704 0.542855 -0.776373 -0.328871 -0.664312 1.55518 
-0.0736959 0.00775099 -0.29545 1.85636 -0.384917 0.0640334 1.04988 0.541744 -0.784833 -0.380663 -0.728631 1.57996 
-0.0972853 0.0565994 -0.276454 1.83535 -0.337114 0.0452609 1.06884 0.534154 -0.793827 -0.42729 -0.789405 1.60211 
-0.120104 0.0997358 -0.255444 1.81372 -0.293872 0.0206422 1.08169 0.521417 -0.803413 -0.46913 -0.846809 1.62053 
-0.143033 0.13736 -0.232074 1.79198 -0.254983 -0.00829298 1.08886 0.503834 -0.814161 -0.50374 -0.899948 1.63456 
-0.160379 0.162328 -0.199014 1.77761 -0.219241 -0.0366297 1.09921 0.47695 -0.829164 -0.514642 -0.941029 1.6429 
-0.176815 0.180136 -0.159898 1.76711 -0.18474 -0.0643175 1.10569 0.44403 -0.846847 -0.505991 -0.971817 1.64577 
-0.189596 0.189293 -0.110838 1.76381 -0.148728 -0.0880248 1.10809 0.403891 -0.86808 -0.46765 -0.987291 1.64053 
-0.18789 0.181253 -0.0375017 1.77692 -0.104236 -0.10012 1.10869 0.350477 -0.896052 -0.370248 -0.971961 1.6166 
-0.151585 0.144416 0.0847496 1.82059 -0.0360827 -0.0864024 1.09365 0.278035 -0.930885 -0.171245 -0.897541 1.54323 
-0.175811 0.131226 0.0704452 1.79399 -0.0228718 -0.123151 1.15485 0.241205 -0.9502 -0.132144 -0.945625 1.6467 
-0.195589 0.117707 0.0531381 1.7673 -0.00762734 -0.159785 1.20394 0.202989 -0.969299 -0.102878 -0.987526 1.74821 
-0.210404 0.102771 0.0356825 1.74182 0.00952786 -0.195207 1.24283 0.163939 -0.987905 -0.0771626 -1.02321 1.84441 
-0.220569 0.0860229 0.0199836 1.71819 0.0283069 -0.228822 1.27396 0.124658 -1.0059 -0.0513094 -1.05301 1.93315 
-0.228031 0.0753865 -0.00266887 1.6976 0.0470818 -0.259735 1.29307 0.0901935 -1.02031 -0.0350791 -1.07951 2.02127 
-0.231199 0.0547897 -0.0115134 1.6785 0.0679677 -0.288749 1.31587 0.0528743 -1.03657 -0.00514115 -1.09997 2.092 
-0.232456 0.0407621 -0.0265796 1.66313 0.0882841 -0.31462 1.32977 0.0206918 -1.04915 0.017055 -1.11727 2.16224 
-0.232021 0.0246505 -0.0370605 1.65002 0.109131 -0.338123 1.34328 -0.00985836 -1.06083 0.0415333 -1.13106 2.22408 
-0.230677 0.00611577 -0.0427026 1.63878 0.130566 -0.359479 1.35699 -0.0389215 -1.07173 0.0678274 -1.14166 2.27852 
-0.229081 -0.0151087 -0.0434323 1.62907 0.152626 -0.378865 1.37106 -0.0665822 -1.08197 0.0955956 -1.14946 2.32655 
-0.227782 -0.0391787 -0.0393444 1.62057 0.175305 -0.396392 1.38541 -0.0928323 -1.09155 0.124604 -1.15492 2.36907 
-0.22535 -0.0553607 -0.0426475 1.61631 0.196116 -0.411287 1.39453 -0.114271 -1.09767 0.146783 -1.15825 2.4129 
-0.223527 -0.0741943 -0.0416752 1.61291 0.217116 -0.424654 1.40438 -0.134259 -1.10325 0.17004 -1.16023 2.45205 
-0.224929 -0.10655 -0.0249051 1.60657 0.240665 -0.43699 1.41886 -0.155533 -1.11082 0.201768 -1.16188 2.48178 
-0.225042 -0.130165 -0.0167568 1.60456 0.262047 -0.447305 1.42904 -0.172856 -1.11521 0.22681 -1.16129 2.51368 
-0.223417 -0.145006 -0.0171253 1.60686 0.281069 -0.456166 1.43614 -0.186711 -1.11679 0.245312 -1.15851 2.54741 
-0.225521 -0.172831 -0.00317941 1.60535 0.302035 -0.463789 1.44638 -0.20128 -1.12008 0.271747 -1.15687 2.57346 
-0.22567 -0.191578 0.0018321 1.60818 0.320673 -0.470457 1.45415 -0.213049 -1.12082 0.291762 -1.1528 2.60158 
-0.229793 -0.222579 0.0198193 1.60695 0.340857 -0.475502 1.4639 -0.225028 -1.1229 0.319125 -1.15047 2.62317 
-0.231723 -0.244298 0.0286554 1.61009 0.358795 -0.480096 1.47179 -0.234827 -1.1227 0.3402 -1.14548 2.64691 
-0.234451 -0.267283 0.0390165 1.61321 0.376207 -0.483748 1.47965 -0.243667 -1.12206 0.361711 -1.14029 2.66877 
-0.190107 -0.269486 0.0153686 1.56697 0.331596 -0.379445 1.41006 -0.240324 -1.13099 0.443995 -1.0602 2.70029 
-0.148892 -0.278918 0.0018594 1.51493 0.288156 -0.276172 1.34235 -0.240003 -1.13949 0.535734 -0.982688 2.71944 
-0.107482 -0.279505 -0.0182677 1.46568 0.241626 -0.173345 1.27346 -0.235825 -1.14592 0.622662 -0.904353 2.73614 
-0.0684382 -0.280947 -0.0347033 1.41469 0.19475 -0.0714086 1.205 -0.231795 -1.15011 0.712869 -0.828031 2.74549 
-0.0323617 -0.284161 -0.0463245 1.36201 0.148129 0.0292873 1.13693 -0.228407 -1.151 0.806875 -0.754776 2.74767 
0.000124232 -0.289936 -0.0522481 1.30779 0.102565 0.128049 1.06912 -0.226286 -1.14742 0.904782 -0.685764 2.74341 
0.0306344 -0.292223 -0.0597383 1.25454 0.0555265 0.22546 1.00044 -0.221781 -1.14197 0.999473 -0.617088 2.73886 
0.0544101 -0.304519 -0.0532013 1.19781 0.014938 0.31704 0.932789 -0.224356 -1.12698 1.10344 -0.55931 2.72613 
0.0757313 -0.313878 -0.0481436 1.14191 -0.0257248 0.405697 0.86455 -0.225361 -1.1104 1.20321 -0.502291 2.71519 
0.0923033 -0.326285 -0.0379758 1.0851 -0.0619929 0.488412 0.796691 -0.229537 -1.08849 1.30348 -0.45135 2.7037 
0.104342 -0.341028 -0.0240612 1.02762 -0.0933851 0.564647 0.729569 -0.236633 -1.06214 1.40271 -0.406061 2.69304 
0.113956 -0.353069 -0.0126219 0.970919 -0.123879 0.636926 0.663353 -0.242114 -1.03613 1.49679 -0.360738 2.68525 
0.119434 -0.366963 0.000889375 0.913886 -0.149053 0.702367 0.598884 -0.249861 -1.00714 1.58835 -0.320327 2.67938 
0.121277 -0.382167 0.0152027 0.856747 -0.16894 0.761249 0.536762 -0.259126 -0.976271 1.67646 -0.28411 2.67576 
0.120038 -0.398262 0.029236 0.799707 -0.183692 0.814009 0.477586 -0.26915 -0.944505 1.76043 -0.251401 2.67449 
0.116308 -0.41493 0.0421052 0.742957 -0.193548 0.861161 0.421892 -0.279225 -0.912681 1.83978 -0.221566 2.67547 
0.111581 -0.429395 0.0506167 0.687466 -0.202366 0.905083 0.369765 -0.28588 -0.883535 1.9135 -0.190661 2.67849 
0.105333 -0.444468 0.0573376 0.632464 -0.206585 0.943924 0.321699 -0.291909 -0.854922 1.9825 -0.162112 2.6835 
0.0982334 -0.459884 0.0618165 0.578062 -0.206624 0.978226 0.277927 -0.296842 -0.827315 2.04667 -0.135348 2.69023 
0.0909209 -0.475399 0.0637738 0.524339 -0.202946 1.00848 0.238567 -0.300328 -0.801045 2.106 -0.109852 2.69839 
0.0842716 -0.489267 0.0615663 0.471847 -0.198743 1.03609 0.203377 -0.300077 -0.777276 2.16056 -0.0830118 2.70763 
0.0781615 -0.504506 0.0583845 0.419518 -0.188896 1.05925 0.172699 -0.300202 -0.753958 2.21056 -0.0589061 2.71803 
0.073502 -0.518081 0.0514407 0.368287 -0.179105 1.08009 0.146153 -0.29667 -0.732846 2.25621 -0.0331541 2.72901 
0.0704428 -0.530388 0.0412887 0.317845 -0.169181 1.09828 0.123637 -0.289889 -0.713295 2.29782 -0.00613348 2.74055 
0.0692803 -0.543233 0.0304493 0.267602 -0.155338 1.11306 0.10519 -0.283216 -0.694428 2.33511 0.0195216 2.75258 
0.0701648 -0.554806 0.0171079 0.217941 -0.141902 1.12534 0.0907475 -0.273615 -0.676647 2.36852 0.0465418 2.76476 
0.0732832 -0.56583 0.00266959 0.168624 -0.12733 1.1349 0.0802119 -0.262777 -0.659571 2.39786 0.0737811 2.77697 
0.0865539 -0.619436 -0.0047665 0.124861 -0.0619791 1.14552 0.0857784 -0.280192 -0.615449 2.43089 0.0445705 2.80777 
0.103515 -0.667888 -0.0158451 0.0844479 0.000709197 1.1569 0.0985286 -0.293728 -0.574985 2.46121 0.0188602 2.83268 
0.0650361 -0.691858 0.0158104 0.110049 -0.0111181 1.19376 0.0582706 -0.21975 -0.633234 2.42268 0.1003 2.82677 
0.0271829 -0.709159 0.0487914 0.138746 -0.0284812 1.2338 0.0179579 -0.145792 -0.697249 2.38602 0.186194 2.81901 
0.00061259 -0.774167 0.0735084 0.154902 0.00793749 1.26082 0.0269743 -0.0917822 -0.722892 2.36703 0.233405 2.84093 
-0.0295179 -0.837984 0.0970539 0.173111 0.0448347 1.28839 0.0355403 -0.0394977 -0.747317 2.34618 0.278526 2.86122 
-0.0638483 -0.899777 0.118932 0.193167 0.0800923 1.31665 0.0432688 0.0124056 -0.77078 2.32431 0.322499 2.87991 
-0.101774 -0.959958 0.139713 0.214633 0.115294 1.34559 0.0497747 0.0624471 -0.793399 2.3017 0.364036 2.89704 
-0.142885 -1.01847 0.159348 0.237052 0.150348 1.37514 0.0548234 0.110461 -0.815191 2.27884 0.402846 2.91273 
-0.186639 -1.07529 0.177748 0.259961 0.185138 1.40524 0.0582827 0.156283 -0.836154 2.25619 0.438702 2.92716 
-0.232408 -1.13035 0.194796 0.282922 0.219525 1.43579 0.0601091 0.199763 -0.856287 2.23414 0.471454 2.9405 
-0.280669 -1.18248 0.210365 0.305536 0.250656 1.46693 0.0605126 0.242509 -0.876183 2.21358 0.503033 2.9526 
-0.371095 -1.13284 0.159754 0.402814 0.26816 1.44998 0.122776 0.214702 -0.837387 2.19543 0.490478 2.89656 
-0.460322 -1.08316 0.110014 0.498997 0.287525 1.43368 0.184363 0.18696 -0.797312 2.17738 0.475983 2.84281 
-0.548022 -1.03337 0.0613351 0.593955 0.308483 1.41818 0.24526 0.159364 -0.756369 2.15982 0.459708 2.79137 
-0.635168 -0.982008 0.0138603 0.687637 0.328317 1.40364 0.305947 0.13411 -0.715194 2.14302 0.444577 2.74179 
-0.72015 -0.930284 -0.03218 0.779814 0.349478 1.39006 0.365937 0.109745 -0.673754 2.12698 0.428716 2.69443 
-0.802644 -0.878096 -0.0765945 0.87028 0.371824 1.37758 0.425027 0.0867027 -0.632404 2.11184 0.412685 2.64924 
-0.88233 -0.825334 -0.119178 0.958768 0.395219 1.36635 0.482897 0.0655137 -0.591478 2.09765 0.397125 2.6062 
-0.95888 -0.77188 -0.159707 1.04493 0.419509 1.35647 0.539083 0.0468046 -0.551302 2.08441 0.382759 2.56526 
-1.03371 -0.715849 -0.197701 1.12847 0.442501 1.34778 0.593428 0.0343583 -0.511774 2.07135 0.37379 2.52578 
-1.10463 -0.65863 -0.232943 1.20864 0.466152 1.34031 0.644405 0.0265761 -0.473432 2.05898 0.368149 2.48827 
-1.171 -0.600203 -0.265103 1.28465 0.490116 1.33392 0.690788 0.0244046 -0.436705 2.04725 0.36695 2.45278 
-1.2319 -0.540816 -0.293918 1.35552 0.513836 1.32833 0.731119 0.0286441 -0.402167 2.03614 0.371376 2.41941 
-1.28803 -0.478834 -0.318469 1.41999 0.53511 1.3224 0.763386 0.0444409 -0.369742 2.02433 0.387118 2.38763 
-1.3355 -0.417713 -0.339583 1.47666 0.554119 1.31568 0.785929 0.0675121 -0.341285 2.01303 0.411196 2.35847 
-1.37104 -0.361823 -0.359089 1.52537 0.570072 1.30863 0.79991 0.0905232 -0.318476 2.00408 0.437885 2.33302 
-1.3992 -0.305836 -0.374483 1.56458 0.578476 1.2977 0.801786 0.128382 -0.299699 1.99182 0.482655 2.30895 
-1.41445 -0.257845 -0.390045 1.59705 0.580761 1.2858 0.798311 0.161539 -0.286858 1.98143 0.526666 2.28849 
-1.42001 -0.215163 -0.404987 1.62394 0.575965 1.27218 0.790387 0.194449 -0.278318 1.97031 0.573416 2.27025 
-1.41736 -0.175229 -0.418404 1.64527 0.56316 1.2548 0.776734 0.232809 -0.273303 1.95486 0.6284 2.25304 
-1.4067 -0.138722 -0.431566 1.66381 0.5437 1.23537 0.761588 0.27005 -0.271041 1.93645 0.68365 2.2371 
-1.38926 -0.104234 -0.444579 1.68087 0.51815 1.21406 0.746004 0.306147 -0.27062 1.91428 0.738197 2.22198 
-1.36604 -0.0705891 -0.457683 1.69744 0.486939 1.19104 0.730565 0.341088 -0.271331 1.88774 0.791371 2.20732 
-1.336 -0.0357081 -0.47072 1.71197 0.44842 1.16329 0.711528 0.38068 -0.273703 1.85188 0.850222 2.19228 
-1.30074 0.000108299 -0.485065 1.72714 0.404279 1.13377 0.692817 0.418613 -0.276617 1.80969 0.906621 2.1773 
-1.26101 0.0375181 -0.501454 1.74321 0.354687 1.1029 0.6743 0.454752 -0.279764 1.76091 0.960273 2.16208 
-1.21755 0.0770164 -0.520694 1.76012 0.299863 1.07118 0.655664 0.489039 -0.283007 1.70538 1.0111 2.1463 
-1.17106 0.119014 -0.543599 1.77749 0.24012 1.03928 0.636473 0.52151 -0.286386 1.64293 1.05924 2.12965 
-1.12219 0.163898 -0.570923 1.79461 0.175897 1.00803 0.616269 0.552272 -0.290107 1.57343 1.10497 2.11183 
-1.06708 0.214121 -0.604297 1.80771 0.10491 0.974691 0.59037 0.585417 -0.296356 1.48901 1.15471 2.09177 
-1.01008 0.268793 -0.643926 1.81789 0.0304539 0.944594 0.563279 0.61634 -0.304041 1.39646 1.20142 2.07022 
-0.951697 0.328202 -0.689861 1.82336 -0.0465315 0.919393 0.535323 0.645081 -0.313492 1.29657 1.2451 2.047 
-0.892328 0.392349 -0.741555 1.82234 -0.125021 0.900679 0.507212 0.671677 -0.324841 1.19058 1.28546 2.02201 
-0.827001 0.463852 -0.799907 1.80942 -0.206548 0.886837 0.476263 0.698381 -0.34035 1.07125 1.32583 1.99418 
-0.766488 0.536091 -0.859144 1.79106 -0.28495 0.884215 0.451239 0.720756 -0.35479 0.958661 1.35655 1.96558 
-0.700483 0.613625 -0.920973 1.75904 -0.363867 0.887107 0.425636 0.742878 -0.372376 0.836881 1.38435 1.93404 
-0.630774 0.50979 -0.872017 1.56959 -0.440709 0.95886 0.419037 0.751235 -0.465603 0.946909 1.40784 1.96665 
-0.550172 0.417052 -0.816301 1.37882 -0.516341 1.02869 0.410169 0.762572 -0.558766 1.05829 1.43418 2.00293 
-0.464053 0.335233 -0.753095 1.18862 -0.589682 1.09756 0.400126 0.776255 -0.65095 1.17156 1.46221 2.04202 
-0.377537 0.2629 -0.682584 1.00051 -0.660286 1.16584 0.389304 0.791404 -0.741776 1.2884 1.49087 2.08329 
-0.29918 0.298906 -0.655051 0.836082 -0.777871 1.23757 0.370047 0.828249 -0.824659 1.2824 1.55072 2.08053 
-0.233726 0.340966 -0.623064 0.677091 -0.900846 1.30427 0.350266 0.862804 -0.906295 1.28978 1.61362 2.07429 
-0.181949 0.394586 -0.59004 0.519706 -1.03136 1.36418 0.326928 0.897686 -0.98802 1.30199 1.68212 2.06253 
-0.14516 0.450208 -0.558618 0.373601 -1.16312 1.41614 0.300949 0.934155 -1.06884 1.3288 1.75341 2.04366 
-0.13411 0.384189 -0.499007 0.286963 -1.17943 1.45127 0.288753 0.951052 -1.11057 1.46469 1.76233 2.08243 
-0.121764 0.312306 -0.437953 0.202661 -1.18974 1.48878 0.279937 0.969408 -1.15212 1.60807 1.7648 2.12022 
-0.10835 0.244544 -0.376077 0.111987 -1.20123 1.52686 0.271082 0.99041 -1.19506 1.74658 1.76624 2.15576 
-0.0943186 0.176382 -0.313747 0.0198332 -1.2107 1.56681 0.264093 1.01324 -1.23844 1.88563 1.76469 2.1892 
-0.0527513 0.172944 -0.356075 0.000220273 -1.1931 1.50323 0.272447 0.973518 -1.19882 1.96248 1.69393 2.20622 
-0.00349762 0.176299 -0.402078 -0.020586 -1.17907 1.43372 0.281303 0.930138 -1.15793 2.0394 1.6201 2.22067 
0.0529724 0.186834 -0.451069 -0.0422964 -1.16917 1.35879 0.290043 0.883509 -1.11595 2.11554 1.54378 2.23254 
0.1141 0.208797 -0.502039 -0.0688631 -1.16674 1.27764 0.296084 0.836086 -1.07318 2.18556 1.46923 2.24209 
0.182225 0.234166 -0.555193 -0.0914635 -1.1662 1.19361 0.302141 0.785077 -1.02939 2.25826 1.39036 2.24903 
0.254902 0.267554 -0.609974 -0.114352 -1.17126 1.10543 0.305491 0.733253 -0.984979 2.32852 1.31142 2.25309 
0.240406 0.308959 -0.611854 -0.130244 -1.19453 1.08088 0.304899 0.75497 -1.00815 2.29576 1.31623 2.2193 
0.225317 0.350042 -0.613213 -0.146871 -1.21866 1.05681 0.303419 0.776143 -1.032 2.26345 1.31852 2.18781 
0.212425 0.387355 -0.614768 -0.159702 -1.24221 1.03467 0.302962 0.79494 -1.05678 2.23546 1.31545 2.15872 
0.195847 0.427818 -0.615346 -0.177573 -1.26876 1.01157 0.300367 0.815369 -1.08191 2.20407 1.31306 2.13217 
0.178209 0.46785 -0.61554 -0.196234 -1.29705 0.989329 0.297395 0.835367 -1.10765 2.17322 1.30842 2.10877 
0.159316 0.50749 -0.615427 -0.215754 -1.32752 0.968133 0.294253 0.855042 -1.13398 2.14294 1.30174 2.08883 
0.138956 0.54684 -0.615105 -0.236233 -1.36073 0.948212 0.291161 0.874553 -1.16087 2.11326 1.29333 2.07263 
0.116897 0.586084 -0.614708 -0.257793 -1.39729 0.92982 0.288347 0.894142 -1.1883 2.08422 1.28359 2.06038 
0.0893862 0.627912 -0.61362 -0.284979 -1.43815 0.911562 0.284037 0.915378 -1.21558 2.0518 1.27541 2.05239 
0.0630042 0.667696 -0.613617 -0.309306 -1.48411 0.897419 0.282464 0.936038 -1.24408 2.02454 1.26485 2.04904 
0.0959955 0.65123 -0.617448 -0.223538 -1.49399 0.902297 0.363898 0.948964 -1.26511 2.12399 1.19793 2.09338 
0.128479 0.640043 -0.62197 -0.139334 -1.50001 0.89126 0.448009 0.967257 -1.29139 2.22448 1.12213 2.11424 
0.0853266 0.697769 -0.655853 -0.251944 -1.57037 0.88693 0.375811 0.972582 -1.33322 2.13118 1.11518 2.17036 
0.032303 0.756941 -0.692739 -0.369402 -1.64119 0.874597 0.308179 0.984486 -1.37621 2.03837 1.124 2.22661 
0.0686922 0.762696 -0.711994 -0.362735 -1.68724 0.882567 0.311626 0.955768 -1.43861 2.0714 1.04037 2.30531 
0.103097 0.759117 -0.728779 -0.360173 -1.72629 0.893591 0.311424 0.922484 -1.49793 2.09436 0.944577 2.38499 
0.133454 0.774884 -0.737828 -0.364328 -1.76467 0.908848 0.300163 0.891934 -1.55662 2.1022 0.860839 2.457 
0.160443 0.783752 -0.743199 -0.373393 -1.79571 0.924383 0.285424 0.856056 -1.61154 2.10062 0.76769 2.53046 
0.183747 0.80561 -0.741108 -0.38566 -1.82427 0.943249 0.261169 0.822717 -1.66383 2.08929 0.682612 2.59802 
0.201809 0.819409 -0.733614 -0.404698 -1.84347 0.959521 0.232605 0.781947 -1.70943 2.06816 0.58765 2.66749 
0.210461 0.842054 -0.720646 -0.429293 -1.85912 0.97535 0.195978 0.747588 -1.74901 2.03961 0.506388 2.73097 
0.213206 0.854793 -0.700681 -0.460833 -1.86393 0.986651 0.154097 0.704551 -1.77743 2.00264 0.416523 2.79567 
0.210747 0.867035 -0.671053 -0.497937 -1.85912 0.996268 0.106111 0.659994 -1.79321 1.95907 0.330434 2.8561 
0.203174 0.861525 -0.629847 -0.540518 -1.83808 0.998715 0.0524618 0.602001 -1.78688 1.90878 0.235459 2.91408 
0.191976 0.850566 -0.580133 -0.584251 -1.80763 0.996893 -0.00342461 0.544613 -1.76376 1.85821 0.15317 2.96277 
0.181065 0.817345 -0.516215 -0.623218 -1.76179 0.98846 -0.0614609 0.473382 -1.71226 1.80809 0.0684716 3.00154 
0.173779 0.776321 -0.441505 -0.65407 -1.7083 0.977184 -0.117397 0.400055 -1.64421 1.76322 -0.00302647 3.0273 
0.171862 0.717141 -0.356002 -0.669861 -1.64771 0.961014 -0.170959 0.319478 -1.55545 1.72494 -0.0693504 3.03922 
0.17592 0.657893 -0.264973 -0.67475 -1.58666 0.942747 -0.220614 0.242713 -1.46341 1.6926 -0.121376 3.04107 
0.186306 0.58733 -0.169208 -0.663826 -1.52527 0.919975 -0.267214 0.165796 -1.36188 1.66601 -0.167188 3.03311 
0.200241 0.525481 -0.0758789 -0.648001 -1.46911 0.894256 -0.31193 0.0996078 -1.26917 1.64062 -0.200513 3.02241 
0.219637 0.456086 0.0186903 -0.618878 -1.41581 0.864634 -0.354884 0.0360074 -1.17151 1.61797 -0.228222 3.00698 
0.246014 0.389755 0.118145 -0.581452 -1.36329 0.834376 -0.396482 -0.0253866 -1.07505 1.59582 -0.248923 2.98924 
0.277718 0.316635 0.216481 -0.532176 -1.31594 0.80007 -0.437174 -0.0826642 -0.974517 1.5744 -0.263765 2.96926 
0.311259 0.256862 0.310604 -0.485011 -1.27423 0.763788 -0.479614 -0.129687 -0.885125 1.54817 -0.272639 2.95248 
0.348508 0.192585 0.40187 -0.428496 -1.24027 0.724912 -0.522781 -0.171596 -0.792991 1.52002 -0.274033 2.93582 
0.389087 0.140739 0.491817 -0.374053 -1.21064 0.686803 -0.568697 -0.206127 -0.709246 1.48614 -0.271109 2.92264 
0.431271 0.0868612 0.576927 -0.31385 -1.19035 0.646816 -0.617074 -0.233508 -0.624829 1.4475 -0.260082 2.91086 
0.472483 0.0521395 0.656645 -0.265467 -1.1715 0.605536 -0.669211 -0.248425 -0.553461 1.40073 -0.251741 2.90347 
0.511259 0.0181911 0.730138 -0.215913 -1.15977 0.561366 -0.723516 -0.253019 -0.482809 1.3479 -0.238657 2.89662 
0.549446 0.00252077 0.801054 -0.178299 -1.14372 0.515476 -0.778468 -0.245643 -0.421209 1.28877 -0.233286 2.89215 
0.580922 -0.0114194 0.864773 -0.141897 -1.13014 0.463281 -0.832323 -0.224499 -0.358243 1.22293 -0.228226 2.8859 
0.609453 -0.00634817 0.925718 -0.117926 -1.1053 0.4055 -0.880298 -0.189419 -0.30071 1.15196 -0.239086 2.88056 
0.627489 -0.000545738 0.977619 -0.0934931 -1.07872 0.33844 -0.920512 -0.138015 -0.237882 1.07282 -0.256476 2.87065 
0.640374 0.022821 1.02442 -0.0788346 -1.03649 0.261953 -0.946737 -0.0722508 -0.178323 0.988891 -0.301512 2.86101 
0.641888 0.0438209 1.05933 -0.0594451 -0.99228 0.178 -0.959467 0.0106742 -0.111303 0.896467 -0.361762 2.84572 
0.642319 0.0766801 1.09206 -0.0427301 -0.937372 0.0900893 -0.959522 0.103481 -0.0474603 0.807016 -0.452552 2.83395 
0.632853 0.10659 1.1092 -0.0210791 -0.880666 0.000809954 -0.947872 0.216728 0.0215651 0.716493 -0.567985 2.81555 
0.621336 0.146993 1.12107 -0.0022209 -0.813497 -0.0915588 -0.929192 0.341807 0.0813022 0.645626 -0.717589 2.79902 
0.596742 0.188426 1.10973 0.0183611 -0.738398 -0.183774 -0.898668 0.491107 0.13579 0.595042 -0.893655 2.76436 
0.499363 0.247622 1.06577 -0.0420453 -0.656634 -0.292653 -0.880745 0.61254 0.180576 0.553616 -1.04366 2.71155 
0.4 0.3 1 -0.1 -0.57118 -0.4 -0.84385 0.73392 0.2169 0.52291 -1.1915 2.6346 
