501
2.00398 0.0054923 0.00821175
4.00776 0.0218815 0.0328904
6.01115 0.0490354 0.0740998
8.01396 0.0868207 0.131903
10.016 0.135104 0.20636
12.0171 0.193749 0.297531
14.017 0.262622 0.405474
16.0155 0.341584 0.530247
18.0125 0.4305 0.671904
20.0078 0.52923 0.830499
22.0011 0.637636 1.00609
23.9924 0.755577 1.19871
25.9813 0.882913 1.40843
27.9677 1.0195 1.63529
29.9515 1.1652 1.87934
31.9323 1.31987 2.14061
33.9101 1.48337 2.41916
35.8847 1.65554 2.71503
37.8558 1.83625 3.02826
39.8233 2.02535 3.35889
41.7869 2.22269 3.70695
43.7466 2.42812 4.07248
45.702 2.6415 4.45552
47.6531 2.86268 4.8561
49.5995 3.0915 5.27425
51.5413 3.32782 5.71
53.478 3.57149 6.16338
55.4097 3.82235 6.63441
57.336 4.08025 7.12313
59.2568 4.34504 7.62956
61.1719 4.61656 8.15371
63.081 4.89466 8.69561
64.9842 5.17919 9.25527
66.881 5.46998 9.83272
68.7714 5.76688 10.428
70.6551 6.06974 11.041
72.532 6.37839 11.6719
74.4019 6.69268 12.3206
76.2645 7.01244 12.9872
78.1198 7.33751 13.6716
79.9674 7.66774 14.3738
81.8073 8.00296 15.0939
83.6392 8.34302 15.8319
85.4629 8.68774 16.5877
87.2783 9.03696 17.3613
89.0851 9.39052 18.1528
90.8831 9.74825 18.9621
92.6723 10.11 19.7892
94.4523 10.4756 20.6342
96.223 10.8448 21.4969
97.9842 11.2176 22.3775
99.7356 11.5937 23.2757
101.477 11.9729 24.1917
103.209 12.3552 25.1255
104.93 12.7402 26.0769
106.641 13.128 27.046
108.341 13.5182 28.0326
110.03 13.9107 29.0369
111.708 14.3053 30.0588
113.375 14.702 31.0981
115.03 15.1004 32.155
116.674 15.5004 33.2292
118.306 15.9018 34.3209
119.926 16.3045 35.4299
121.533 16.7083 36.5561
123.129 17.113 37.6996
124.711 17.5184 38.8603
126.281 17.9243 40.038
127.838 18.3306 41.2328
129.381 18.7371 42.4446
130.911 19.1436 43.6733
132.428 19.5499 44.9188
133.93 19.9558 46.181
135.419 20.3612 47.4599
136.893 20.7659 48.7554
138.353 21.1696 50.0674
139.799 21.5723 51.3959
141.229 21.9737 52.7406
142.645 22.3736 54.1015
144.045 22.7718 55.4786
145.43 23.1682 56.8716
146.8 23.5626 58.2806
148.154 23.9548 59.7054
149.491 24.3445 61.1458
150.813 24.7317 62.6018
152.118 25.1161 64.0732
153.406 25.4975 65.5599
154.678 25.8758 67.0618
155.933 26.2507 68.5787
157.17 26.6221 70.1105
158.39 26.9898 71.6571
159.593 27.3535 73.2182
160.778 27.7131 74.7938
161.945 28.0685 76.3837
163.094 28.4193 77.9878
164.225 28.7655 79.6058
165.337 29.1068 81.2375
166.43 29.4431 82.8829
167.505 29.7741 84.5418
168.56 30.0997 86.2139
169.596 30.4196 87.8991
170.613 30.7337 89.5971
171.611 31.0418 91.3079
172.588 31.3437 93.0311
173.545 31.6393 94.7666
174.483 31.9282 96.5141
175.4 32.2104 98.2735
176.296 32.4856 100.045
177.172 32.7537 101.827
178.027 33.0144 103.621
178.861 33.2676 105.425
179.674 33.5132 107.24
180.466 33.7508 109.066
181.236 33.9804 110.902
181.984 34.2017 112.747
182.711 34.4145 114.603
183.415 34.6188 116.468
184.098 34.8142 118.342
184.758 35.0006 120.225
185.396 35.1779 122.116
186.011 35.3458 124.016
186.604 35.5043 125.924
187.174 35.653 127.839
187.721 35.7918 129.762
188.245 35.9206 131.692
188.745 36.0392 133.629
189.223 36.1474 135.572
189.676 36.245 137.522
190.107 36.332 139.477
190.513 36.408 141.438
190.896 36.473 143.404
191.255 36.5267 145.375
191.59 36.5691 147.35
191.901 36.6 149.33
192.187 36.6192 151.313
192.45 36.6266 153.3
192.688 36.6219 155.29
192.902 36.6052 157.282
193.091 36.5761 159.277
193.256 36.5346 161.274
193.396 36.4806 163.272
193.511 36.4138 165.272
193.602 36.3343 167.272
193.668 36.2417 169.273
193.709 36.136 171.273
193.725 36.0171 173.274
193.716 35.8849 175.273
193.683 35.7392 177.272
193.625 35.5799 179.269
193.541 35.4069 181.263
193.433 35.2201 183.256
193.3 35.0193 185.245
193.142 34.8045 187.231
192.959 34.5756 189.214
192.752 34.3325 191.192
192.519 34.0751 193.166
192.262 33.8033 195.135
191.98 33.5169 197.098
191.673 33.216 199.055
191.341 32.9005 201.006
190.985 32.5702 202.951
190.604 32.2252 204.888
190.199 31.8653 206.817
189.77 31.4905 208.738
189.316 31.1007 210.651
188.838 30.696 212.554
188.336 30.2761 214.449
187.811 29.8412 216.333
187.261 29.3911 218.207
186.687 28.9258 220.069
186.09 28.4454 221.921
185.47 27.9497 223.761
184.826 27.4388 225.589
184.159 26.9126 227.404
183.469 26.3711 229.206
182.757 25.8144 230.994
182.021 25.2425 232.768
181.264 24.6552 234.528
180.484 24.0528 236.273
179.682 23.4351 238.003
178.858 22.8022 239.717
178.013 22.1541 241.414
177.146 21.4909 243.095
176.259 20.8126 244.758
175.35 20.1192 246.405
174.421 19.4108 248.033
173.471 18.6875 249.642
172.501 17.9492 251.233
171.512 17.1962 252.804
170.502 16.4283 254.356
169.474 15.6458 255.888
168.426 14.8487 257.399
167.36 14.037 258.889
166.276 13.211 260.358
165.173 12.3706 261.805
164.053 11.5159 263.23
162.915 10.6472 264.632
161.76 9.76438 266.012
160.588 8.8677 267.368
159.4 7.95726 268.7
158.196 7.03317 270.009
156.977 6.09557 271.293
155.741 5.14459 272.552
154.491 4.18037 273.787
153.227 3.20307 274.996
151.948 2.21284 276.179
150.655 1.20983 277.336
149.349 0.194196 278.467
148.03 -0.833885 279.571
146.699 -1.87425 280.648
145.355 -2.92672 281.698
143.999 -3.99111 282.72
142.632 -5.06725 283.715
141.254 -6.15495 284.681
139.866 -7.254 285.62
138.467 -8.36423 286.529
137.059 -9.48543 287.41
135.641 -10.6174 288.261
134.215 -11.7599 289.084
132.78 -12.9128 289.876
131.338 -14.0758 290.64
129.887 -15.2487 291.373
128.43 -16.4313 292.076
126.967 -17.6234 292.749
125.497 -18.8247 293.391
124.022 -20.035 294.003
122.541 -21.2541 294.584
121.056 -22.4818 295.135
119.566 -23.7177 295.654
118.073 -24.9618 296.142
116.577 -26.2136 296.599
115.077 -27.473 297.025
113.575 -28.7398 297.42
112.071 -30.0136 297.783
110.566 -31.2942 298.114
109.06 -32.5815 298.414
107.553 -33.875 298.682
106.046 -35.1746 298.919
104.539 -36.48 299.124
103.033 -37.791 299.297
101.529 -39.1072 299.439
100.026 -40.4285 299.549
98.5257 -41.7546 299.627
97.0279 -43.0851 299.674
95.5333 -44.4199 299.689
94.0422 -45.7587 299.673
92.5551 -47.1012 299.625
91.0726 -48.4472 299.546
89.5949 -49.7964 299.435
88.1226 -51.1485 299.293
86.6561 -52.5032 299.12
85.1958 -53.8604 298.916
83.7422 -55.2197 298.681
82.2957 -56.581 298.416
80.8566 -57.9438 298.119
79.4256 -59.308 297.792
78.0028 -60.6734 297.435
76.5888 -62.0396 297.048
75.184 -63.4064 296.63
73.7887 -64.7735 296.183
72.4034 -66.1408 295.706
71.0285 -67.5079 295.199
69.6643 -68.8746 294.664
68.3112 -70.2407 294.099
66.9696 -71.6058 293.505
65.6399 -72.9699 292.883
64.3224 -74.3326 292.232
63.0175 -75.6936 291.554
61.7256 -77.0528 290.847
60.447 -78.41 290.113
59.182 -79.7648 289.351
57.9309 -81.1171 288.562
56.6942 -82.4666 287.746
55.4721 -83.8132 286.904
54.265 -85.1565 286.036
53.0732 -86.4965 285.141
51.8969 -87.8328 284.221
50.7364 -89.1653 283.276
49.5922 -90.4937 282.305
48.4644 -91.8178 281.31
47.3533 -93.1376 280.29
46.2592 -94.4526 279.246
45.1824 -95.7628 278.179
44.1231 -97.068 277.088
43.0816 -98.368 275.974
42.0582 -99.6626 274.837
41.053 -100.952 273.677
40.0663 -102.235 272.496
39.0984 -103.512 271.293
38.1494 -104.783 270.068
37.2196 -106.048 268.823
36.3092 -107.307 267.556
35.4183 -108.559 266.27
34.5472 -109.804 264.964
33.6961 -111.042 263.638
32.8651 -112.274 262.293
32.0544 -113.498 260.929
31.2642 -114.714 259.546
30.4947 -115.924 258.146
29.7459 -117.126 256.728
29.0181 -118.32 255.292
28.3114 -119.506 253.84
27.6259 -120.684 252.371
26.9618 -121.855 250.886
26.3191 -123.017 249.385
25.6981 -124.171 247.869
25.0987 -125.316 246.338
24.5211 -126.453 244.792
23.9655 -127.582 243.232
23.4318 -128.702 241.658
22.9203 -129.813 240.071
22.4309 -130.915 238.471
21.9637 -132.009 236.857
21.5189 -133.093 235.232
21.0964 -134.168 233.594
20.6964 -135.235 231.946
20.3189 -136.292 230.285
19.9639 -137.339 228.614
19.6314 -138.378 226.933
19.3216 -139.407 225.242
19.0345 -140.427 223.541
18.77 -141.437 221.83
18.5282 -142.438 220.111
18.3091 -143.429 218.383
18.1128 -144.411 216.647
17.9392 -145.383 214.904
17.7883 -146.346 213.152
17.6602 -147.299 211.394
17.5547 -148.242 209.629
17.472 -149.176 207.858
17.4121 -150.1 206.08
17.3747 -151.014 204.297
17.3601 -151.918 202.509
17.3681 -152.813 200.716
17.3987 -153.698 198.918
17.4518 -154.573 197.116
17.5275 -155.438 195.31
17.6257 -156.294 193.501
17.7463 -157.14 191.688
17.8893 -157.977 189.873
18.0546 -158.803 188.055
18.2422 -159.62 186.235
18.4521 -160.428 184.412
18.6841 -161.225 182.589
18.9381 -162.014 180.764
19.2142 -162.792 178.938
19.5123 -163.561 177.112
19.8322 -164.321 175.285
20.1739 -165.071 173.458
20.5373 -165.811 171.632
20.9224 -166.543 169.806
21.3289 -167.264 167.982
21.757 -167.977 166.158
22.2064 -168.68 164.336
22.6771 -169.374 162.516
23.1689 -170.059 160.698
23.6818 -170.735 158.883
24.2157 -171.402 157.07
24.7705 -172.06 155.26
25.346 -172.709 153.453
25.9422 -173.349 151.65
26.5589 -173.98 149.851
27.1961 -174.602 148.056
27.8536 -175.216 146.265
28.5313 -175.821 144.479
29.2291 -176.418 142.698
29.9469 -177.006 140.921
30.6845 -177.586 139.151
31.4419 -178.157 137.385
32.2189 -178.72 135.626
33.0153 -179.276 133.873
33.8312 -179.823 132.126
34.6663 -180.362 130.386
35.5204 -180.893 128.653
36.3936 -181.416 126.927
37.2856 -181.931 125.208
38.1964 -182.439 123.496
39.1257 -182.94 121.793
40.0734 -183.432 120.097
41.0395 -183.918 118.41
42.0238 -184.396 116.731
43.0261 -184.867 115.061
44.0463 -185.331 113.399
45.0842 -185.787 111.747
46.1398 -186.237 110.104
47.2129 -186.68 108.471
48.3033 -187.117 106.847
49.4109 -187.546 105.233
50.5355 -187.97 103.629
51.6771 -188.386 102.036
52.8354 -188.797 100.453
54.0103 -189.201 98.8806
55.2017 -189.599 97.3191
56.4094 -189.991 95.7687
57.6333 -190.377 94.2296
58.8732 -190.758 92.7018
60.129 -191.133 91.1857
61.4005 -191.502 89.6814
62.6875 -191.865 88.189
63.99 -192.224 86.7087
65.3078 -192.577 85.2407
66.6406 -192.924 83.7852
67.9884 -193.267 82.3424
69.3511 -193.605 80.9123
70.7283 -193.938 79.4952
72.1201 -194.267 78.0912
73.5262 -194.59 76.7005
74.9465 -194.91 75.3232
76.3808 -195.225 73.9595
77.8289 -195.535 72.6096
79.2908 -195.842 71.2735
80.7662 -196.144 69.9515
82.255 -196.443 68.6437
83.757 -196.738 67.3503
85.2721 -197.029 66.0713
86.8001 -197.317 64.807
88.3408 -197.601 63.5574
89.8941 -197.882 62.3227
91.4598 -198.159 61.1031
93.0378 -198.434 59.8987
94.6278 -198.705 58.7095
96.2298 -198.974 57.5359
97.8435 -199.24 56.3778
99.4688 -199.503 55.2354
101.105 -199.764 54.1088
102.753 -200.023 52.9982
104.412 -200.279 51.9037
106.082 -200.533 50.8254
107.763 -200.786 49.7634
109.454 -201.036 48.7179
111.156 -201.284 47.689
112.868 -201.531 46.6767
114.59 -201.776 45.6812
116.321 -202.02 44.7027
118.063 -202.263 43.7412
119.814 -202.504 42.7968
121.574 -202.745 41.8697
123.344 -202.984 40.96
125.122 -203.223 40.0677
126.909 -203.461 39.193
128.705 -203.698 38.336
130.509 -203.935 37.4968
132.322 -204.172 36.6754
134.143 -204.409 35.872
135.971 -204.645 35.0868
137.807 -204.882 34.3197
139.651 -205.118 33.5709
141.502 -205.355 32.8404
143.36 -205.593 32.1285
145.225 -205.831 31.4351
147.097 -206.069 30.7603
148.976 -206.308 30.1043
150.86 -206.549 29.4671
152.751 -206.79 28.8489
154.648 -207.032 28.2496
156.551 -207.276 27.6694
158.459 -207.521 27.1084
160.373 -207.768 26.5667
162.291 -208.016 26.0442
164.215 -208.266 25.5412
166.143 -208.518 25.0577
168.076 -208.772 24.5937
170.014 -209.027 24.1493
171.955 -209.286 23.7247
173.9 -209.546 23.3198
175.849 -209.809 22.9348
177.802 -210.075 22.5697
179.758 -210.343 22.2245
181.716 -210.614 21.8994
183.678 -210.888 21.5944
185.642 -211.165 21.3095
187.609 -211.445 21.0449
189.578 -211.729 20.8005
191.548 -212.015 20.5765
193.521 -212.306 20.3728
195.494 -212.6 20.1896
197.469 -212.898 20.0269
199.446 -213.199 19.8847
201.422 -213.505 19.763
203.4 -213.814 19.662
205.377 -214.128 19.5816
207.355 -214.447 19.522
209.332 -214.769 19.4831
211.31 -215.096 19.4649
213.286 -215.428 19.4675
215.261 -215.765 19.491
217.235 -216.106 19.5353
219.208 -216.452 19.6005
221.179 -216.804 19.6867
223.148 -217.16 19.7937
225.115 -217.522 19.9217
227.08 -217.889 20.0707
229.041 -218.262 20.2406
231 -218.64 20.4315
232.956 -219.024 20.6434
234.907 -219.414 20.8763
236.855 -219.81 21.1302
238.799 -220.212 21.405
240.739 -220.619 21.7009
242.674 -221.033 22.0178

