3.1587 -0.0949694 -1.26501 6.64208 -10.8361 -6.46925 
0.987182 0.195415 -0.925516 4.68682 -9.05432 -3.64301 
0.793194 0.222124 -0.896998 4.54494 -8.9433 -3.42597 
0.987182 0.195415 -0.925516 4.68682 -9.05432 -3.64301 
1.79568 0.0852239 -1.04703 5.3254 -9.58568 -4.59916 
2.00718 0.0566521 -1.07941 5.50454 -9.74114 -4.86319 
2.22666 0.0276426 -1.11453 5.71131 -9.93924 -5.15574 
2.45029 -0.00198629 -1.15014 5.92309 -10.1391 -5.45733 
3.70807 -0.480539 1.38438 3.2822 -12.1457 -2.7017 
3.74912 -0.498549 1.49837 3.19332 -12.3094 -2.59263 
3.79017 -0.516558 1.61236 3.10444 -12.4731 -2.48356 
3.83985 -0.535772 1.73023 3.02916 -12.6937 -2.3852 
3.88972 -0.555066 1.84862 2.9531 -12.916 -2.28587 
3.93977 -0.574442 1.96752 2.87627 -13.1399 -2.18558 
3.99 -0.593899 2.08694 2.79867 -13.3654 -2.08433 
4.04942 -0.614803 2.21178 2.73241 -13.6531 -1.99094 
4.10921 -0.635869 2.33765 2.66464 -13.9444 -1.89564 
4.16937 -0.657098 2.46455 2.59535 -14.2392 -1.79841 
4.2299 -0.678488 2.59248 2.52451 -14.5376 -1.69924 
4.2908 -0.700041 2.72143 2.45213 -14.8395 -1.59812 
4.36153 -0.723326 2.8576 2.38855 -15.211 -1.50154 
4.42326 -0.745244 2.98887 2.31267 -15.5213 -1.39599 
-0.796615 -3.33715 3.28471 -1.94962 5.09579 -2.55769 
-0.139023 -6.52819 1.93976 -3.61349 -0.238629 -14.6733 
-0.0840609 -6.60953 2.09548 -3.55937 -0.244412 -15.3135 
-0.0275061 -6.70409 2.25947 -3.51168 -0.251243 -16.0373 
0.030933 -6.79816 2.42767 -3.45503 -0.258122 -16.7834 

