3.1587 -0.0949694 -1.26501 6.64208 -10.8361 -6.46925 
3.17288 -0.114098 -1.12528 6.39943 -10.8239 -6.20494 
3.1587 -0.0949694 -1.26501 6.64208 -10.8361 -6.46925 
2.9159 -0.0632304 -1.22533 6.38773 -10.5871 -6.11286 
2.67807 -0.0322346 -1.18625 6.13993 -10.3408 -5.76808 
2.45029 -0.00198629 -1.15014 5.92309 -10.1391 -5.45733 
2.22666 0.0276426 -1.11453 5.71131 -9.93924 -5.15574 
2.00718 0.0566521 -1.07941 5.50454 -9.74114 -4.86319 
1.79568 0.0852239 -1.04703 5.3254 -9.58568 -4.59916 
1.58749 0.1133 -1.01504 5.14999 -9.43132 -4.34201 
1.38262 0.140881 -0.983444 4.97826 -9.27807 -4.09166 
1.18366 0.168333 -0.954331 4.83125 -9.16591 -3.8649 
0.987182 0.195415 -0.925516 4.68682 -9.05432 -3.64301 
0.793194 0.222124 -0.896998 4.54494 -8.9433 -3.42597 
0.987182 0.195415 -0.925516 4.68682 -9.05432 -3.64301 
1.18366 0.168333 -0.954331 4.83125 -9.16591 -3.8649 
1.38262 0.140881 -0.983444 4.97826 -9.27807 -4.09166 
1.18366 0.168333 -0.954331 4.83125 -9.16591 -3.8649 
0.987182 0.195415 -0.925516 4.68682 -9.05432 -3.64301 
0.793194 0.222124 -0.896998 4.54494 -8.9433 -3.42597 
0.987182 0.195415 -0.925516 4.68682 -9.05432 -3.64301 
1.18366 0.168333 -0.954331 4.83125 -9.16591 -3.8649 
0.987182 0.195415 -0.925516 4.68682 -9.05432 -3.64301 
0.793194 0.222124 -0.896998 4.54494 -8.9433 -3.42597 
0.987182 0.195415 -0.925516 4.68682 -9.05432 -3.64301 
0.793194 0.222124 -0.896998 4.54494 -8.9433 -3.42597 
0.987182 0.195415 -0.925516 4.68682 -9.05432 -3.64301 
1.18366 0.168333 -0.954331 4.83125 -9.16591 -3.8649 
1.38262 0.140881 -0.983444 4.97826 -9.27807 -4.09166 
1.58749 0.1133 -1.01504 5.14999 -9.43132 -4.34201 
1.79568 0.0852239 -1.04703 5.3254 -9.58568 -4.59916 
2.00718 0.0566521 -1.07941 5.50454 -9.74114 -4.86319 
2.22666 0.0276426 -1.11453 5.71131 -9.93924 -5.15574 
2.45029 -0.00198629 -1.15014 5.92309 -10.1391 -5.45733 
2.67807 -0.0322346 -1.18625 6.13993 -10.3408 -5.76808 
2.9159 -0.0632304 -1.22533 6.38773 -10.5871 -6.11286 
3.1587 -0.0949694 -1.26501 6.64208 -10.8361 -6.46925 
3.17288 -0.114098 -1.12528 6.39943 -10.8239 -6.20494 
3.18614 -0.13282 -0.988117 6.16255 -10.8057 -5.94738 
3.19847 -0.151138 -0.853522 5.93137 -10.7816 -5.69648 
3.20987 -0.169049 -0.721493 5.70583 -10.7517 -5.45216 
3.22714 -0.186948 -0.593279 5.50897 -10.7614 -5.2363 
3.24366 -0.204522 -0.467118 5.31633 -10.7663 -5.02541 
3.25944 -0.221771 -0.343011 5.12786 -10.7664 -4.81941 
3.28154 -0.239211 -0.221434 4.96484 -10.8084 -4.63819 
3.30308 -0.256407 -0.101397 4.80475 -10.8466 -4.46044 
3.32407 -0.27336 0.017099 4.64757 -10.8811 -4.28613 
3.34451 -0.29007 0.134055 4.49326 -10.912 -4.11524 
3.37182 -0.307212 0.250021 4.361 -10.9876 -3.96518 
3.39876 -0.324193 0.36496 4.23055 -11.0606 -3.81728 
3.42532 -0.341011 0.478873 4.1019 -11.1311 -3.67154 
3.45152 -0.357667 0.591758 3.97503 -11.199 -3.52793 
3.48515 -0.375 0.705195 3.86722 -11.315 -3.40164 
3.51859 -0.392251 0.818117 3.76025 -11.4296 -3.27638 
3.55184 -0.409422 0.930527 3.65413 -11.5428 -3.15214 
3.58491 -0.426511 1.04242 3.54884 -11.6547 -3.02892 
3.62596 -0.444521 1.15641 3.45996 -11.8183 -2.91985 
3.66702 -0.46253 1.2704 3.37108 -11.982 -2.81078 
3.70807 -0.480539 1.38438 3.2822 -12.1457 -2.7017 
3.74912 -0.498549 1.49837 3.19332 -12.3094 -2.59263 
3.79017 -0.516558 1.61236 3.10444 -12.4731 -2.48356 
3.83985 -0.535772 1.73023 3.02916 -12.6937 -2.3852 
3.88972 -0.555066 1.84862 2.9531 -12.916 -2.28587 
3.93977 -0.574442 1.96752 2.87627 -13.1399 -2.18558 
3.99 -0.593899 2.08694 2.79867 -13.3654 -2.08433 
4.04942 -0.614803 2.21178 2.73241 -13.6531 -1.99094 
4.10921 -0.635869 2.33765 2.66464 -13.9444 -1.89564 
4.16937 -0.657098 2.46455 2.59535 -14.2392 -1.79841 
4.2299 -0.678488 2.59248 2.52451 -14.5376 -1.69924 
4.2908 -0.700041 2.72143 2.45213 -14.8395 -1.59812 
4.36153 -0.723326 2.8576 2.38855 -15.211 -1.50154 
4.42326 -0.745244 2.98887 2.31267 -15.5213 -1.39599 
4.495 -0.768975 3.12787 2.24483 -15.9034 -1.29399 
4.56731 -0.792948 3.26841 2.17465 -16.2914 -1.18901 
4.64999 -0.818897 3.41772 2.11103 -16.7563 -1.08559 
4.7235 -0.843398 3.5616 2.03574 -17.1576 -0.974042 
4.80757 -0.869955 3.71475 1.96622 -17.6385 -0.863005 
4.88227 -0.894984 3.86197 1.8857 -18.0533 -0.744751 
4.96773 -0.922149 4.01898 1.81013 -18.5505 -0.625916 
5.05394 -0.949639 4.17804 1.73129 -19.0567 -0.502854 
5.15126 -0.979428 4.34793 1.65581 -19.651 -0.377031 
5.23903 -1.00761 4.51135 1.56991 -20.1768 -0.244816 
5.19753 -0.910237 4.43712 1.37427 -19.6643 -0.116058 
5.15602 -0.814306 4.3635 1.18431 -19.1605 0.0086583 
5.1145 -0.719816 4.2905 0.999959 -18.6654 0.12938 
5.07297 -0.626766 4.21811 0.821162 -18.1788 0.246157 
5.04192 -0.536272 4.15497 0.650551 -17.7746 0.360534 
5.00039 -0.445924 4.08374 0.48197 -17.3035 0.470037 
4.96933 -0.35777 4.0216 0.3201 -16.9122 0.57817 
4.93826 -0.270697 3.95993 0.1622 -16.5266 0.683463 
4.90719 -0.184705 3.89872 0.00823385 -16.1467 0.785942 
4.8866 -0.100007 3.84622 -0.142448 -15.8404 0.88945 
4.85553 -0.015995 3.78585 -0.289298 -15.4707 0.98683 
4.83493 0.0670822 3.73405 -0.4342 -15.1724 1.08618 
4.81433 0.149439 3.68255 -0.576562 -14.8775 1.1837 
4.79373 0.231076 3.63136 -0.716398 -14.586 1.2794 
4.77312 0.311992 3.58048 -0.853726 -14.2979 1.3733 
4.75251 0.392188 3.5299 -0.988563 -14.0132 1.4654 
4.7319 0.471664 3.47964 -1.12092 -13.7318 1.55572 
4.72178 0.551646 3.43732 -1.25641 -13.5138 1.6516 
4.71165 0.631267 3.39515 -1.39065 -13.2973 1.74658 
4.70153 0.710528 3.35314 -1.52366 -13.0823 1.84067 
4.6914 0.78943 3.31128 -1.65545 -12.8689 1.93387 
4.68127 0.867971 3.26957 -1.78601 -12.657 2.02618 
4.67114 0.946152 3.22802 -1.91535 -12.4466 2.1176 
4.67151 1.02628 3.1938 -2.0527 -12.2928 2.2181 
4.66137 1.10392 3.15248 -2.18021 -12.0846 2.3082 
4.66174 1.18387 3.11833 -2.31693 -11.9316 2.40825 
4.6621 1.26381 3.08419 -2.45366 -11.7786 2.5083 
4.66247 1.34376 3.05004 -2.59039 -11.6256 2.60835 
4.66283 1.42371 3.0159 -2.72711 -11.4725 2.7084 
4.6632 1.50365 2.98175 -2.86384 -11.3195 2.80845 
4.67406 1.58717 2.95425 -3.0141 -11.2168 2.92161 
4.67443 1.6673 2.92003 -3.15144 -11.0631 3.02211 
4.6853 1.75135 2.89229 -3.30358 -10.9585 3.13666 
4.67443 1.6673 2.92003 -3.15144 -11.0631 3.02211 
4.67406 1.58717 2.95425 -3.0141 -11.2168 2.92161 
4.67443 1.6673 2.92003 -3.15144 -11.0631 3.02211 
4.6853 1.75135 2.89229 -3.30358 -10.9585 3.13666 
4.69617 1.83576 2.8644 -3.45699 -10.8526 3.25215 
4.70705 1.92054 2.83636 -3.61168 -10.7454 3.36858 
4.71792 2.00567 2.80816 -3.76764 -10.6369 3.48595 
4.7288 2.09117 2.77981 -3.92489 -10.5272 3.60427 
4.73968 2.17702 2.7513 -4.08342 -10.4161 3.72353 
4.76107 2.26824 2.72867 -4.26204 -10.3494 3.86078 
4.77195 2.355 2.69978 -4.42384 -10.2351 3.98245 
4.79335 2.44748 2.67661 -4.60712 -10.1641 4.12315 
4.81475 2.54068 2.65312 -4.7931 -10.0906 4.26585 
4.83615 2.6346 2.62933 -4.98181 -10.0147 4.41058 
4.85755 2.72925 2.60524 -5.17326 -9.93628 4.55734 
4.87896 2.82461 2.58083 -5.36747 -9.85537 4.70615 
4.91089 2.92696 2.56161 -5.58836 -9.81393 4.87789 
4.93231 3.02394 2.53651 -5.78889 -9.72743 5.03139 
4.96425 3.12828 2.51644 -6.0177 -9.67933 5.20903 
4.98567 3.22688 2.49065 -6.22463 -9.58713 5.3673 
5.01762 3.33319 2.46973 -6.46148 -9.53225 5.55093 
5.04957 3.44059 2.44835 -6.70281 -9.47368 5.7379 
5.08152 3.54906 2.42651 -6.94865 -9.41138 5.92825 
5.11349 3.65861 2.40421 -7.19906 -9.3453 6.12199 
5.15597 3.77695 2.38631 -7.48457 -9.31339 6.34503 
5.18795 3.88885 2.36301 -7.74507 -9.23911 6.54632 
5.21992 4.00182 2.33925 -8.01024 -9.16093 6.75109 
5.26243 4.12413 2.31966 -8.31335 -9.11522 6.9873 
5.20437 3.90227 2.31646 -8.2868 -9.01404 6.76939 
5.15645 3.69265 2.31718 -8.28596 -8.94455 6.58256 
5.10815 3.48704 2.31719 -8.2778 -8.87045 6.39886 
5.05948 3.28541 2.31648 -8.2625 -8.79187 6.21828 
5.0211 3.09436 2.32 -8.27542 -8.74614 6.06658 
4.98241 2.90665 2.32293 -8.28229 -8.6965 5.91717 
4.9434 2.72226 2.32526 -8.28326 -8.64305 5.77003 
4.91486 2.54679 2.33212 -8.31486 -8.62365 5.6499 
4.89687 2.37923 2.34367 -8.37855 -8.63911 5.55585 
4.87869 2.21367 2.35486 -8.43841 -8.65193 5.46281 
4.87119 2.05469 2.371 -8.53251 -8.70093 5.39485 
4.86357 1.89704 2.38689 -8.62394 -8.74803 5.32745 
4.85582 1.74073 2.40255 -8.71271 -8.79325 5.26061 
4.86988 1.59292 2.42891 -8.87866 -8.91675 5.24144 
4.88394 1.44511 2.45527 -9.0446 -9.04025 5.22227 
4.898 1.29731 2.48163 -9.21055 -9.16375 5.2031 
4.92313 1.15209 2.51364 -9.41877 -9.32913 5.20731 
4.95941 1.00846 2.55147 -9.67182 -9.53835 5.2348 
5.00694 0.865425 2.59532 -9.97254 -9.79367 5.28561 
5.05467 0.720391 2.63951 -10.2787 -10.0532 5.33636 
5.12496 0.575874 2.69584 -10.6834 -10.4078 5.43442 
5.19557 0.428029 2.75276 -11.0984 -10.7706 5.53288 
5.2665 0.276854 2.81027 -11.5238 -11.1417 5.63173 
5.36032 0.122868 2.8805 -12.061 -11.6188 5.77952 
5.45457 -0.0357785 2.95157 -12.6147 -12.1093 5.92853 
5.57197 -0.1999 3.03583 -13.2931 -12.7168 6.12855 
5.68994 -0.370014 3.12117 -13.9953 -13.3439 6.33098 
5.53467 -0.456096 2.96216 -13.4756 -12.8829 6.37012 
5.3925 -0.539897 2.81274 -13.0203 -12.4811 6.42068 
5.26311 -0.621981 2.67229 -12.6265 -12.1362 6.48499 
5.13523 -0.701422 2.53477 -12.2392 -11.7956 6.53745 
5.03054 -0.781587 2.41058 -11.9614 -11.5589 6.63547 
4.91619 -0.857989 2.28349 -11.6363 -11.2751 6.69555 
4.82438 -0.93625 2.16847 -11.4165 -11.0919 6.80569 
4.73344 -1.013 2.05512 -11.1991 -10.91 6.90889 
4.65376 -1.09068 1.94781 -11.0334 -10.7775 7.03672 
4.58504 -1.16985 1.8459 -10.9181 -10.6937 7.19157 
4.52694 -1.25109 1.74877 -10.8524 -10.658 7.37599 
4.46906 -1.33195 1.65205 -10.787 -10.6223 7.55853 
4.42138 -1.41562 1.55928 -10.7704 -10.6346 7.77426 
4.39344 -1.50607 1.47312 -10.8511 -10.7433 8.0623 
4.36507 -1.59727 1.38613 -10.9319 -10.8526 8.35457 
4.34593 -1.69299 1.30119 -11.062 -11.0114 8.68969 
4.33569 -1.79379 1.21768 -11.2421 -11.2209 9.07143 
4.33403 -1.90024 1.13497 -11.4732 -11.4826 9.50394 
4.34063 -2.01291 1.05242 -11.7569 -11.7983 9.99172 
4.35517 -2.13237 0.969416 -12.0946 -12.1702 10.5397 
4.37731 -2.25918 0.885323 -12.4886 -12.6006 11.1533 
4.41576 -2.3988 0.801149 -12.9941 -13.1462 11.8868 
4.45206 -2.54219 0.712787 -13.5087 -13.7039 12.6517 
4.28874 -2.2887 0.645237 -13.2683 -13.3335 12.4804 
4.12809 -2.04062 0.57912 -13.0278 -12.9692 12.3064 
4.28874 -2.2887 0.645237 -13.2683 -13.3335 12.4804 
4.45206 -2.54219 0.712787 -13.5087 -13.7039 12.6517 
4.34642 -2.51845 0.7459 -13.3435 -13.3929 12.6712 
4.24201 -2.49467 0.7782 -13.1767 -13.0862 12.6823 
4.14737 -2.47594 0.811357 -13.0623 -12.8366 12.7376 
4.05372 -2.4572 0.843863 -12.9464 -12.5898 12.786 
3.96106 -2.43842 0.875719 -12.829 -12.3461 12.8276 
3.86938 -2.41962 0.906924 -12.7102 -12.1052 12.8626 
3.77869 -2.40079 0.937479 -12.59 -11.8673 12.891 
3.69691 -2.38705 0.96946 -12.522 -11.6822 12.9684 
3.61587 -2.37328 1.00095 -12.4526 -11.499 13.0407 
3.53556 -2.3595 1.03196 -12.3819 -11.3176 13.1079 
3.456 -2.34569 1.06248 -12.31 -11.138 13.1701 
3.38461 -2.33699 1.09491 -12.2906 -11.0085 13.2855 
3.3137 -2.32828 1.12701 -12.2702 -10.88 13.3974 
3.24329 -2.31955 1.15879 -12.2487 -10.7524 13.5058 
3.17338 -2.31081 1.19025 -12.2261 -10.6258 13.6108 
3.10395 -2.30205 1.22138 -12.2025 -10.5003 13.7122 
3.04183 -2.29843 1.25499 -12.2326 -10.4222 13.8723 
2.97995 -2.29479 1.28844 -12.262 -10.3446 14.0305 
2.91833 -2.29115 1.32173 -12.2908 -10.2673 14.1869 
2.85694 -2.28751 1.35485 -12.319 -10.1905 14.3415 
2.80212 -2.28901 1.39095 -12.4023 -10.1597 14.5597 
2.74111 -2.28535 1.42383 -12.4295 -10.0833 14.7115 
2.68641 -2.28685 1.45984 -12.5124 -10.0527 14.9288 
2.63171 -2.28835 1.49585 -12.5954 -10.022 15.146 
2.577 -2.28985 1.53187 -12.6784 -9.9914 15.3633 
2.528 -2.29652 1.57142 -12.819 -10.0058 15.651 
2.47317 -2.29802 1.60751 -12.9023 -9.975 15.8692 
2.4238 -2.3047 1.64731 -13.0442 -9.98906 16.16 
2.37417 -2.31139 1.68727 -13.187 -10.0029 16.453 
2.3243 -2.31808 1.72739 -13.3307 -10.0167 16.7481 
2.27926 -2.32997 1.77162 -13.5355 -10.075 17.1215 
2.22877 -2.33668 1.81215 -13.6814 -10.0883 17.422 
2.18286 -2.3486 1.85695 -13.8897 -10.1463 17.8034 
2.13176 -2.35533 1.89788 -14.038 -10.1592 18.1094 
2.08498 -2.36727 1.94325 -14.2497 -10.2168 18.4989 
2.13176 -2.35533 1.89788 -14.038 -10.1592 18.1094 
2.18286 -2.3486 1.85695 -13.8897 -10.1463 17.8034 
2.22877 -2.33668 1.81215 -13.6814 -10.0883 17.422 
2.27926 -2.32997 1.77162 -13.5355 -10.075 17.1215 
2.3243 -2.31808 1.72739 -13.3307 -10.0167 16.7481 
2.37417 -2.31139 1.68727 -13.187 -10.0029 16.453 
2.4238 -2.3047 1.64731 -13.0442 -9.98906 16.16 
2.47317 -2.29802 1.60751 -12.9023 -9.975 15.8692 
2.528 -2.29652 1.57142 -12.819 -10.0058 15.651 
2.577 -2.28985 1.53187 -12.6784 -9.9914 15.3633 
2.63171 -2.28835 1.49585 -12.5954 -10.022 15.146 
2.68641 -2.28685 1.45984 -12.5124 -10.0527 14.9288 
2.74111 -2.28535 1.42383 -12.4295 -10.0833 14.7115 
2.68641 -2.28685 1.45984 -12.5124 -10.0527 14.9288 
2.63171 -2.28835 1.49585 -12.5954 -10.022 15.146 
2.577 -2.28985 1.53187 -12.6784 -9.9914 15.3633 
2.528 -2.29652 1.57142 -12.819 -10.0058 15.651 
2.47317 -2.29802 1.60751 -12.9023 -9.975 15.8692 
2.4238 -2.3047 1.64731 -13.0442 -9.98906 16.16 
2.37417 -2.31139 1.68727 -13.187 -10.0029 16.453 
2.3243 -2.31808 1.72739 -13.3307 -10.0167 16.7481 
2.27926 -2.32997 1.77162 -13.5355 -10.075 17.1215 
2.22877 -2.33668 1.81215 -13.6814 -10.0883 17.422 
2.18286 -2.3486 1.85695 -13.8897 -10.1463 17.8034 
2.13176 -2.35533 1.89788 -14.038 -10.1592 18.1094 
2.08498 -2.36727 1.94325 -14.2497 -10.2168 18.4989 
2.04218 -2.38442 1.9933 -14.5269 -10.3192 18.9759 
1.9943 -2.39639 2.0394 -14.7435 -10.3765 19.3762 
1.94592 -2.40837 2.08582 -14.9622 -10.4336 19.7814 
1.90114 -2.42559 2.13717 -15.2486 -10.5357 20.2785 
1.85562 -2.44282 2.189 -15.5386 -10.6379 20.7835 
1.80935 -2.46007 2.24133 -15.8322 -10.7401 21.2964 
1.76235 -2.47734 2.29414 -16.1295 -10.8423 21.8173 
1.7146 -2.49463 2.34743 -16.4305 -10.9444 22.3463 
1.66959 -2.51718 2.40622 -16.805 -11.0926 22.9788 
1.62024 -2.53452 2.46057 -17.1144 -11.1949 23.5256 
1.57337 -2.55712 2.52058 -17.4991 -11.3435 24.1798 
1.52552 -2.57974 2.58124 -17.8895 -11.4924 24.8458 
1.47668 -2.60239 2.64255 -18.2855 -11.6416 25.5238 
1.42684 -2.62507 2.7045 -18.6873 -11.7911 26.2139 
1.4672 -2.58727 2.72737 -18.2329 -11.3519 25.7913 
1.50366 -2.54455 2.74393 -17.7138 -10.878 25.2691 
1.54225 -2.50733 2.76527 -17.2754 -10.4592 24.8544 
1.58 -2.47037 2.78589 -16.8443 -10.0499 24.4431 
1.62029 -2.43877 2.81166 -16.489 -9.69009 24.1358 
1.65647 -2.40232 2.83093 -16.0712 -9.29785 23.7308 
1.6954 -2.37115 2.85553 -15.7268 -8.95251 23.4281 
1.73002 -2.33521 2.87346 -15.322 -8.57708 23.0292 
1.7676 -2.30449 2.89689 -14.9884 -8.24591 22.7312 
1.80844 -2.27888 2.92609 -14.723 -7.95539 22.5322 
1.84487 -2.24853 2.94853 -14.3979 -7.6358 22.2376 
1.88067 -2.21838 2.97044 -14.0776 -7.3225 21.945 
1.92006 -2.19325 2.99838 -13.8226 -7.04631 21.7496 
1.95903 -2.16825 3.02596 -13.5704 -6.77412 21.5551 
1.99758 -2.14339 3.05319 -13.3211 -6.50591 21.3616 
2.03571 -2.11866 3.08005 -13.0746 -6.24164 21.1689 
2.07343 -2.09407 3.10656 -12.8309 -5.98129 20.9772 
2.11546 -2.07425 3.13973 -12.6465 -5.75055 20.8797 
2.15728 -2.0545 3.17272 -12.4634 -5.52168 20.7824 
2.19889 -2.03482 3.20553 -12.2815 -5.2947 20.6854 
2.2403 -2.01521 3.23817 -12.1009 -5.06959 20.5886 
2.28664 -2.00016 3.278 -11.9755 -4.86824 20.5847 
2.32773 -1.98065 3.31037 -11.7967 -4.6459 20.4882 
2.37397 -1.96565 3.35011 -11.6718 -4.44546 20.4843 
2.42021 -1.95064 3.38986 -11.5469 -4.24503 20.4804 
2.46646 -1.93563 3.42961 -11.422 -4.04459 20.4765 
2.51837 -1.92496 3.47719 -11.3481 -3.86153 20.5652 
2.57049 -1.91422 3.52494 -11.2733 -3.67669 20.654 
2.62282 -1.90341 3.57288 -11.1974 -3.49007 20.7429 
2.67536 -1.89254 3.621 -11.1205 -3.30167 20.8321 
2.72811 -1.8816 3.66929 -11.0426 -3.11147 20.9214 
2.78726 -1.87475 3.72605 -11.0125 -2.93249 21.1046 
2.84683 -1.86777 3.78316 -10.9806 -2.74995 21.2886 
2.90681 -1.86066 3.84064 -10.9468 -2.56382 21.4733 
2.96722 -1.85341 3.89847 -10.9111 -2.37409 21.6588 
3.03465 -1.85005 3.9653 -10.921 -2.19025 21.9405 
3.10271 -1.84649 4.03267 -10.9284 -2.00098 22.224 
3.17139 -1.84273 4.10057 -10.9332 -1.80621 22.5093 
3.24763 -1.8427 4.17793 -10.9821 -1.61276 22.8939 
3.31767 -1.83849 4.247 -10.9812 -1.40592 23.1833 
3.39547 -1.83795 4.3257 -11.0239 -1.19844 23.5734 
3.47411 -1.83713 4.40512 -11.0634 -0.983347 23.9666 
3.56093 -1.83984 4.49452 -11.1453 -0.763694 24.4639 
3.64878 -1.84221 4.58482 -11.2235 -0.534298 24.9661 
3.73768 -1.84424 4.67601 -11.2978 -0.295003 25.4734 
3.82763 -1.84593 4.76811 -11.3681 -0.0456569 25.9856 
3.73522 -1.67586 4.59169 -10.9675 0.111374 25.2432 
3.65141 -1.51247 4.42723 -10.6199 0.261933 24.6147 
3.56854 -1.35208 4.26517 -10.2797 0.406296 23.9963 
3.48661 -1.19468 4.10553 -9.94681 0.544561 23.3879 
3.40561 -1.04028 3.94831 -9.62117 0.676822 22.7894 
3.33266 -0.890764 3.80158 -9.3424 0.806605 22.2955 
3.25345 -0.742049 3.64894 -9.0301 0.927705 21.7151 
3.189 -0.598922 3.51392 -8.80084 1.05217 21.3286 
3.1183 -0.456595 3.37299 -8.53794 1.16807 20.8556 
3.05506 -0.31736 3.24111 -8.31674 1.28511 20.4793 
2.99239 -0.179923 3.11067 -8.09915 1.39877 20.1076 
2.93682 -0.04438 2.98833 -7.92032 1.51582 19.8283 
2.88161 0.0899648 2.86695 -7.74371 1.63063 19.5517 
2.82679 0.223112 2.74654 -7.56931 1.74321 19.2777 
2.77858 0.355861 2.633 -7.43046 1.86194 19.0919 
2.73056 0.488011 2.51995 -7.29263 1.97956 18.9072 
2.68879 0.620961 2.41282 -7.18815 2.10553 18.8082 
2.64702 0.753911 2.30569 -7.08368 2.2315 18.7093 
2.60525 0.886861 2.19856 -6.9792 2.35747 18.6103 
2.56925 1.02211 2.09613 -6.90573 2.49464 18.5948 
2.53306 1.15795 1.99323 -6.83139 2.63298 18.5786 
2.50227 1.29729 1.89407 -6.78643 2.7849 18.6448 
2.4711 1.43783 1.79394 -6.73984 2.93922 18.71 
2.44496 1.58306 1.6966 -6.72125 3.10967 18.8573 
2.41824 1.73009 1.59781 -6.70037 3.28387 19.0035 
2.39097 1.87891 1.49757 -6.67717 3.46185 19.1486 
2.37336 2.03832 1.40192 -6.70934 3.67526 19.4599 
2.34979 2.19603 1.30108 -6.70944 3.87886 19.6869 
2.33532 2.36611 1.20339 -6.76351 4.12252 20.0822 
2.31489 2.5345 1.10051 -6.78536 4.35657 20.3929 
2.30299 2.71707 0.999325 -6.85995 4.63576 20.8747 
2.28978 2.90382 0.894763 -6.93018 4.92558 21.3583 
2.27525 3.09477 0.786822 -6.99589 5.2262 21.8436 
2.28186 2.95902 0.855837 -6.87089 5.25914 21.2518 
2.28342 2.81932 0.921759 -6.71982 5.26754 20.5868 
2.28917 2.68737 0.988193 -6.59775 5.29411 20.0178 
2.29453 2.55722 1.05341 -6.477 5.31771 19.4592 
2.30429 2.43392 1.11975 -6.38414 5.36071 18.9901 
2.3089 2.30712 1.18269 -6.26573 5.37877 18.4505 
2.318 2.18674 1.24705 -6.17471 5.41689 17.997 
2.32186 2.06329 1.30772 -6.05864 5.42957 17.4761 
2.33032 1.94582 1.37011 -5.96945 5.46292 17.0381 
2.34353 1.83363 1.43468 -5.90649 5.51785 16.6789 
2.35144 1.71862 1.4954 -5.81869 5.54713 16.2535 
2.35904 1.60494 1.5552 -5.73168 5.57426 15.8348 
2.37155 1.49589 1.61765 -5.67031 5.62392 15.4909 
2.38386 1.38774 1.67949 -5.60936 5.67207 15.1512 
2.39597 1.28048 1.74071 -5.54883 5.71873 14.8156 
2.40787 1.17411 1.80134 -5.48871 5.7639 14.4842 
2.41958 1.06864 1.86135 -5.429 5.8076 14.157 
2.43654 0.966232 1.92507 -5.39382 5.8761 13.8959 
2.4534 0.864266 1.98848 -5.35879 5.94381 13.6368 
2.47016 0.762748 2.05159 -5.32391 6.01074 13.3796 
2.48682 0.661678 2.11439 -5.28918 6.07689 13.1243 
2.50902 0.562322 2.1818 -5.27835 6.17002 12.929 
2.52553 0.461923 2.24415 -5.24382 6.23497 12.6765 
2.54769 0.362791 2.31141 -5.23304 6.32769 12.4821 
2.56985 0.263658 2.37868 -5.22226 6.4204 12.2877 
2.59201 0.164526 2.44594 -5.21148 6.51312 12.0933 
2.62007 0.0655409 2.51887 -5.22421 6.63569 11.9527 
2.64823 -0.0338914 2.59211 -5.23689 6.75917 11.8105 
2.67649 -0.133771 2.66565 -5.24953 6.88355 11.6666 
2.70485 -0.234099 2.7395 -5.26212 7.00885 11.5211 
2.73331 -0.334874 2.81365 -5.27467 7.13506 11.3739 
2.76802 -0.437068 2.89454 -5.31075 7.29458 11.2751 
2.80294 -0.540157 2.97603 -5.34683 7.45608 11.1732 
2.83805 -0.644141 3.05813 -5.38294 7.61959 11.0681 
2.87336 -0.74902 3.14084 -5.41905 7.78511 10.9599 
2.91522 -0.85666 3.23119 -5.47901 7.98741 10.8959 
2.95739 -0.965644 3.32246 -5.53914 8.193 10.8274 
2.99985 -1.07597 3.41463 -5.59944 8.4019 10.7543 
3.04911 -1.19018 3.51522 -5.6841 8.65099 10.7223 
3.09223 -1.30341 3.60937 -5.74482 8.86727 10.6392 
3.14224 -1.42097 3.71223 -5.83015 9.12524 10.5959 
3.19266 -1.54033 3.8163 -5.9159 9.38809 10.5465 
3.25018 -1.6649 3.92969 -6.02687 9.69583 10.5344 
3.30819 -1.79172 4.04461 -6.13858 10.0102 10.5149 
3.36671 -1.92077 4.16103 -6.25104 10.3313 10.4879 
3.42573 -2.05206 4.27898 -6.36423 10.6592 10.4533 
3.33001 -2.06956 4.17684 -6.25548 10.7203 10.4511 
3.24197 -2.09075 4.08408 -6.17279 10.8192 10.4875 
3.15476 -2.11153 3.99214 -6.09074 10.9134 10.5207 
3.06207 -2.12753 3.89301 -5.98467 10.9577 10.5074 
2.97665 -2.14742 3.80285 -5.90406 11.0419 10.534 
2.89206 -2.16691 3.71352 -5.82408 11.1215 10.5575 
2.81417 -2.19056 3.6326 -5.76884 11.2436 10.6224 
2.73109 -2.20929 3.54477 -5.68993 11.3148 10.6403 
2.64884 -2.22762 3.45776 -5.61164 11.3815 10.6552 
2.73109 -2.20929 3.54477 -5.68993 11.3148 10.6403 
2.81417 -2.19056 3.6326 -5.76884 11.2436 10.6224 
2.89206 -2.16691 3.71352 -5.82408 11.1215 10.5575 
2.97665 -2.14742 3.80285 -5.90406 11.0419 10.534 
3.06207 -2.12753 3.89301 -5.98467 10.9577 10.5074 
3.15476 -2.11153 3.99214 -6.09074 10.9134 10.5207 
3.24197 -2.09075 4.08408 -6.17279 10.8192 10.4875 
3.33001 -2.06956 4.17684 -6.25548 10.7203 10.4511 
3.42573 -2.05206 4.27898 -6.36423 10.6592 10.4533 
3.38117 -1.95144 4.25925 -6.38675 10.4105 9.97773 
3.34354 -1.85647 4.24744 -6.42894 10.2062 9.55517 
3.30597 -1.76304 4.23499 -6.46549 10.0039 9.14367 
3.26847 -1.67114 4.2219 -6.49651 9.80354 8.7431 
3.23105 -1.58078 4.20817 -6.5221 9.60507 8.3533 
3.2005 -1.49514 4.20274 -6.5703 9.44869 8.0082 
3.17681 -1.41376 4.20581 -6.64249 9.33343 7.70418 
3.14637 -1.33043 4.19942 -6.68234 9.17912 7.3741 
3.12277 -1.25105 4.20166 -6.74719 9.06538 7.08275 
3.09922 -1.1726 4.20351 -6.80867 8.95229 6.79712 
3.0757 -1.09506 4.20497 -6.86682 8.83984 6.51716 
3.059 -1.02071 4.21538 -6.95241 8.76679 6.27053 
3.04232 -0.94697 4.22553 -7.03568 8.694 6.02749 
3.02568 -0.873847 4.23542 -7.11667 8.62147 5.78803 
3.0158 -0.803136 4.25458 -7.22768 8.58759 5.57705 
3.00594 -0.732733 4.27361 -7.33748 8.55375 5.36778 
2.9961 -0.662637 4.29251 -7.44608 8.51995 5.16022 
2.98627 -0.59285 4.31129 -7.55349 8.4862 4.95436 
2.98317 -0.524551 4.33971 -7.69432 8.4907 4.77167 
2.98007 -0.456252 4.36813 -7.83516 8.4952 4.58897 
2.97697 -0.387953 4.39655 -7.97599 8.4997 4.40628 
2.97387 -0.319655 4.42496 -8.11682 8.5042 4.22358 
2.97746 -0.251922 4.46341 -8.2949 8.54707 4.05911 
2.98104 -0.183882 4.50199 -8.47432 8.59006 3.89303 
2.9846 -0.115534 4.5407 -8.65511 8.63319 3.72534 
2.98815 -0.0468784 4.57953 -8.83726 8.67644 3.55602 
2.99835 0.0221341 4.62878 -9.06101 8.7587 3.40018 
3.00853 0.0917618 4.67828 -9.28768 8.84139 3.24113 
3.01867 0.162005 4.72804 -9.51731 8.92451 3.07886 
3.02878 0.232863 4.77806 -9.74989 9.00806 2.91335 
3.04551 0.305001 4.83887 -10.0291 9.13179 2.75656 
3.06219 0.378062 4.90007 -10.3131 9.25642 2.5949 
3.07883 0.452046 4.96165 -10.602 9.38195 2.42833 
3.09542 0.526953 5.02362 -10.8957 9.5084 2.25678 
3.11198 0.602783 5.08597 -11.1943 9.63576 2.08022 
3.13509 0.68097 5.15957 -11.5464 9.80527 1.90661 
3.15156 0.758799 5.22275 -11.856 9.93473 1.71902 
3.17457 0.839293 5.29731 -12.2212 10.107 1.53261 
3.19752 0.921018 5.37238 -12.5936 10.2808 1.33926 
3.22699 1.00602 5.45907 -13.0263 10.499 1.14353 
3.24982 1.09036 5.53523 -13.4145 10.6763 0.935167 
3.27916 1.17829 5.62315 -13.8654 10.8988 0.722469 
3.17001 1.08222 5.60911 -13.3352 10.5046 0.566897 
3.06883 0.990166 5.60524 -12.8712 10.1615 0.419928 
2.96906 0.899771 5.60029 -12.4179 9.82586 0.278591 
2.87071 0.811034 5.59425 -11.9751 9.49768 0.142801 
2.77377 0.723956 5.58714 -11.5428 9.17685 0.0124732 
2.68395 0.639898 5.59083 -11.1683 8.90111 -0.112959 
2.59526 0.557166 5.59367 -10.8015 8.63079 -0.234144 
2.50771 0.475761 5.59563 -10.4424 8.36585 -0.351137 
2.42128 0.395684 5.59673 -10.0909 8.10623 -0.463992 
2.34113 0.317631 5.6093 -9.78998 7.88651 -0.57529 
2.26183 0.240573 5.62121 -9.49434 7.67047 -0.683543 
2.18824 0.164876 5.64502 -9.245 7.49135 -0.792299 
2.11521 0.0898434 5.6684 -8.99898 7.31451 -0.899046 
2.04275 0.0154737 5.69134 -8.75624 7.13993 -1.0038 
1.97529 -0.0583636 5.72672 -8.55517 6.99902 -1.11156 
1.90812 -0.131869 5.76189 -8.35565 6.85916 -1.21832 
1.84123 -0.205043 5.79684 -8.15766 6.72034 -1.32408 
1.77863 -0.278514 5.84476 -7.99727 6.61239 -1.43533 
1.71604 -0.351985 5.89269 -7.83688 6.50444 -1.54658 
1.65344 -0.425456 5.94061 -7.67649 6.39649 -1.65783 
1.59444 -0.500053 6.00205 -7.55007 6.31696 -1.77707 
1.5386 -0.576274 6.07734 -7.45567 6.26458 -1.90588 
1.4822 -0.653159 6.15306 -7.35866 6.21049 -2.03678 
1.42523 -0.730707 6.22921 -7.25901 6.15468 -2.1698 
1.37073 -0.810708 6.31974 -7.1884 6.12413 -2.31515 
1.31537 -0.891703 6.41093 -7.11399 6.09114 -2.46379 
1.26192 -0.975816 6.51693 -7.0664 6.08207 -2.62716 
1.20733 -1.06126 6.62379 -7.01387 6.06988 -2.79509 
1.15407 -1.15047 6.74591 -6.98608 6.08041 -2.98034 
1.0994 -1.24135 6.86911 -6.95221 6.08716 -3.17159 
1.04549 -1.33667 7.00799 -6.94102 6.1155 -3.383 
0.989889 -1.43398 7.14816 -6.92259 6.13942 -3.602 
0.934487 -1.5364 7.30445 -6.92481 6.18385 -3.84428 
0.877107 -1.64114 7.46226 -6.91853 6.22319 -4.09594 
0.734254 -1.54661 7.34776 -6.91828 6.2503 -4.16444 
0.59411 -1.45365 7.23406 -6.9139 6.27258 -4.22772 
0.457616 -1.36508 7.13585 -6.93396 6.31611 -4.30358 
0.322619 -1.27513 7.02369 -6.92178 6.32935 -4.35712 
0.19073 -1.18924 6.92685 -6.93476 6.36469 -4.42424 
0.322619 -1.27513 7.02369 -6.92178 6.32935 -4.35712 
0.457616 -1.36508 7.13585 -6.93396 6.31611 -4.30358 
0.59411 -1.45365 7.23406 -6.9139 6.27258 -4.22772 
0.734254 -1.54661 7.34776 -6.91828 6.2503 -4.16444 
0.877107 -1.64114 7.46226 -6.91853 6.22319 -4.09594 
0.812105 -1.74536 7.19441 -6.81686 5.96039 -4.14393 
0.748238 -1.84714 6.93046 -6.71512 5.70441 -4.18752 
0.685508 -1.94649 6.67041 -6.61334 5.45519 -4.22681 
0.623913 -2.0434 6.41427 -6.51154 5.21262 -4.26188 
0.685508 -1.94649 6.67041 -6.61334 5.45519 -4.22681 
0.748238 -1.84714 6.93046 -6.71512 5.70441 -4.18752 
0.812105 -1.74536 7.19441 -6.81686 5.96039 -4.14393 
0.877107 -1.64114 7.46226 -6.91853 6.22319 -4.09594 
0.78311 -1.72104 7.19566 -6.54681 6.08584 -3.95861 
0.691141 -1.79852 6.93336 -6.18707 5.94975 -3.82437 
0.602446 -1.87747 6.68921 -5.86337 5.83908 -3.70853 
0.515441 -1.95441 6.44865 -5.5491 5.72922 -3.59505 
0.430127 -2.02933 6.21167 -5.24415 5.62017 -3.48391 
0.347242 -2.10672 5.99104 -4.96955 5.53554 -3.38952 
0.430127 -2.02933 6.21167 -5.24415 5.62017 -3.48391 
0.515441 -1.95441 6.44865 -5.5491 5.72922 -3.59505 
0.602446 -1.87747 6.68921 -5.86337 5.83908 -3.70853 
0.691141 -1.79852 6.93336 -6.18707 5.94975 -3.82437 
0.78311 -1.72104 7.19566 -6.54681 6.08584 -3.95861 
0.877107 -1.64114 7.46226 -6.91853 6.22319 -4.09594 
0.922125 -1.54492 7.15913 -6.68298 5.91013 -3.94403 
0.965793 -1.45055 6.8612 -6.45283 5.60682 -3.79591 
1.0102 -1.36087 6.58207 -6.25389 5.33517 -3.66671 
1.05349 -1.27273 6.30728 -6.05907 5.07118 -3.54044 
1.0102 -1.36087 6.58207 -6.25389 5.33517 -3.66671 
0.965793 -1.45055 6.8612 -6.45283 5.60682 -3.79591 
0.922125 -1.54492 7.15913 -6.68298 5.91013 -3.94403 
0.877107 -1.64114 7.46226 -6.91853 6.22319 -4.09594 
0.78311 -1.72104 7.19566 -6.54681 6.08584 -3.95861 
0.691141 -1.79852 6.93336 -6.18707 5.94975 -3.82437 
0.602446 -1.87747 6.68921 -5.86337 5.83908 -3.70853 
0.515441 -1.95441 6.44865 -5.5491 5.72922 -3.59505 
0.430127 -2.02933 6.21167 -5.24415 5.62017 -3.48391 
0.347242 -2.10672 5.99104 -4.96955 5.53554 -3.38952 
0.265709 -2.1825 5.77329 -4.70203 5.45136 -3.29684 
0.185527 -2.25667 5.5584 -4.4415 5.36766 -3.20586 
0.106931 -2.33432 5.35808 -4.20624 5.30758 -3.13021 
0.0293489 -2.41077 5.15991 -3.97599 5.2477 -3.05573 
-0.0472195 -2.486 4.96389 -3.75071 5.18803 -2.9824 
-0.123048 -2.56572 4.78064 -3.5461 5.15144 -2.92319 
-0.1982 -2.64464 4.59883 -3.34468 5.1149 -2.86467 
-0.272676 -2.72275 4.41845 -3.14643 5.07839 -2.80686 
-0.347257 -2.80637 4.24905 -2.96463 5.06466 -2.76213 
-0.4215 -2.88957 4.08037 -2.78437 5.0509 -2.71773 
-0.495404 -2.97238 3.9124 -2.60565 5.03711 -2.67364 
-0.570259 -3.06169 3.75363 -2.43945 5.04605 -2.64177 
-0.645113 -3.15101 3.59486 -2.27325 5.05498 -2.60991 
-0.719967 -3.24032 3.43608 -2.10705 5.06392 -2.57805 
-0.796615 -3.33715 3.28471 -1.94962 5.09579 -2.55769 
-0.871638 -3.42666 3.12557 -1.78268 5.10476 -2.52569 
-0.948794 -3.5241 2.97312 -1.62301 5.1368 -2.50493 
-1.02859 -3.63006 2.82628 -1.46842 5.19218 -2.49505 
-0.948794 -3.5241 2.97312 -1.62301 5.1368 -2.50493 
-1.02859 -3.63006 2.82628 -1.46842 5.19218 -2.49505 
-0.948794 -3.5241 2.97312 -1.62301 5.1368 -2.50493 
-0.871638 -3.42666 3.12557 -1.78268 5.10476 -2.52569 
-0.948794 -3.5241 2.97312 -1.62301 5.1368 -2.50493 
-1.02859 -3.63006 2.82628 -1.46842 5.19218 -2.49505 
-0.948794 -3.5241 2.97312 -1.62301 5.1368 -2.50493 
-0.871638 -3.42666 3.12557 -1.78268 5.10476 -2.52569 
-0.796615 -3.33715 3.28471 -1.94962 5.09579 -2.55769 
-0.719967 -3.24032 3.43608 -2.10705 5.06392 -2.57805 
-0.645113 -3.15101 3.59486 -2.27325 5.05498 -2.60991 
-0.570259 -3.06169 3.75363 -2.43945 5.04605 -2.64177 
-0.495404 -2.97238 3.9124 -2.60565 5.03711 -2.67364 
-0.4215 -2.88957 4.08037 -2.78437 5.0509 -2.71773 
-0.347257 -2.80637 4.24905 -2.96463 5.06466 -2.76213 
-0.272676 -2.72275 4.41845 -3.14643 5.07839 -2.80686 
-0.1982 -2.64464 4.59883 -3.34468 5.1149 -2.86467 
-0.272676 -2.72275 4.41845 -3.14643 5.07839 -2.80686 
-0.347257 -2.80637 4.24905 -2.96463 5.06466 -2.76213 
-0.4215 -2.88957 4.08037 -2.78437 5.0509 -2.71773 
-0.495404 -2.97238 3.9124 -2.60565 5.03711 -2.67364 
-0.570259 -3.06169 3.75363 -2.43945 5.04605 -2.64177 
-0.645113 -3.15101 3.59486 -2.27325 5.05498 -2.60991 
-0.719967 -3.24032 3.43608 -2.10705 5.06392 -2.57805 
-0.796615 -3.33715 3.28471 -1.94962 5.09579 -2.55769 
-0.871638 -3.42666 3.12557 -1.78268 5.10476 -2.52569 
-0.948794 -3.5241 2.97312 -1.62301 5.1368 -2.50493 
-1.02859 -3.63006 2.82628 -1.46842 5.19218 -2.49505 
-0.948794 -3.5241 2.97312 -1.62301 5.1368 -2.50493 
-0.871638 -3.42666 3.12557 -1.78268 5.10476 -2.52569 
-0.796615 -3.33715 3.28471 -1.94962 5.09579 -2.55769 
-0.719967 -3.24032 3.43608 -2.10705 5.06392 -2.57805 
-0.645113 -3.15101 3.59486 -2.27325 5.05498 -2.60991 
-0.570259 -3.06169 3.75363 -2.43945 5.04605 -2.64177 
-0.495404 -2.97238 3.9124 -2.60565 5.03711 -2.67364 
-0.4215 -2.88957 4.08037 -2.78437 5.0509 -2.71773 
-0.347257 -2.80637 4.24905 -2.96463 5.06466 -2.76213 
-0.272676 -2.72275 4.41845 -3.14643 5.07839 -2.80686 
-0.1982 -2.64464 4.59883 -3.34468 5.1149 -2.86467 
-0.123048 -2.56572 4.78064 -3.5461 5.15144 -2.92319 
-0.0472195 -2.486 4.96389 -3.75071 5.18803 -2.9824 
0.0293489 -2.41077 5.15991 -3.97599 5.2477 -3.05573 
0.106931 -2.33432 5.35808 -4.20624 5.30758 -3.13021 
0.185527 -2.25667 5.5584 -4.4415 5.36766 -3.20586 
0.265709 -2.1825 5.77329 -4.70203 5.45136 -3.29684 
0.347242 -2.10672 5.99104 -4.96955 5.53554 -3.38952 
0.430127 -2.02933 6.21167 -5.24415 5.62017 -3.48391 
0.515441 -1.95441 6.44865 -5.5491 5.72922 -3.59505 
0.602446 -1.87747 6.68921 -5.86337 5.83908 -3.70853 
0.691141 -1.79852 6.93336 -6.18707 5.94975 -3.82437 
0.78311 -1.72104 7.19566 -6.54681 6.08584 -3.95861 
0.877107 -1.64114 7.46226 -6.91853 6.22319 -4.09594 
0.934487 -1.5364 7.30445 -6.92481 6.18385 -3.84428 
0.989889 -1.43398 7.14816 -6.92259 6.13942 -3.602 
1.04549 -1.33667 7.00799 -6.94102 6.1155 -3.383 
1.0994 -1.24135 6.86911 -6.95221 6.08716 -3.17159 
1.15407 -1.15047 6.74591 -6.98608 6.08041 -2.98034 
1.20733 -1.06126 6.62379 -7.01387 6.06988 -2.79509 
1.26192 -0.975816 6.51693 -7.0664 6.08207 -2.62716 
1.31537 -0.891703 6.41093 -7.11399 6.09114 -2.46379 
1.37073 -0.810708 6.31974 -7.1884 6.12413 -2.31515 
1.42523 -0.730707 6.22921 -7.25901 6.15468 -2.1698 
1.4822 -0.653159 6.15306 -7.35866 6.21049 -2.03678 
1.5386 -0.576274 6.07734 -7.45567 6.26458 -1.90588 
1.4822 -0.653159 6.15306 -7.35866 6.21049 -2.03678 
1.5386 -0.576274 6.07734 -7.45567 6.26458 -1.90588 
1.59444 -0.500053 6.00205 -7.55007 6.31696 -1.77707 
1.65344 -0.425456 5.94061 -7.67649 6.39649 -1.65783 
1.71604 -0.351985 5.89269 -7.83688 6.50444 -1.54658 
1.77863 -0.278514 5.84476 -7.99727 6.61239 -1.43533 
1.84123 -0.205043 5.79684 -8.15766 6.72034 -1.32408 
1.90812 -0.131869 5.76189 -8.35565 6.85916 -1.21832 
1.97529 -0.0583636 5.72672 -8.55517 6.99902 -1.11156 
2.04275 0.0154737 5.69134 -8.75624 7.13993 -1.0038 
2.11521 0.0898434 5.6684 -8.99898 7.31451 -0.899046 
2.18824 0.164876 5.64502 -9.245 7.49135 -0.792299 
2.26183 0.240573 5.62121 -9.49434 7.67047 -0.683543 
2.34113 0.317631 5.6093 -9.78998 7.88651 -0.57529 
2.42128 0.395684 5.59673 -10.0909 8.10623 -0.463992 
2.50771 0.475761 5.59563 -10.4424 8.36585 -0.351137 
2.59526 0.557166 5.59367 -10.8015 8.63079 -0.234144 
2.68395 0.639898 5.59083 -11.1683 8.90111 -0.112959 
2.77377 0.723956 5.58714 -11.5428 9.17685 0.0124732 
2.87071 0.811034 5.59425 -11.9751 9.49768 0.142801 
2.96906 0.899771 5.60029 -12.4179 9.82586 0.278591 
3.06883 0.990166 5.60524 -12.8712 10.1615 0.419928 
3.17001 1.08222 5.60911 -13.3352 10.5046 0.566897 
3.27916 1.17829 5.62315 -13.8654 10.8988 0.722469 
3.01524 1.20024 5.3455 -13.3696 10.6395 0.696835 
3.27916 1.17829 5.62315 -13.8654 10.8988 0.722469 
3.22819 1.09633 5.49673 -13.4222 10.6573 0.443102 
3.18401 1.01811 5.38275 -13.0417 10.4608 0.177325 
3.14006 0.941252 5.26997 -12.6684 10.2658 -0.0779102 
3.09635 0.865771 5.15838 -12.3022 10.0722 -0.322764 
3.05288 0.791663 5.04798 -11.9432 9.88011 -0.557397 
3.01606 0.72046 4.9493 -11.6407 9.73084 -0.78531 
2.98582 0.651752 4.86199 -11.392 9.62358 -1.00958 
2.94935 0.582608 4.76511 -11.0989 9.47571 -1.22262 
2.91942 0.515684 4.67935 -10.858 9.36939 -1.43412 
2.88963 0.449584 4.59431 -10.6206 9.26344 -1.63981 
2.85998 0.384307 4.50998 -10.3867 9.15787 -1.83975 
2.83674 0.320564 4.43619 -10.2012 9.09288 -2.04303 
2.8136 0.257369 4.36287 -10.0178 9.02797 -2.24251 
2.79056 0.194724 4.29003 -9.83645 8.96315 -2.43821 
2.77381 0.132925 4.22712 -9.7005 8.93836 -2.64196 
2.75711 0.0714002 4.16445 -9.56548 8.91352 -2.84382 
2.74046 0.0101504 4.10202 -9.43137 8.88863 -3.04379 
2.72386 -0.0508249 4.03983 -9.29818 8.8637 -3.24188 
2.71341 -0.111777 3.98685 -9.20732 8.87867 -3.45364 
2.70296 -0.17273 3.93388 -9.11647 8.89365 -3.66539 
2.69252 -0.233682 3.88091 -9.02562 8.90862 -3.87715 
2.68207 -0.294635 3.82793 -8.93477 8.9236 -4.0889 
2.69252 -0.233682 3.88091 -9.02562 8.90862 -3.87715 
2.68207 -0.294635 3.82793 -8.93477 8.9236 -4.0889 
2.67764 -0.356388 3.78346 -8.8838 8.97888 -4.32005 
2.67317 -0.418416 3.73875 -8.8321 9.03439 -4.55315 
2.66864 -0.480719 3.6938 -8.77967 9.09012 -4.78822 
2.66407 -0.543296 3.64862 -8.7265 9.14608 -5.02525 
2.66538 -0.607497 3.61121 -8.71127 9.24331 -5.28774 
2.66659 -0.672248 3.57334 -8.69472 9.34117 -5.5543 
2.66771 -0.737548 3.53498 -8.67684 9.43968 -5.82496 
2.66873 -0.803397 3.49615 -8.65763 9.53882 -6.09975 
2.67549 -0.871694 3.46439 -8.67483 9.68075 -6.40658 
2.68211 -0.940815 3.43191 -8.69023 9.82392 -6.71987 
2.68858 -1.01076 3.39871 -8.7038 9.96834 -7.03968 
2.69492 -1.08153 3.3648 -8.71553 10.114 -7.36608 
2.70111 -1.15312 3.33018 -8.72539 10.2609 -7.69911 
2.71287 -1.22812 3.30179 -8.77024 10.4531 -8.07279 
2.71876 -1.3015 3.26561 -8.77608 10.6029 -8.42051 
2.73017 -1.37856 3.23543 -8.8165 10.7988 -8.81158 
2.74139 -1.45672 3.2043 -8.85459 10.9967 -9.21215 
2.75805 -1.53911 3.17868 -8.92662 11.2424 -9.66163 
2.76887 -1.6196 3.14552 -8.95973 11.445 -10.0829 
2.78507 -1.7046 3.11764 -9.02644 11.6963 -10.5562 
2.6627 -1.73164 3.07534 -8.74004 11.4359 -10.6191 
2.54195 -1.75803 3.03332 -8.45938 11.1793 -10.6761 
2.4228 -1.78377 2.99158 -8.1844 10.9265 -10.727 
2.31004 -1.81258 2.95621 -7.94779 10.7218 -10.8166 
2.19392 -1.83708 2.915 -7.68318 10.476 -10.8563 
2.08378 -1.86483 2.88009 -7.45524 10.2769 -10.9361 
1.97485 -1.89208 2.84539 -7.23122 10.0804 -11.0113 
1.86713 -1.91885 2.8109 -7.01108 9.88641 -11.082 
1.76062 -1.94512 2.77662 -6.79479 9.69491 -11.1483 
1.65532 -1.9709 2.74256 -6.58232 9.50589 -11.2102 
1.55459 -2.00049 2.71455 -6.40119 9.35965 -11.3165 
1.45151 -2.02537 2.68086 -6.19554 9.17503 -11.3704 
1.35259 -2.05423 2.65317 -6.01983 9.03216 -11.47 
1.25447 -2.08276 2.62562 -5.84647 8.89074 -11.5665 
1.15717 -2.11097 2.5982 -5.67545 8.75076 -11.6601 
1.06067 -2.13884 2.57093 -5.50676 8.61221 -11.7506 
0.967113 -2.17119 2.54943 -5.3641 8.51272 -11.8908 
0.872026 -2.19849 2.52241 -5.1994 8.37658 -11.9761 
0.779483 -2.23043 2.50109 -5.0595 8.2787 -12.1124 
0.685808 -2.25716 2.4743 -4.89875 8.14495 -12.1926 
0.594274 -2.28869 2.45316 -4.7616 8.04866 -12.325 
0.504273 -2.32527 2.43755 -4.64634 7.98877 -12.512 
0.413344 -2.35656 2.41651 -4.51079 7.89336 -12.642 
0.322818 -2.38768 2.39554 -4.37631 7.79857 -12.7705 
0.233221 -2.4241 2.38001 -4.26209 7.73922 -12.9558 
0.143624 -2.46051 2.36447 -4.14786 7.67986 -13.1411 
0.0539053 -2.4913 2.34364 -4.01549 7.58622 -13.2664 
-0.03557 -2.53334 2.33339 -3.91941 7.56116 -13.5116 
-0.125167 -2.56976 2.31785 -3.80518 7.5018 -13.6969 
-0.214764 -2.60618 2.30232 -3.69096 7.44245 -13.8822 
-0.305046 -2.64855 2.29193 -3.59286 7.41639 -14.1309 
-0.394845 -2.68504 2.27635 -3.47812 7.35677 -14.317 
-0.485733 -2.72766 2.26586 -3.37851 7.32998 -14.5684 
-0.577024 -2.77044 2.2553 -3.2779 7.30273 -14.8216 
-0.670212 -2.81966 2.24968 -3.19049 7.30752 -15.144 
-0.762512 -2.86285 2.23894 -3.08738 7.27914 -15.4018 
-0.857113 -2.91264 2.23307 -2.99651 7.28247 -15.731 
-0.950422 -2.95624 2.22216 -2.89088 7.25295 -15.9936 
-1.04643 -3.00661 2.21605 -2.7965 7.2548 -16.3297 
-1.14325 -3.05731 2.20979 -2.70013 7.25584 -16.6698 
-1.24088 -3.10834 2.2034 -2.60174 7.25606 -17.0141 
-1.34222 -3.16655 2.20164 -2.51218 7.28695 -17.4378 
-1.44166 -3.21831 2.19493 -2.40923 7.28536 -17.7914 
-1.54522 -3.27742 2.19278 -2.31412 7.31421 -18.2272 
-1.64999 -3.33703 2.19042 -2.21595 7.34197 -18.6697 
-1.75598 -3.39712 2.18784 -2.1147 7.36864 -19.1191 
-1.86708 -3.46497 2.18965 -2.01878 7.42529 -19.6577 
-1.97569 -3.52613 2.18663 -1.91075 7.44961 -20.1223 
-2.08982 -3.59522 2.18791 -1.80699 7.50376 -20.6792 
-2.20105 -3.65744 2.18443 -1.69204 7.52566 -21.1592 
-2.31821 -3.72775 2.18519 -1.58026 7.57721 -21.7348 
-2.4419 -3.8064 2.19008 -1.47006 7.65825 -22.4109 
-2.56249 -3.8781 2.19025 -1.34901 7.707 -23.0088 
-2.46555 -3.91962 2.17487 -1.3795 7.33678 -22.3815 
-2.37005 -3.95952 2.15937 -1.40796 6.97682 -21.7655 
-2.27598 -3.9978 2.14373 -1.43441 6.62698 -21.1609 
-2.18336 -4.03445 2.12796 -1.45891 6.28714 -20.5675 
-2.09658 -4.07805 2.11651 -1.48771 5.98227 -20.0694 
-2.0067 -4.11162 2.10049 -1.50853 5.66092 -19.4965 
-1.92649 -4.16135 2.09328 -1.54063 5.39519 -19.0974 
-1.84317 -4.20106 2.08151 -1.56479 5.11282 -18.6234 
-1.76483 -4.24868 2.07413 -1.59435 4.85884 -18.2364 
-1.68368 -4.28596 2.06216 -1.61567 4.59005 -17.7768 
-1.61075 -4.34101 2.05914 -1.65 4.36674 -17.4784 
-1.53501 -4.38572 2.05153 -1.67612 4.12854 -17.1073 
-1.46338 -4.43931 2.04838 -1.70871 3.91287 -16.8162 
-1.39233 -4.49226 2.04519 -1.74052 3.70054 -16.5282 
-1.32482 -4.55475 2.04652 -1.77951 3.5072 -16.3163 
-1.25477 -4.60656 2.04323 -1.80996 3.30064 -16.0337 
-1.18798 -4.66823 2.0445 -1.84797 3.11135 -15.8253 
-1.12401 -4.74026 2.05035 -1.8941 2.93688 -15.689 
-1.06004 -4.81229 2.05621 -1.94023 2.76241 -15.5526 
-0.99607 -4.88432 2.06207 -1.98636 2.58795 -15.4162 
-0.932099 -4.95635 2.06792 -2.03249 2.41348 -15.2799 
-0.870083 -5.0397 2.07845 -2.08799 2.24911 -15.2118 
-0.807779 -5.12338 2.089 -2.14394 2.08318 -15.1427 
-0.746854 -5.21903 2.10428 -2.21017 1.92428 -15.1399 
-0.685352 -5.31533 2.11961 -2.27733 1.76229 -15.1353 
-0.746854 -5.21903 2.10428 -2.21017 1.92428 -15.1399 
-0.807779 -5.12338 2.089 -2.14394 2.08318 -15.1427 
-0.746854 -5.21903 2.10428 -2.21017 1.92428 -15.1399 
-0.685352 -5.31533 2.11961 -2.27733 1.76229 -15.1353 
-0.623275 -5.41228 2.13499 -2.34543 1.59718 -15.1289 
-0.561855 -5.52201 2.15517 -2.42511 1.43523 -15.1872 
-0.623275 -5.41228 2.13499 -2.34543 1.59718 -15.1289 
-0.685352 -5.31533 2.11961 -2.27733 1.76229 -15.1353 
-0.746854 -5.21903 2.10428 -2.21017 1.92428 -15.1399 
-0.807779 -5.12338 2.089 -2.14394 2.08318 -15.1427 
-0.746854 -5.21903 2.10428 -2.21017 1.92428 -15.1399 
-0.685352 -5.31533 2.11961 -2.27733 1.76229 -15.1353 
-0.623275 -5.41228 2.13499 -2.34543 1.59718 -15.1289 
-0.561855 -5.52201 2.15517 -2.42511 1.43523 -15.1872 
-0.499572 -5.63272 2.17542 -2.50628 1.26857 -15.243 
-0.43737 -5.75686 2.20051 -2.6002 1.10193 -15.3628 
-0.374016 -5.8823 2.22571 -2.69623 0.928904 -15.4797 
-0.310168 -6.02183 2.2558 -2.80631 0.752613 -15.6602 
-0.244879 -6.16297 2.28603 -2.91923 0.568154 -15.8378 
-0.178149 -6.30574 2.31639 -3.03502 0.375395 -16.0122 
-0.110204 -6.4634 2.3517 -3.16671 0.174921 -16.2501 
-0.0405311 -6.62301 2.38718 -3.30209 -0.0358436 -16.4849 
0.030933 -6.79816 2.42767 -3.45503 -0.258122 -16.7834 
-0.0275061 -6.70409 2.25947 -3.51168 -0.251243 -16.0373 
-0.0840609 -6.60953 2.09548 -3.55937 -0.244412 -15.3135 
-0.139023 -6.52819 1.93976 -3.61349 -0.238629 -14.6733 
-0.0840609 -6.60953 2.09548 -3.55937 -0.244412 -15.3135 
-0.0275061 -6.70409 2.25947 -3.51168 -0.251243 -16.0373 
0.030933 -6.79816 2.42767 -3.45503 -0.258122 -16.7834 
-0.0405311 -6.62301 2.38718 -3.30209 -0.0358436 -16.4849 
-0.110204 -6.4634 2.3517 -3.16671 0.174921 -16.2501 
-0.178149 -6.30574 2.31639 -3.03502 0.375395 -16.0122 
-0.244879 -6.16297 2.28603 -2.91923 0.568154 -15.8378 
-0.310168 -6.02183 2.2558 -2.80631 0.752613 -15.6602 
-0.374016 -5.8823 2.22571 -2.69623 0.928904 -15.4797 
-0.43737 -5.75686 2.20051 -2.6002 1.10193 -15.3628 
-0.374016 -5.8823 2.22571 -2.69623 0.928904 -15.4797 
-0.310168 -6.02183 2.2558 -2.80631 0.752613 -15.6602 
-0.244879 -6.16297 2.28603 -2.91923 0.568154 -15.8378 
-0.178149 -6.30574 2.31639 -3.03502 0.375395 -16.0122 
-0.110204 -6.4634 2.3517 -3.16671 0.174921 -16.2501 
-0.0405311 -6.62301 2.38718 -3.30209 -0.0358436 -16.4849 
0.030933 -6.79816 2.42767 -3.45503 -0.258122 -16.7834 
-0.0275061 -6.70409 2.25947 -3.51168 -0.251243 -16.0373 
-0.0840609 -6.60953 2.09548 -3.55937 -0.244412 -15.3135 
-0.139023 -6.52819 1.93976 -3.61349 -0.238629 -14.6733 
-0.0840609 -6.60953 2.09548 -3.55937 -0.244412 -15.3135 
-0.0275061 -6.70409 2.25947 -3.51168 -0.251243 -16.0373 
0.030933 -6.79816 2.42767 -3.45503 -0.258122 -16.7834 

