3.1587 -0.0949694 -1.26501 6.64208 -10.8361 -6.46925 
3.06429 -0.082344 -1.25025 6.55707 -10.7586 -6.34637 
2.96987 -0.0697186 -1.23549 6.47206 -10.6812 -6.22349 
2.87546 -0.0570932 -1.22073 6.38705 -10.6037 -6.10061 
2.78104 -0.0444678 -1.20597 6.30203 -10.5262 -5.97773 
2.68663 -0.0318424 -1.19121 6.21702 -10.4488 -5.85485 
2.59222 -0.0192169 -1.17645 6.13201 -10.3713 -5.73197 
2.4978 -0.00659154 -1.16169 6.047 -10.2938 -5.60909 
2.40339 0.00603387 -1.14693 5.96199 -10.2164 -5.48621 
2.30898 0.0186593 -1.13216 5.87698 -10.1389 -5.36333 
2.21456 0.0312847 -1.1174 5.79197 -10.0614 -5.24045 
2.12015 0.0439101 -1.10264 5.70696 -9.98394 -5.11757 
2.02573 0.0565355 -1.08788 5.62194 -9.90648 -4.99469 
1.93132 0.0691609 -1.07312 5.53693 -9.82901 -4.87181 
1.83691 0.0817863 -1.05836 5.45192 -9.75154 -4.74893 
1.74249 0.0944117 -1.0436 5.36691 -9.67407 -4.62605 
1.64808 0.107037 -1.02884 5.2819 -9.5966 -4.50317 
1.55366 0.119663 -1.01408 5.19689 -9.51913 -4.38029 
1.45925 0.132288 -0.999319 5.11188 -9.44166 -4.25741 
1.36484 0.144913 -0.984558 5.02687 -9.36419 -4.13453 
1.27042 0.157539 -0.969798 4.94185 -9.28673 -4.01165 
1.17601 0.170164 -0.955037 4.85684 -9.20926 -3.88877 
1.0816 0.18279 -0.940277 4.77183 -9.13179 -3.76589 
0.987182 0.195415 -0.925516 4.68682 -9.05432 -3.64301 
0.793194 0.222124 -0.896998 4.54494 -8.9433 -3.42597 
0.890188 0.208769 -0.911257 4.61588 -8.99881 -3.53449 
0.987182 0.195415 -0.925516 4.68682 -9.05432 -3.64301 
1.06803 0.184396 -0.937667 4.75068 -9.10746 -3.73862 
1.14888 0.173377 -0.949819 4.81454 -9.16059 -3.83424 
1.22973 0.162358 -0.96197 4.87839 -9.21373 -3.92985 
1.31058 0.151339 -0.974122 4.94225 -9.26686 -4.02547 
1.39143 0.140319 -0.986273 5.00611 -9.32 -4.12108 
1.47228 0.1293 -0.998424 5.06997 -9.37314 -4.2167 
1.55313 0.118281 -1.01058 5.13383 -9.42627 -4.31231 
1.63398 0.107262 -1.02273 5.19768 -9.47941 -4.40793 
1.71483 0.096243 -1.03488 5.26154 -9.53254 -4.50355 
1.79568 0.0852239 -1.04703 5.3254 -9.58568 -4.59916 
1.90143 0.070938 -1.06322 5.41497 -9.66341 -4.73118 
2.00718 0.0566521 -1.07941 5.50454 -9.74114 -4.86319 
2.11692 0.0421474 -1.09697 5.60792 -9.84019 -5.00947 
2.22666 0.0276426 -1.11453 5.71131 -9.93924 -5.15574 
2.33847 0.0128282 -1.13233 5.8172 -10.0392 -5.30654 
2.45029 -0.00198629 -1.15014 5.92309 -10.1391 -5.45733 
2.49222 -0.017938 -1.06566 5.83506 -10.206 -5.36548 
2.53414 -0.0338898 -0.981172 5.74703 -10.2729 -5.27362 
2.57607 -0.0498416 -0.896688 5.659 -10.3398 -5.18177 
2.61799 -0.0657933 -0.812204 5.57097 -10.4066 -5.08991 
2.65992 -0.0817451 -0.72772 5.48294 -10.4735 -4.99806 
2.70185 -0.0976968 -0.643236 5.39491 -10.5404 -4.9062 
2.74377 -0.113649 -0.558752 5.30688 -10.6073 -4.81435 
2.7857 -0.1296 -0.474268 5.21885 -10.6742 -4.7225 
2.82762 -0.145552 -0.389784 5.13082 -10.7411 -4.63064 
2.86955 -0.161504 -0.3053 5.04279 -10.808 -4.53879 
2.91148 -0.177456 -0.220816 4.95476 -10.8749 -4.44693 
2.9534 -0.193407 -0.136332 4.86673 -10.9417 -4.35508 
2.99533 -0.209359 -0.051848 4.7787 -11.0086 -4.26322 
3.03725 -0.225311 0.032636 4.69067 -11.0755 -4.17137 
3.07918 -0.241263 0.11712 4.60264 -11.1424 -4.07951 
3.12111 -0.257214 0.201604 4.51462 -11.2093 -3.98766 
3.16303 -0.273166 0.286088 4.42659 -11.2762 -3.89581 
3.20496 -0.289118 0.370572 4.33856 -11.3431 -3.80395 
3.24688 -0.30507 0.455056 4.25053 -11.4099 -3.7121 
3.28881 -0.321021 0.53954 4.1625 -11.4768 -3.62024 
3.33074 -0.336973 0.624024 4.07447 -11.5437 -3.52839 
3.37266 -0.352925 0.708508 3.98644 -11.6106 -3.43653 
3.41459 -0.368877 0.792992 3.89841 -11.6775 -3.34468 
3.45651 -0.384828 0.877476 3.81038 -11.7444 -3.25283 
3.49844 -0.40078 0.96196 3.72235 -11.8113 -3.16097 
3.54037 -0.416732 1.04644 3.63432 -11.8782 -3.06912 
3.58229 -0.432684 1.13093 3.54629 -11.945 -2.97726 
3.62422 -0.448635 1.21541 3.45826 -12.0119 -2.88541 
3.66614 -0.464587 1.2999 3.37023 -12.0788 -2.79355 
3.70807 -0.480539 1.38438 3.2822 -12.1457 -2.7017 
3.74912 -0.498549 1.49837 3.19332 -12.3094 -2.59263 
3.79017 -0.516558 1.61236 3.10444 -12.4731 -2.48356 
3.83985 -0.535772 1.73023 3.02916 -12.6937 -2.3852 
3.88972 -0.555066 1.84862 2.9531 -12.916 -2.28587 
3.93977 -0.574442 1.96752 2.87627 -13.1399 -2.18558 
3.99 -0.593899 2.08694 2.79867 -13.3654 -2.08433 
4.04942 -0.614803 2.21178 2.73241 -13.6531 -1.99094 
4.07931 -0.625336 2.27472 2.69853 -13.7988 -1.94329 
4.10921 -0.635869 2.33765 2.66464 -13.9444 -1.89564 
4.13929 -0.646483 2.4011 2.63 -14.0918 -1.84702 
4.16937 -0.657098 2.46455 2.59535 -14.2392 -1.79841 
4.19963 -0.667793 2.52852 2.55993 -14.3884 -1.74883 
4.2299 -0.678488 2.59248 2.52451 -14.5376 -1.69924 
4.26035 -0.689264 2.65695 2.48832 -14.6885 -1.64868 
4.2908 -0.700041 2.72143 2.45213 -14.8395 -1.59812 
4.32616 -0.711684 2.78951 2.42034 -15.0252 -1.54983 
4.36153 -0.723326 2.8576 2.38855 -15.211 -1.50154 
4.3924 -0.734285 2.92324 2.35061 -15.3662 -1.44877 
4.42326 -0.745244 2.98887 2.31267 -15.5213 -1.39599 
4.37581 -0.768807 2.99156 2.27392 -15.3339 -1.40655 
4.32835 -0.79237 2.99425 2.23517 -15.1464 -1.41711 
4.2809 -0.815932 2.99694 2.19643 -14.959 -1.42767 
4.23345 -0.839495 2.99963 2.15768 -14.7716 -1.43823 
4.18599 -0.863058 3.00232 2.11893 -14.5842 -1.44879 
4.13854 -0.886621 3.00501 2.08018 -14.3967 -1.45936 
4.09109 -0.910183 3.0077 2.04143 -14.2093 -1.46992 
4.04363 -0.933746 3.01039 2.00269 -14.0219 -1.48048 
3.99618 -0.957309 3.01308 1.96394 -13.8344 -1.49104 
3.94873 -0.980872 3.01576 1.92519 -13.647 -1.5016 
3.90127 -1.00443 3.01845 1.88644 -13.4596 -1.51216 
3.85382 -1.028 3.02114 1.84769 -13.2722 -1.52272 
3.80637 -1.05156 3.02383 1.80894 -13.0847 -1.53328 
3.75891 -1.07512 3.02652 1.7702 -12.8973 -1.54384 
3.71146 -1.09869 3.02921 1.73145 -12.7099 -1.5544 
3.66401 -1.12225 3.0319 1.6927 -12.5225 -1.56496 
3.61655 -1.14581 3.03459 1.65395 -12.335 -1.57553 
3.5691 -1.16937 3.03728 1.6152 -12.1476 -1.58609 
3.52165 -1.19294 3.03997 1.57646 -11.9602 -1.59665 
3.47419 -1.2165 3.04266 1.53771 -11.7727 -1.60721 
3.42674 -1.24006 3.04535 1.49896 -11.5853 -1.61777 
3.37928 -1.26363 3.04804 1.46021 -11.3979 -1.62833 
3.33183 -1.28719 3.05073 1.42146 -11.2105 -1.63889 
3.28438 -1.31075 3.05342 1.38272 -11.023 -1.64945 
3.23692 -1.33431 3.05611 1.34397 -10.8356 -1.66001 
3.18947 -1.35788 3.0588 1.30522 -10.6482 -1.67057 
3.14202 -1.38144 3.06149 1.26647 -10.4607 -1.68113 
3.09456 -1.405 3.06417 1.22772 -10.2733 -1.6917 
3.04711 -1.42856 3.06686 1.18898 -10.0859 -1.70226 
2.99966 -1.45213 3.06955 1.15023 -9.89846 -1.71282 
2.9522 -1.47569 3.07224 1.11148 -9.71103 -1.72338 
2.90475 -1.49925 3.07493 1.07273 -9.5236 -1.73394 
2.8573 -1.52282 3.07762 1.03398 -9.33617 -1.7445 
2.80984 -1.54638 3.08031 0.995235 -9.14874 -1.75506 
2.76239 -1.56994 3.083 0.956487 -8.96132 -1.76562 
2.71494 -1.5935 3.08569 0.917739 -8.77389 -1.77618 
2.66748 -1.61707 3.08838 0.878991 -8.58646 -1.78674 
2.62003 -1.64063 3.09107 0.840243 -8.39903 -1.7973 
2.57258 -1.66419 3.09376 0.801494 -8.2116 -1.80787 
2.52512 -1.68776 3.09645 0.762746 -8.02418 -1.81843 
2.47767 -1.71132 3.09914 0.723998 -7.83675 -1.82899 
2.43022 -1.73488 3.10183 0.68525 -7.64932 -1.83955 
2.38276 -1.75844 3.10452 0.646502 -7.46189 -1.85011 
2.33531 -1.78201 3.10721 0.607754 -7.27446 -1.86067 
2.28786 -1.80557 3.1099 0.569006 -7.08704 -1.87123 
2.2404 -1.82913 3.11258 0.530258 -6.89961 -1.88179 
2.19295 -1.85269 3.11527 0.49151 -6.71218 -1.89235 
2.1455 -1.87626 3.11796 0.452762 -6.52475 -1.90291 
2.09804 -1.89982 3.12065 0.414014 -6.33732 -1.91347 
2.05059 -1.92338 3.12334 0.375265 -6.1499 -1.92404 
2.00314 -1.94695 3.12603 0.336517 -5.96247 -1.9346 
1.95568 -1.97051 3.12872 0.297769 -5.77504 -1.94516 
1.90823 -1.99407 3.13141 0.259021 -5.58761 -1.95572 
1.86078 -2.01763 3.1341 0.220273 -5.40018 -1.96628 
1.81332 -2.0412 3.13679 0.181525 -5.21275 -1.97684 
1.76587 -2.06476 3.13948 0.142777 -5.02533 -1.9874 
1.71842 -2.08832 3.14217 0.104029 -4.8379 -1.99796 
1.67096 -2.11189 3.14486 0.0652807 -4.65047 -2.00852 
1.62351 -2.13545 3.14755 0.0265326 -4.46304 -2.01908 
1.57606 -2.15901 3.15024 -0.0122155 -4.27561 -2.02964 
1.5286 -2.18257 3.15293 -0.0509635 -4.08819 -2.04021 
1.48115 -2.20614 3.15562 -0.0897116 -3.90076 -2.05077 
1.4337 -2.2297 3.15831 -0.12846 -3.71333 -2.06133 
1.38624 -2.25326 3.161 -0.167208 -3.5259 -2.07189 
1.33879 -2.27682 3.16368 -0.205956 -3.33847 -2.08245 
1.29134 -2.30039 3.16637 -0.244704 -3.15105 -2.09301 
1.24388 -2.32395 3.16906 -0.283452 -2.96362 -2.10357 
1.19643 -2.34751 3.17175 -0.3222 -2.77619 -2.11413 
1.14897 -2.37108 3.17444 -0.360948 -2.58876 -2.12469 
1.10152 -2.39464 3.17713 -0.399696 -2.40133 -2.13525 
1.05407 -2.4182 3.17982 -0.438444 -2.21391 -2.14581 
1.00661 -2.44176 3.18251 -0.477193 -2.02648 -2.15638 
0.959161 -2.46533 3.1852 -0.515941 -1.83905 -2.16694 
0.911708 -2.48889 3.18789 -0.554689 -1.65162 -2.1775 
0.864254 -2.51245 3.19058 -0.593437 -1.46419 -2.18806 
0.816801 -2.53602 3.19327 -0.632185 -1.27677 -2.19862 
0.769348 -2.55958 3.19596 -0.670933 -1.08934 -2.20918 
0.721894 -2.58314 3.19865 -0.709681 -0.901909 -2.21974 
0.674441 -2.6067 3.20134 -0.748429 -0.714481 -2.2303 
0.626987 -2.63027 3.20403 -0.787177 -0.527053 -2.24086 
0.579534 -2.65383 3.20672 -0.825925 -0.339625 -2.25142 
0.53208 -2.67739 3.20941 -0.864673 -0.152197 -2.26198 
0.484627 -2.70095 3.21209 -0.903422 0.0352315 -2.27255 
0.437174 -2.72452 3.21478 -0.94217 0.22266 -2.28311 
0.38972 -2.74808 3.21747 -0.980918 0.410088 -2.29367 
0.342267 -2.77164 3.22016 -1.01967 0.597516 -2.30423 
0.294813 -2.79521 3.22285 -1.05841 0.784944 -2.31479 
0.24736 -2.81877 3.22554 -1.09716 0.972372 -2.32535 
0.199907 -2.84233 3.22823 -1.13591 1.1598 -2.33591 
0.152453 -2.86589 3.23092 -1.17466 1.34723 -2.34647 
0.105 -2.88946 3.23361 -1.21341 1.53466 -2.35703 
0.0575464 -2.91302 3.2363 -1.25215 1.72208 -2.36759 
0.010093 -2.93658 3.23899 -1.2909 1.90951 -2.37815 
-0.0373605 -2.96015 3.24168 -1.32965 2.09694 -2.38872 
-0.0848139 -2.98371 3.24437 -1.3684 2.28437 -2.39928 
-0.132267 -3.00727 3.24706 -1.40715 2.4718 -2.40984 
-0.179721 -3.03083 3.24975 -1.44589 2.65922 -2.4204 
-0.227174 -3.0544 3.25244 -1.48464 2.84665 -2.43096 
-0.274628 -3.07796 3.25513 -1.52339 3.03408 -2.44152 
-0.322081 -3.10152 3.25782 -1.56214 3.22151 -2.45208 
-0.369534 -3.12508 3.2605 -1.60089 3.40894 -2.46264 
-0.416988 -3.14865 3.26319 -1.63964 3.59637 -2.4732 
-0.464441 -3.17221 3.26588 -1.67838 3.78379 -2.48376 
-0.511895 -3.19577 3.26857 -1.71713 3.97122 -2.49432 
-0.559348 -3.21934 3.27126 -1.75588 4.15865 -2.50489 
-0.606801 -3.2429 3.27395 -1.79463 4.34608 -2.51545 
-0.654255 -3.26646 3.27664 -1.83338 4.53351 -2.52601 
-0.701708 -3.29002 3.27933 -1.87212 4.72093 -2.53657 
-0.749162 -3.31359 3.28202 -1.91087 4.90836 -2.54713 
-0.796615 -3.33715 3.28471 -1.94962 5.09579 -2.55769 
-0.787482 -3.38147 3.26603 -1.97273 5.0217 -2.72596 
-0.778349 -3.42579 3.24735 -1.99584 4.94761 -2.89423 
-0.769215 -3.47011 3.22867 -2.01895 4.87352 -3.06251 
-0.760082 -3.51443 3.20999 -2.04206 4.79943 -3.23078 
-0.750949 -3.55875 3.19131 -2.06517 4.72534 -3.39905 
-0.741816 -3.60307 3.17263 -2.08828 4.65126 -3.56732 
-0.732682 -3.64739 3.15395 -2.11139 4.57717 -3.7356 
-0.723549 -3.69171 3.13527 -2.13449 4.50308 -3.90387 
-0.714416 -3.73603 3.11659 -2.1576 4.42899 -4.07214 
-0.705283 -3.78035 3.09791 -2.18071 4.3549 -4.24041 
-0.69615 -3.82467 3.07923 -2.20382 4.28081 -4.40869 
-0.687016 -3.86899 3.06055 -2.22693 4.20672 -4.57696 
-0.677883 -3.91331 3.04187 -2.25004 4.13263 -4.74523 
-0.66875 -3.95763 3.02319 -2.27315 4.05854 -4.9135 
-0.659617 -4.00195 3.00451 -2.29626 3.98445 -5.08178 
-0.650483 -4.04627 2.98583 -2.31937 3.91036 -5.25005 
-0.64135 -4.09059 2.96715 -2.34248 3.83627 -5.41832 
-0.632217 -4.13491 2.94847 -2.36559 3.76219 -5.58659 
-0.623084 -4.17923 2.92979 -2.3887 3.6881 -5.75486 
-0.613951 -4.22355 2.91111 -2.41181 3.61401 -5.92314 
-0.604817 -4.26787 2.89243 -2.43492 3.53992 -6.09141 
-0.595684 -4.31219 2.87375 -2.45802 3.46583 -6.25968 
-0.586551 -4.35651 2.85507 -2.48113 3.39174 -6.42795 
-0.577418 -4.40083 2.83639 -2.50424 3.31765 -6.59623 
-0.568284 -4.44515 2.81771 -2.52735 3.24356 -6.7645 
-0.559151 -4.48947 2.79903 -2.55046 3.16947 -6.93277 
-0.550018 -4.53379 2.78035 -2.57357 3.09538 -7.10104 
-0.540885 -4.57811 2.76167 -2.59668 3.02129 -7.26932 
-0.531752 -4.62243 2.74299 -2.61979 2.9472 -7.43759 
-0.522618 -4.66675 2.72431 -2.6429 2.87312 -7.60586 
-0.513485 -4.71107 2.70563 -2.66601 2.79903 -7.77413 
-0.504352 -4.75539 2.68695 -2.68912 2.72494 -7.94241 
-0.495219 -4.79971 2.66827 -2.71223 2.65085 -8.11068 
-0.486085 -4.84403 2.64959 -2.73534 2.57676 -8.27895 
-0.476952 -4.88835 2.63091 -2.75845 2.50267 -8.44722 
-0.467819 -4.93267 2.61224 -2.78155 2.42858 -8.61549 
-0.458686 -4.97699 2.59356 -2.80466 2.35449 -8.78377 
-0.449553 -5.02131 2.57488 -2.82777 2.2804 -8.95204 
-0.440419 -5.06563 2.5562 -2.85088 2.20631 -9.12031 
-0.431286 -5.10995 2.53752 -2.87399 2.13222 -9.28858 
-0.422153 -5.15427 2.51884 -2.8971 2.05813 -9.45686 
-0.41302 -5.19859 2.50016 -2.92021 1.98405 -9.62513 
-0.403886 -5.24291 2.48148 -2.94332 1.90996 -9.7934 
-0.394753 -5.28723 2.4628 -2.96643 1.83587 -9.96167 
-0.38562 -5.33155 2.44412 -2.98954 1.76178 -10.1299 
-0.376487 -5.37587 2.42544 -3.01265 1.68769 -10.2982 
-0.367354 -5.42019 2.40676 -3.03576 1.6136 -10.4665 
-0.35822 -5.46451 2.38808 -3.05887 1.53951 -10.6348 
-0.349087 -5.50883 2.3694 -3.08198 1.46542 -10.803 
-0.339954 -5.55315 2.35072 -3.10509 1.39133 -10.9713 
-0.330821 -5.59747 2.33204 -3.12819 1.31724 -11.1396 
-0.321687 -5.64179 2.31336 -3.1513 1.24315 -11.3079 
-0.312554 -5.68611 2.29468 -3.17441 1.16906 -11.4761 
-0.303421 -5.73043 2.276 -3.19752 1.09498 -11.6444 
-0.294288 -5.77475 2.25732 -3.22063 1.02089 -11.8127 
-0.285155 -5.81907 2.23864 -3.24374 0.946797 -11.9809 
-0.276021 -5.86339 2.21996 -3.26685 0.872708 -12.1492 
-0.266888 -5.90771 2.20128 -3.28996 0.798619 -12.3175 
-0.257755 -5.95203 2.1826 -3.31307 0.72453 -12.4858 
-0.248622 -5.99635 2.16392 -3.33618 0.650441 -12.654 
-0.239488 -6.04067 2.14524 -3.35929 0.576352 -12.8223 
-0.230355 -6.08499 2.12656 -3.3824 0.502263 -12.9906 
-0.221222 -6.12931 2.10788 -3.40551 0.428173 -13.1588 
-0.212089 -6.17363 2.0892 -3.42862 0.354084 -13.3271 
-0.202956 -6.21795 2.07052 -3.45172 0.279995 -13.4954 
-0.193822 -6.26227 2.05184 -3.47483 0.205906 -13.6637 
-0.184689 -6.30659 2.03316 -3.49794 0.131817 -13.8319 
-0.175556 -6.35091 2.01448 -3.52105 0.0577276 -14.0002 
-0.166423 -6.39523 1.9958 -3.54416 -0.0163615 -14.1685 
-0.157289 -6.43955 1.97712 -3.56727 -0.0904507 -14.3368 
-0.148156 -6.48387 1.95844 -3.59038 -0.16454 -14.505 
-0.139023 -6.52819 1.93976 -3.61349 -0.238629 -14.6733 
-0.120702 -6.5553 1.99167 -3.59545 -0.240557 -14.8867 
-0.102382 -6.58242 2.04357 -3.57741 -0.242484 -15.1001 
-0.0840609 -6.60953 2.09548 -3.55937 -0.244412 -15.3135 
-0.0699222 -6.63317 2.13648 -3.54745 -0.24612 -15.4944 
-0.0557835 -6.65681 2.17747 -3.53552 -0.247827 -15.6754 
-0.0416448 -6.68045 2.21847 -3.5236 -0.249535 -15.8563 
-0.0275061 -6.70409 2.25947 -3.51168 -0.251243 -16.0373 
-0.0128963 -6.72761 2.30152 -3.49752 -0.252963 -16.2238 
0.00171345 -6.75113 2.34357 -3.48335 -0.254683 -16.4104 
0.0163232 -6.77464 2.38562 -3.46919 -0.256402 -16.5969 
0.030933 -6.79816 2.42767 -3.45503 -0.258122 -16.7834 

