285
-1.18991 0.890827 2.33247 0.356673 0.89923 1.64368 -2.17045 -0.828093 0.317412 -2.72245 0.123805 2.26589 -0.140061 2.85123 
-1.20493 0.894305 2.3243 0.37727 0.866971 1.62394 -2.14418 -0.794104 0.322542 -2.70534 0.150042 2.27549 -0.181786 2.85829 
-1.21996 0.897783 2.31612 0.397868 0.834712 1.60421 -2.11791 -0.761614 0.327748 -2.69134 0.174132 2.28513 -0.222716 2.86599 
-1.23498 0.901262 2.30795 0.418465 0.802452 1.58447 -2.09165 -0.730238 0.332698 -2.67978 0.196115 2.2944 -0.263035 2.8742 
-1.25 0.90474 2.29977 0.439063 0.770193 1.56474 -2.06538 -0.699705 0.337338 -2.67025 0.215945 2.30301 -0.302979 2.88273 
-1.26502 0.908218 2.2916 0.45966 0.737934 1.545 -2.03911 -0.669816 0.341612 -2.66244 0.233554 2.31078 -0.342757 2.89135 
-1.28005 0.911696 2.28342 0.480258 0.705675 1.52527 -2.01284 -0.640439 0.345463 -2.65612 0.248851 2.31764 -0.382546 2.89986 
-1.29507 0.915175 2.27525 0.500855 0.673415 1.50553 -1.98658 -0.611497 0.348834 -2.65107 0.26173 2.32355 -0.422498 2.90804 
-1.31009 0.918653 2.26707 0.521453 0.641156 1.48579 -1.96031 -0.582963 0.351663 -2.64714 0.272065 2.32851 -0.462744 2.91569 
-1.32511 0.922131 2.2589 0.54205 0.608897 1.46606 -1.93404 -0.554857 0.353883 -2.64421 0.279715 2.33256 -0.503392 2.92266 
-1.34014 0.925609 2.25072 0.562648 0.576638 1.44632 -1.90777 -0.527233 0.355415 -2.64217 0.284526 2.33573 -0.544532 2.9288 
-1.35516 0.929087 2.24255 0.583245 0.544379 1.42659 -1.8815 -0.500179 0.356168 -2.64092 0.286333 2.33805 -0.586237 2.93398 
-1.37018 0.932566 2.23437 0.603843 0.512119 1.40685 -1.85524 -0.473814 0.356034 -2.64039 0.284963 2.33958 -0.628562 2.93812 
-1.3852 0.936044 2.2262 0.62444 0.47986 1.38712 -1.82897 -0.448278 0.354889 -2.64051 0.280236 2.34034 -0.671545 2.94113 
-1.40023 0.939522 2.21802 0.645038 0.447601 1.36738 -1.8027 -0.423734 0.352589 -2.64122 0.271967 2.34037 -0.71521 2.94295 
-1.41525 0.943 2.20985 0.665635 0.415342 1.34765 -1.77643 -0.400358 0.348971 -2.64246 0.259969 2.3397 -0.759568 2.94355 
-1.43027 0.946478 2.20167 0.686233 0.383083 1.32791 -1.75016 -0.378336 0.343856 -2.64418 0.244052 2.33835 -0.804619 2.9429 
-1.44529 0.949957 2.1935 0.70683 0.350823 1.30817 -1.7239 -0.357861 0.337048 -2.64633 0.224026 2.33634 -0.850352 2.94097 
-1.46032 0.953435 2.18532 0.727428 0.318564 1.28844 -1.69763 -0.339126 0.328338 -2.64888 0.199696 2.33368 -0.896754 2.93773 
-1.47534 0.956913 2.17715 0.748025 0.286305 1.2687 -1.67136 -0.322323 0.317503 -2.65178 0.170858 2.33038 -0.943808 2.93317 
-1.49036 0.960391 2.16897 0.768623 0.254046 1.24897 -1.64509 -0.307637 0.304313 -2.655 0.137298 2.32644 -0.991497 2.92723 
-1.50538 0.96387 2.1608 0.78922 0.221786 1.22923 -1.61883 -0.295252 0.288526 -2.65851 0.0987826 2.32187 -1.03981 2.91986 
-1.52041 0.967348 2.15262 0.809818 0.189527 1.2095 -1.59256 -0.285342 0.269889 -2.66227 0.0550407 2.31667 -1.08876 2.91096 
-1.53543 0.970826 2.14445 0.830415 0.157268 1.18976 -1.56629 -0.278083 0.248137 -2.66627 0.00575477 2.31082 -1.13834 2.9004 
-1.49673 0.94492 2.11158 0.823699 0.200514 1.15571 -1.52956 -0.272541 0.205847 -2.70804 -0.0414072 2.35132 -1.09174 2.99377 
-1.49423 0.930285 2.1164 0.826794 0.206311 1.14959 -1.53419 -0.249795 0.265081 -2.70101 0.0602973 2.31681 -1.06696 3.02508 
-1.49174 0.91565 2.12122 0.82989 0.212109 1.14346 -1.53883 -0.229801 0.321928 -2.69286 0.15489 2.28471 -1.04756 3.05416 
-1.4693 0.87451 2.1477 0.833858 0.159741 1.08153 -1.48863 -0.188796 0.438198 -2.69197 0.234774 2.2217 -1.11356 3.05528 
-1.44685 0.833371 2.17417 0.837825 0.107373 1.01959 -1.43844 -0.15289 0.539601 -2.68013 0.288832 2.16389 -1.18493 3.03752 
-1.42441 0.792231 2.20065 0.841793 0.0550047 0.957661 -1.38824 -0.122006 0.625376 -2.66143 0.322435 2.10907 -1.25426 3.00498 
-1.40196 0.751092 2.22712 0.84576 0.0026366 0.895728 -1.33805 -0.0957615 0.695282 -2.63907 0.340799 2.05496 -1.31618 2.96224 
-1.37952 0.709952 2.25359 0.849728 -0.0497315 0.833794 -1.28785 -0.0733042 0.749766 -2.61524 0.348882 2.00004 -1.36739 2.91373 
-1.35708 0.668813 2.28007 0.853696 -0.1021 0.771861 -1.23766 -0.0534051 0.789891 -2.59114 0.351165 1.94382 -1.40633 2.86342 
-1.33463 0.627673 2.30654 0.857663 -0.154468 0.709928 -1.18746 -0.0346292 0.817081 -2.56727 0.351476 1.88655 -1.43282 2.81467 
-1.31219 0.586534 2.33302 0.861631 -0.206836 0.647995 -1.13727 -0.0155391 0.832859 -2.54374 0.352891 1.82878 -1.44764 2.77022 
-1.28974 0.545395 2.35949 0.865598 -0.259204 0.586062 -1.08708 0.00508908 0.83865 -2.52059 0.357739 1.77107 -1.4522 2.73219 
-1.2673 0.504255 2.38597 0.869566 -0.311572 0.524129 -1.03688 0.0280909 0.835684 -2.49812 0.367658 1.71379 -1.44818 2.70212 
-1.23919 0.47458 2.41243 0.846751 -0.331642 0.509342 -1.04006 0.0356521 0.823899 -2.49164 0.373973 1.68023 -1.43841 2.65917 
-1.21108 0.444905 2.43889 0.823936 -0.351711 0.494554 -1.04323 0.0446677 0.809472 -2.4862 0.38237 1.64594 -1.42624 2.61893 
-1.18084 0.425312 2.45956 0.794778 -0.373321 0.492436 -1.05236 0.0523171 0.797295 -2.47978 0.389302 1.61282 -1.4161 2.57724 
-1.15061 0.405719 2.48023 0.76562 -0.394931 0.490318 -1.0615 0.0610916 0.783512 -2.47439 0.396936 1.57874 -1.4045 2.53652 
-1.12347 0.390648 2.49946 0.735772 -0.415234 0.49331 -1.07174 0.0687855 0.771235 -2.46806 0.404044 1.54597 -1.39424 2.49555 
-1.09633 0.375577 2.5187 0.705923 -0.435538 0.496303 -1.08198 0.0773466 0.75783 -2.46271 0.411359 1.51225 -1.38299 2.45498 
-1.11454 0.359136 2.51614 0.722044 -0.441796 0.456197 -1.05638 0.0975166 0.759032 -2.41925 0.418545 1.48148 -1.37286 2.40747 
-1.13676 0.336988 2.51355 0.737785 -0.448027 0.412175 -1.02655 0.117689 0.760234 -2.3758 0.425729 1.45072 -1.36273 2.35997 
-1.16298 0.30881 2.511 0.752392 -0.453902 0.364789 -0.99228 0.137861 0.761435 -2.33234 0.432912 1.41995 -1.35259 2.31246 
-1.19318 0.274422 2.5086 0.765118 -0.459046 0.31476 -0.953461 0.158034 0.762636 -2.28889 0.440095 1.38918 -1.34246 2.26495 
-1.22727 0.233841 2.50651 0.775248 -0.463037 0.263003 -0.910127 0.178206 0.763838 -2.24543 0.447278 1.35842 -1.33233 2.21745 
-1.26512 0.187335 2.50492 0.782129 -0.465446 0.210642 -0.862454 0.198378 0.765039 -2.20198 0.454462 1.32765 -1.3222 2.16994 
-1.30647 0.135465 2.50399 0.785198 -0.465909 0.158994 -0.810765 0.218551 0.76624 -2.15852 0.461645 1.29688 -1.31206 2.12244 
-1.35094 0.0790757 2.50383 0.784009 -0.464206 0.109521 -0.755499 0.238723 0.767442 -2.11507 0.468828 1.26612 -1.30193 2.07493 
-1.39799 0.0192409 2.50444 0.778252 -0.460333 0.0637401 -0.697176 0.258895 0.768643 -2.07161 0.476011 1.23535 -1.2918 2.02742 
-1.44693 -0.0428441 2.50564 0.767763 -0.454524 0.0230897 -0.636371 0.279068 0.769844 -2.02816 0.483195 1.20459 -1.28167 1.97992 
-1.49694 -0.105987 2.50708 0.752522 -0.447228 -0.0111975 -0.573689 0.29924 0.771046 -1.9847 0.490378 1.17382 -1.27153 1.93241 
-1.54706 -0.169112 2.50822 0.732641 -0.439028 -0.0381985 -0.509765 0.319413 0.772247 -1.94125 0.497561 1.14305 -1.2614 1.8849 
-1.59623 -0.231335 2.50838 0.708345 -0.43054 -0.0573559 -0.44527 0.339585 0.773448 -1.89779 0.504744 1.11229 -1.25127 1.8374 
-1.64333 -0.291989 2.50679 0.679952 -0.422307 -0.0684796 -0.380922 0.359757 0.77465 -1.85434 0.511928 1.08152 -1.24114 1.78989 
-1.68716 -0.350604 2.50265 0.647851 -0.414726 -0.0717093 -0.317481 0.37993 0.775851 -1.81088 0.519111 1.05075 -1.23101 1.74239 
-1.72656 -0.406868 2.49512 0.612482 -0.408012 -0.0674513 -0.25573 0.400102 0.777052 -1.76742 0.526294 1.01999 -1.22087 1.69488 
-1.7604 -0.460574 2.48337 0.574322 -0.402209 -0.0563107 -0.196417 0.420274 0.778254 -1.72397 0.533478 0.98922 -1.21074 1.64737 
-1.78764 -0.511559 2.46661 0.533873 -0.397236 -0.0390264 -0.140197 0.440447 0.779455 -1.68051 0.540661 0.958453 -1.20061 1.59987 
-1.80743 -0.55966 2.4441 0.491657 -0.39294 -0.0164148 -0.0875762 0.460619 0.780656 -1.63706 0.547844 0.927687 -1.19048 1.55236 
-1.81907 -0.604666 2.41514 0.448208 -0.38915 0.010676 -0.0388914 0.480791 0.781858 -1.5936 0.555027 0.89692 -1.18034 1.50485 
-1.82207 -0.646286 2.37913 0.404069 -0.385701 0.0414027 0.00568445 0.500964 0.783059 -1.55015 0.562211 0.866154 -1.17021 1.45735 
-1.81616 -0.684125 2.33557 0.359788 -0.382463 0.0749526 0.0461151 0.521136 0.78426 -1.50669 0.569394 0.835387 -1.16008 1.40984 
-1.80132 -0.717679 2.28414 0.315898 -0.379377 0.110563 0.0824869 0.541308 0.785462 -1.46324 0.576577 0.80462 -1.14995 1.36233 
-1.77777 -0.746339 2.22473 0.2729 -0.376516 0.147541 0.115018 0.561481 0.786663 -1.41978 0.58376 0.773854 -1.13981 1.31483 
-1.74602 -0.769394 2.15753 0.231223 -0.374151 0.185275 0.144069 0.581653 0.787864 -1.37633 0.590944 0.743088 -1.12968 1.26732 
-1.7069 -0.786052 2.08309 0.191185 -0.372761 0.223263 0.170115 0.601826 0.789066 -1.33287 0.598127 0.712321 -1.11955 1.21982 
-1.6616 -0.795489 2.00241 0.152938 -0.372933 0.261115 0.193635 0.621998 0.790267 -1.28942 0.60531 0.681554 -1.10942 1.17231 
-1.61166 -0.796952 1.91689 0.116409 -0.375151 0.298561 0.214964 0.64217 0.791468 -1.24596 0.612493 0.650788 -1.09928 1.1248 
-1.55895 -0.789909 1.82825 0.0812857 -0.379585 0.335425 0.234168 0.662343 0.79267 -1.20251 0.619677 0.620022 -1.08915 1.0773 
-1.50545 -0.774173 1.73828 0.0470345 -0.38598 0.371616 0.251057 0.682515 0.793871 -1.15905 0.62686 0.589255 -1.07902 1.02979 
-1.52395 -0.732667 1.6426 0.0492022 -0.338066 0.349725 0.21386 0.674768 0.768997 -1.15086 0.590499 0.534388 -0.994075 0.994025 
-1.54238 -0.691268 1.54716 0.0513577 -0.290279 0.327895 0.176759 0.667558 0.739761 -1.1382 0.55481 0.481609 -0.907703 0.954074 
-1.56077 -0.649971 1.45196 0.0535079 -0.242609 0.306118 0.13975 0.664053 0.711731 -1.11989 0.523641 0.435159 -0.822566 0.904752 
-1.57912 -0.608749 1.35693 0.0556542 -0.195026 0.284381 0.102808 0.660969 0.682346 -1.09757 0.492062 0.394152 -0.735624 0.849336 
-1.59745 -0.567582 1.26203 0.0577977 -0.147506 0.262674 0.0659158 0.658401 0.653375 -1.07142 0.459873 0.360072 -0.646994 0.787515 
-1.61577 -0.526444 1.16719 0.0599396 -0.10002 0.240981 0.0290494 0.656913 0.626904 -1.04162 0.427014 0.334209 -0.557086 0.719398 
-1.63408 -0.485306 1.07236 0.0620815 -0.0525341 0.219289 -0.0078169 0.663592 0.611938 -1.00736 0.397632 0.320795 -0.47112 0.642501 
-1.63011 -0.475913 1.07981 0.0679326 -0.0444355 0.198732 0.0257056 0.680837 0.507161 -1.02601 0.439724 0.257473 -0.44708 0.619454 
-1.62614 -0.46652 1.08726 0.0737837 -0.0363368 0.178175 0.0592282 0.698192 0.403498 -1.04989 0.472545 0.195091 -0.414567 0.59411 
-1.62221 -0.457201 1.09465 0.0795885 -0.0283022 0.157781 0.0924856 0.714916 0.30038 -1.07666 0.496039 0.138851 -0.374736 0.560642 
-1.61827 -0.447883 1.10204 0.0853934 -0.0202675 0.137387 0.125743 0.731957 0.199255 -1.10641 0.509775 0.0839598 -0.32689 0.525916 
-1.61437 -0.438655 1.10936 0.0911416 -0.0123113 0.117192 0.158676 0.748708 0.100852 -1.13694 0.514098 0.0362645 -0.272791 0.484747 
-1.61047 -0.429428 1.11669 0.0968898 -0.004355 0.0969968 0.191609 0.765259 0.00591261 -1.16832 0.508752 -0.00946622 -0.21233 0.443571 
-1.60662 -0.420308 1.12392 0.102571 0.00350815 0.0770379 0.224157 0.781045 -0.0839287 -1.19869 0.494635 -0.0470271 -0.147936 0.397373 
-1.60276 -0.411188 1.13116 0.108252 0.0113713 0.0570791 0.256705 0.795538 -0.168991 -1.228 0.471606 -0.0824192 -0.0796151 0.352221 
-1.59896 -0.402194 1.13829 0.113854 0.0191263 0.0373948 0.288805 0.810756 -0.242655 -1.25678 0.444725 -0.109595 -0.0160328 0.302605 
-1.59516 -0.3932 1.14543 0.119457 0.0268812 0.0177105 0.320905 0.823337 -0.31144 -1.28344 0.410594 -0.135243 0.0485572 0.254283 
-1.59142 -0.384345 1.15246 0.124973 0.0345161 -0.001669 0.352508 0.830945 -0.376662 -1.30546 0.36721 -0.154119 0.117512 0.204826 
-1.58767 -0.37549 1.15948 0.130489 0.0421511 -0.0210485 0.384111 0.834712 -0.437035 -1.32381 0.317443 -0.17172 0.186459 0.156884 
-1.57555 -0.378979 1.15425 0.129797 0.0448348 -0.0185489 0.385149 0.831226 -0.492268 -1.31528 0.316168 -0.175532 0.213217 0.154038 
-1.56343 -0.382469 1.14902 0.129104 0.0475185 -0.0160492 0.386188 0.827098 -0.545005 -1.30682 0.313781 -0.177845 0.241146 0.151636 
-1.55131 -0.385958 1.14379 0.128412 0.0502022 -0.0135496 0.387226 0.822312 -0.595162 -1.29838 0.310349 -0.178725 0.270063 0.14977 
-1.53919 -0.389447 1.13856 0.127719 0.0528859 -0.01105 0.388265 0.816848 -0.64268 -1.28991 0.305942 -0.178241 0.299793 0.148513 
-1.52707 -0.392936 1.13332 0.127027 0.0555695 -0.00855034 0.389303 0.810688 -0.687523 -1.28139 0.300634 -0.176462 0.330174 0.14792 
-1.51496 -0.396426 1.12809 0.126334 0.0582532 -0.00605071 0.390342 0.803814 -0.729676 -1.27277 0.2945 -0.173455 0.361053 0.148027 
-1.50284 -0.399915 1.12286 0.125642 0.0609369 -0.00355108 0.39138 0.796213 -0.769141 -1.26405 0.287617 -0.169288 0.39229 0.148855 
-1.49072 -0.403404 1.11763 0.124949 0.0636206 -0.00105145 0.392419 0.787875 -0.805936 -1.25518 0.28006 -0.164022 0.42376 0.150412 
-1.4786 -0.406893 1.1124 0.124257 0.0663043 0.00144819 0.393457 0.778801 -0.84009 -1.24618 0.271903 -0.157716 0.455347 0.152692 
-1.46648 -0.410383 1.10717 0.123564 0.068988 0.00394782 0.394495 0.768996 -0.871645 -1.23704 0.263218 -0.150427 0.486952 0.155686 
-1.45436 -0.413872 1.10194 0.122872 0.0716717 0.00644745 0.395534 0.758478 -0.900652 -1.22776 0.254074 -0.142209 0.518486 0.159373 
-1.44224 -0.417361 1.09671 0.122179 0.0743554 0.00894708 0.396572 0.747274 -0.927168 -1.21838 0.244536 -0.133116 0.549872 0.163733 
-1.43012 -0.420851 1.09148 0.121487 0.0770391 0.0114467 0.397611 0.735423 -0.951262 -1.20892 0.234668 -0.123202 0.581043 0.168744 
-1.418 -0.42434 1.08624 0.120794 0.0797228 0.0139463 0.398649 0.722973 -0.973004 -1.19943 0.224526 -0.112523 0.611945 0.174381 
-1.40588 -0.427829 1.08101 0.120102 0.0824064 0.016446 0.399688 0.709983 -0.992474 -1.18995 0.214163 -0.101138 0.64253 0.180625 
-1.39376 -0.431318 1.07578 0.119409 0.0850901 0.0189456 0.400726 0.696518 -1.00976 -1.18054 0.203631 -0.0891071 0.672759 0.187458 
-1.38164 -0.434808 1.07055 0.118717 0.0877738 0.0214452 0.401765 0.682652 -1.02495 -1.17125 0.192973 -0.0764961 0.702601 0.194863 
-1.36953 -0.438297 1.06532 0.118024 0.0904575 0.0239449 0.402803 0.668462 -1.03813 -1.16215 0.182233 -0.0633717 0.732031 0.202829 
-1.35741 -0.441786 1.06009 0.117332 0.0931412 0.0264445 0.403841 0.654028 -1.04941 -1.15328 0.17145 -0.0498035 0.761027 0.211347 
-1.34529 -0.445275 1.05486 0.116639 0.0958249 0.0289441 0.40488 0.63943 -1.0589 -1.14471 0.160659 -0.0358624 0.789575 0.220411 
-1.33317 -0.448765 1.04963 0.115947 0.0985086 0.0314438 0.405918 0.624746 -1.06668 -1.13648 0.149894 -0.0216201 0.817659 0.230017 
-1.32105 -0.452254 1.0444 0.115254 0.101192 0.0339434 0.406957 0.610051 -1.07288 -1.12863 0.139188 -0.00714791 0.845269 0.240163 
-1.30893 -0.455743 1.03916 0.114562 0.103876 0.036443 0.407995 0.595413 -1.07759 -1.12121 0.128571 0.00748267 0.872394 0.250851 
-1.29681 -0.459233 1.03393 0.113869 0.10656 0.0389427 0.409034 0.580896 -1.08093 -1.11422 0.11807 0.0222025 0.899028 0.262081 
-1.28469 -0.462722 1.0287 0.113177 0.109243 0.0414423 0.410072 0.566554 -1.08299 -1.10769 0.107714 0.0369429 0.925162 0.273856 
-1.27257 -0.466211 1.02347 0.112484 0.111927 0.0439419 0.411111 0.552434 -1.0839 -1.10161 0.0975295 0.051637 0.950787 0.286182 
-1.26045 -0.4697 1.01824 0.111792 0.114611 0.0464416 0.412149 0.538575 -1.08374 -1.096 0.0875413 0.0662203 0.975895 0.299064 
-1.24833 -0.47319 1.01301 0.1111 0.117294 0.0489412 0.413187 0.525007 -1.08264 -1.09081 0.0777742 0.0806304 1.00048 0.312509 
-1.23621 -0.476679 1.00778 0.110407 0.119978 0.0514408 0.414226 0.511754 -1.08068 -1.08605 0.068252 0.0948081 1.02452 0.326522 
-1.2241 -0.480168 1.00255 0.109715 0.122662 0.0539405 0.415264 0.498832 -1.07796 -1.08166 0.0589971 0.108698 1.04803 0.341109 
-1.21198 -0.483657 0.997316 0.109022 0.125345 0.0564401 0.416303 0.486252 -1.07459 -1.07762 0.0500308 0.12225 1.07097 0.356276 
-1.19986 -0.487147 0.992085 0.10833 0.128029 0.0589397 0.417341 0.474021 -1.07064 -1.07389 0.0413732 0.135418 1.09336 0.372026 
-1.18774 -0.490636 0.986853 0.107637 0.130713 0.0614394 0.41838 0.462143 -1.0662 -1.07043 0.0330424 0.148164 1.11516 0.388358 
-1.17562 -0.494125 0.981622 0.106945 0.133397 0.063939 0.419418 0.450622 -1.06135 -1.06721 0.0250551 0.160458 1.13638 0.40527 
-1.1635 -0.497615 0.976391 0.106252 0.13608 0.0664386 0.420457 0.439458 -1.05616 -1.06419 0.0174261 0.172276 1.157 0.422756 
-1.15138 -0.501104 0.97116 0.10556 0.138764 0.0689382 0.421495 0.428655 -1.05069 -1.06135 0.0101681 0.183603 1.17703 0.440807 
-1.13926 -0.504593 0.965929 0.104867 0.141448 0.0714379 0.422533 0.418216 -1.04499 -1.05867 0.00329201 0.194431 1.19644 0.459408 
-1.12714 -0.508082 0.960698 0.104175 0.144131 0.0739375 0.423572 0.408145 -1.03911 -1.05612 -0.00319305 0.20476 1.21524 0.478544 
-1.11502 -0.511572 0.955467 0.103482 0.146815 0.0764371 0.42461 0.398448 -1.03308 -1.05371 -0.00927991 0.214597 1.23342 0.498193 
-1.1029 -0.515061 0.950236 0.10279 0.149499 0.0789368 0.425649 0.389131 -1.02695 -1.05143 -0.0149631 0.223954 1.25099 0.518335 
-1.09078 -0.51855 0.945005 0.102097 0.152182 0.0814364 0.426687 0.380202 -1.02074 -1.04927 -0.0202386 0.232848 1.26795 0.538946 
-1.07867 -0.522039 0.939773 0.101405 0.154866 0.083936 0.427726 0.371668 -1.01447 -1.04726 -0.0251038 0.241299 1.28429 0.560001 
-1.06655 -0.525529 0.934542 0.100712 0.15755 0.0864357 0.428764 0.363536 -1.00815 -1.04539 -0.0295574 0.249331 1.30003 0.581474 
-1.05443 -0.529018 0.929311 0.10002 0.160233 0.0889353 0.429803 0.355814 -1.0018 -1.04369 -0.0335992 0.256966 1.31517 0.60334 
-1.04231 -0.532507 0.92408 0.0993274 0.162917 0.0914349 0.430841 0.348507 -0.995441 -1.04215 -0.0372297 0.26423 1.32972 0.625576 
-1.03019 -0.535997 0.918849 0.0986349 0.165601 0.0939346 0.431879 0.34162 -0.98907 -1.04079 -0.0404505 0.271147 1.34369 0.648159 
-1.01807 -0.539486 0.913618 0.0979424 0.168285 0.0964342 0.432918 0.335157 -0.982699 -1.03962 -0.0432638 0.27774 1.35709 0.671066 
-1.00595 -0.542975 0.908387 0.0972499 0.170968 0.0989338 0.433956 0.329118 -0.976336 -1.03866 -0.0456721 0.284031 1.36993 0.694277 
-0.993831 -0.546464 0.903156 0.0965574 0.173652 0.101433 0.434995 0.323505 -0.969986 -1.0379 -0.0476789 0.290041 1.38221 0.717776 
-0.981712 -0.549954 0.897925 0.095865 0.176336 0.103933 0.436033 0.318316 -0.963657 -1.03736 -0.0492879 0.295787 1.39396 0.741545 
-0.969593 -0.553443 0.892693 0.0951725 0.179019 0.106433 0.437072 0.313548 -0.957355 -1.03704 -0.0505032 0.301287 1.40517 0.76557 
-0.957473 -0.556932 0.887462 0.09448 0.181703 0.108932 0.43811 0.309195 -0.951085 -1.03693 -0.0513295 0.306555 1.41588 0.789838 
-0.945354 -0.560421 0.882231 0.0937875 0.184387 0.111432 0.439149 0.305253 -0.944854 -1.03705 -0.0517717 0.311605 1.42607 0.814339 
-0.933235 -0.563911 0.877 0.093095 0.18707 0.113932 0.440187 0.301714 -0.938667 -1.03738 -0.0518351 0.316449 1.43577 0.839063 
-0.921116 -0.5674 0.871769 0.0924025 0.189754 0.116431 0.441225 0.29857 -0.932531 -1.03792 -0.0515254 0.321097 1.44499 0.864001 
-0.908997 -0.570889 0.866538 0.0917101 0.192438 0.118931 0.442264 0.295813 -0.926449 -1.03868 -0.0508485 0.325559 1.45374 0.889147 
-0.896878 -0.574379 0.861307 0.0910176 0.195121 0.121431 0.443302 0.293434 -0.920429 -1.03963 -0.0498107 0.329843 1.46202 0.914493 
-0.884759 -0.577868 0.856076 0.0903251 0.197805 0.12393 0.444341 0.291423 -0.914473 -1.04079 -0.0484187 0.333958 1.46986 0.940035 
-0.872639 -0.581357 0.850845 0.0896326 0.200489 0.12643 0.445379 0.289771 -0.908587 -1.04213 -0.0466792 0.337911 1.47726 0.965768 
-0.86052 -0.584846 0.845613 0.0889401 0.203173 0.128929 0.446418 0.288467 -0.902775 -1.04367 -0.0445993 0.34171 1.48423 0.991686 
-0.848401 -0.588336 0.840382 0.0882477 0.205856 0.131429 0.447456 0.287502 -0.897038 -1.04538 -0.0421866 0.345361 1.49079 1.01779 
-0.836282 -0.591825 0.835151 0.0875552 0.20854 0.133929 0.448495 0.286866 -0.89138 -1.04727 -0.0394484 0.348871 1.49694 1.04407 
-0.824163 -0.595314 0.82992 0.0868627 0.211224 0.136428 0.449533 0.286549 -0.885803 -1.04932 -0.0363926 0.352246 1.5027 1.07052 
-0.812044 -0.598803 0.824689 0.0861702 0.213907 0.138928 0.450572 0.286542 -0.880309 -1.05153 -0.0330271 0.355494 1.50807 1.09715 
-0.799924 -0.602293 0.819458 0.0854777 0.216591 0.141428 0.45161 0.286836 -0.874897 -1.05391 -0.0293599 0.35862 1.51308 1.12394 
-0.787805 -0.605782 0.814227 0.0847853 0.219275 0.143927 0.452648 0.287423 -0.869568 -1.05643 -0.0253992 0.361632 1.51772 1.1509 
-0.775686 -0.609271 0.808996 0.0840928 0.221958 0.146427 0.453687 0.288293 -0.864322 -1.0591 -0.0211533 0.364537 1.52201 1.17803 
-0.763567 -0.612761 0.803765 0.0834003 0.224642 0.148926 0.454725 0.289439 -0.859157 -1.06192 -0.0166303 0.367341 1.52597 1.20531 
-0.751448 -0.61625 0.798533 0.0827078 0.227326 0.151426 0.455764 0.290852 -0.854072 -1.06488 -0.0118387 0.370051 1.52959 1.23274 
-0.739329 -0.619739 0.793302 0.0820153 0.230009 0.153926 0.456802 0.292526 -0.849064 -1.06798 -0.00678679 0.372674 1.5329 1.26033 
-0.727209 -0.623228 0.788071 0.0813229 0.232693 0.156425 0.457841 0.294452 -0.844131 -1.07122 -0.00148305 0.375218 1.5359 1.28807 
-0.71509 -0.626718 0.78284 0.0806304 0.235377 0.158925 0.458879 0.296626 -0.839271 -1.07459 0.00406485 0.377689 1.53861 1.31595 
-0.702971 -0.630207 0.777609 0.0799379 0.23806 0.161425 0.459918 0.299039 -0.834478 -1.07809 0.00984838 0.380095 1.54103 1.34397 
-0.690852 -0.633696 0.772378 0.0792454 0.240744 0.163924 0.460956 0.301686 -0.82975 -1.08173 0.0158594 0.382442 1.54317 1.37212 
-0.678733 -0.637185 0.767147 0.0785529 0.243428 0.166424 0.461994 0.30456 -0.825082 -1.0855 0.0220901 0.384738 1.54505 1.40041 
-0.666614 -0.640675 0.761916 0.0778605 0.246112 0.168924 0.463033 0.307657 -0.820469 -1.0894 0.0285324 0.386989 1.54668 1.42883 
-0.654494 -0.644164 0.756685 0.077168 0.248795 0.171423 0.464071 0.310969 -0.815907 -1.09343 0.0351788 0.389204 1.54806 1.45737 
-0.642375 -0.647653 0.751453 0.0764755 0.251479 0.173923 0.46511 0.314492 -0.81139 -1.09759 0.0420217 0.391388 1.5492 1.48602 
-0.630256 -0.651143 0.746222 0.075783 0.254163 0.176422 0.466148 0.318221 -0.806913 -1.10188 0.0490538 0.393548 1.55012 1.5148 
-0.618137 -0.654632 0.740991 0.0750905 0.256846 0.178922 0.467187 0.322151 -0.802471 -1.1063 0.0562679 0.395692 1.55083 1.54368 
-0.606018 -0.658121 0.73576 0.074398 0.25953 0.181422 0.468225 0.326277 -0.798057 -1.11085 0.063657 0.397825 1.55132 1.57267 
-0.593899 -0.66161 0.730529 0.0737056 0.262214 0.183921 0.469264 0.330593 -0.793666 -1.11553 0.0712143 0.399954 1.55162 1.60175 
-0.581779 -0.6651 0.725298 0.0730131 0.264897 0.186421 0.470302 0.335096 -0.789292 -1.12034 0.0789334 0.402085 1.55174 1.63093 
-0.56966 -0.668589 0.720067 0.0723206 0.267581 0.188921 0.47134 0.33978 -0.784929 -1.12528 0.086808 0.404224 1.55167 1.66021 
-0.557541 -0.672078 0.714836 0.0716281 0.270265 0.19142 0.472379 0.344641 -0.780571 -1.13034 0.094832 0.406376 1.55143 1.68956 
-0.545422 -0.675567 0.709605 0.0709356 0.272948 0.19392 0.473417 0.349675 -0.776213 -1.13554 0.103 0.408547 1.55103 1.719 
-0.533303 -0.679057 0.704374 0.0702432 0.275632 0.196419 0.474456 0.354875 -0.771848 -1.14086 0.111305 0.410743 1.55048 1.74851 
-0.521184 -0.682546 0.699142 0.0695507 0.278316 0.198919 0.475494 0.360239 -0.767472 -1.1463 0.119744 0.412966 1.54977 1.7781 
-0.509064 -0.686035 0.693911 0.0688582 0.281 0.201419 0.476533 0.365761 -0.763077 -1.15187 0.12831 0.415223 1.54893 1.80775 
-0.496945 -0.689525 0.68868 0.0681657 0.283683 0.203918 0.477571 0.371436 -0.75866 -1.15755 0.136999 0.417517 1.54796 1.83746 
-0.484826 -0.693014 0.683449 0.0674732 0.286367 0.206418 0.47861 0.377259 -0.754216 -1.16336 0.145806 0.419852 1.54686 1.86722 
-0.472707 -0.696503 0.678218 0.0667808 0.289051 0.208918 0.479648 0.383226 -0.749738 -1.16928 0.154728 0.422232 1.54564 1.89704 
-0.460588 -0.699992 0.672987 0.0660883 0.291734 0.211417 0.480686 0.389331 -0.745224 -1.17532 0.16376 0.424658 1.54431 1.92691 
-0.448469 -0.703482 0.667756 0.0653958 0.294418 0.213917 0.481725 0.39557 -0.740668 -1.18147 0.172898 0.427134 1.54288 1.95683 
-0.436349 -0.706971 0.662525 0.0647033 0.297102 0.216417 0.482763 0.401936 -0.736068 -1.18772 0.18214 0.429663 1.54134 1.98678 
-0.42423 -0.71046 0.657294 0.0640108 0.299785 0.218916 0.483802 0.408424 -0.73142 -1.19407 0.191481 0.432245 1.53971 2.01677 
-0.412111 -0.713949 0.652062 0.0633184 0.302469 0.221416 0.48484 0.415029 -0.72672 -1.20053 0.200919 0.434882 1.53799 2.0468 
-0.399992 -0.717439 0.646831 0.0626259 0.305153 0.223915 0.485879 0.421746 -0.721968 -1.20707 0.210451 0.437574 1.53618 2.07686 
-0.387873 -0.720928 0.6416 0.0619334 0.307836 0.226415 0.486917 0.428568 -0.71716 -1.21371 0.220075 0.440323 1.5343 2.10694 
-0.375754 -0.724417 0.636369 0.0612409 0.31052 0.228915 0.487956 0.43549 -0.712296 -1.22042 0.229789 0.443128 1.53233 2.13706 
-0.363634 -0.727907 0.631138 0.0605484 0.313204 0.231414 0.488994 0.442506 -0.707376 -1.22721 0.23959 0.445988 1.53029 2.1672 
-0.351515 -0.731396 0.625907 0.0598559 0.315887 0.233914 0.490032 0.44961 -0.702398 -1.23407 0.249478 0.448903 1.52818 2.19736 
-0.339396 -0.734885 0.620676 0.0591635 0.318571 0.236414 0.491071 0.456795 -0.697365 -1.241 0.259449 0.45187 1.52601 2.22755 
-0.327277 -0.738374 0.615445 0.058471 0.321255 0.238913 0.492109 0.464056 -0.692276 -1.24797 0.269504 0.454888 1.52376 2.25776 
-0.315158 -0.741864 0.610214 0.0577785 0.323939 0.241413 0.493148 0.471387 -0.687135 -1.255 0.27964 0.457954 1.52146 2.28799 
-0.303039 -0.745353 0.604982 0.057086 0.326622 0.243912 0.494186 0.478781 -0.681943 -1.26207 0.289858 0.461066 1.51909 2.31825 
-0.290919 -0.748842 0.599751 0.0563935 0.329306 0.246412 0.495225 0.486232 -0.676704 -1.26918 0.300156 0.464219 1.51666 2.34853 
-0.2788 -0.752331 0.59452 0.0557011 0.33199 0.248912 0.496263 0.493734 -0.671423 -1.27631 0.310534 0.467409 1.51416 2.37884 
-0.266681 -0.755821 0.589289 0.0550086 0.334673 0.251411 0.497302 0.501282 -0.666105 -1.28346 0.320991 0.470633 1.51161 2.40917 
-0.254562 -0.75931 0.584058 0.0543161 0.337357 0.253911 0.49834 0.508868 -0.660754 -1.29062 0.331527 0.473886 1.50899 2.43954 
-0.315079 -0.780638 0.65657 0.126158 0.300052 0.177364 0.485183 0.510738 -0.659269 -1.30585 0.32789 0.471245 1.50273 2.42379 
-0.37154 -0.795714 0.72247 0.190564 0.261032 0.106593 0.47703 0.512606 -0.657781 -1.32109 0.324248 0.468603 1.49647 2.40804 
-0.423216 -0.806362 0.780966 0.248814 0.220342 0.0411172 0.473544 0.514473 -0.656292 -1.33632 0.320605 0.465962 1.4902 2.39229 
-0.46977 -0.814158 0.831716 0.301894 0.178442 -0.0195268 0.474104 0.516341 -0.654804 -1.35155 0.316962 0.463321 1.48394 2.37654 
-0.511229 -0.820343 0.874841 0.350558 0.135946 -0.0758127 0.477956 0.518209 -0.653316 -1.36679 0.313319 0.460679 1.47768 2.36079 
-0.547882 -0.82582 0.910802 0.395376 0.0934289 -0.128209 0.484365 0.520077 -0.651828 -1.38202 0.309677 0.458038 1.47142 2.34503 
-0.580145 -0.831203 0.940241 0.436786 0.0513465 -0.177156 0.492693 0.521944 -0.650339 -1.39725 0.306034 0.455397 1.46515 2.32928 
-0.608484 -0.836886 0.963862 0.475131 0.0100326 -0.223049 0.502413 0.523812 -0.648851 -1.41249 0.302391 0.452755 1.45889 2.31353 
-0.633357 -0.8431 0.982364 0.510696 -0.0302736 -0.266233 0.513094 0.52568 -0.647363 -1.42772 0.298749 0.450114 1.45263 2.29778 
-0.655198 -0.849963 0.996409 0.543718 -0.0693997 -0.306999 0.524381 0.527548 -0.645875 -1.44295 0.295106 0.447473 1.44637 2.28203 
-0.674406 -0.857507 1.00661 0.574404 -0.107221 -0.345588 0.535965 0.529415 -0.644387 -1.45819 0.291463 0.444831 1.44011 2.26628 
-0.691351 -0.865703 1.01353 0.602936 -0.143647 -0.382191 0.547584 0.531283 -0.642898 -1.47342 0.28782 0.44219 1.43384 2.25053 
-0.706375 -0.874481 1.01768 0.629479 -0.178618 -0.416951 0.559008 0.533151 -0.64141 -1.48865 0.284178 0.439549 1.42758 2.23478 
-0.719798 -0.883745 1.01956 0.65418 -0.212101 -0.449975 0.570045 0.535019 -0.639922 -1.50389 0.280535 0.436907 1.42132 2.21903 
-0.73192 -0.893387 1.0196 0.677176 -0.244091 -0.481331 0.580543 0.536886 -0.638434 -1.51912 0.276892 0.434266 1.41506 2.20328 
-0.743021 -0.903297 1.0182 0.698591 -0.274607 -0.51106 0.590385 0.538754 -0.636945 -1.53435 0.27325 0.431625 1.40879 2.18752 
-0.753368 -0.913375 1.01576 0.718542 -0.303689 -0.539182 0.599498 0.540622 -0.635457 -1.54959 0.269607 0.428983 1.40253 2.17177 
-0.763204 -0.923537 1.0126 0.737138 -0.331394 -0.565701 0.607846 0.54249 -0.633969 -1.56482 0.265964 0.426342 1.39627 2.15602 
-0.772758 -0.933716 1.00905 0.754482 -0.357793 -0.590614 0.615428 0.544358 -0.632481 -1.58005 0.262321 0.423701 1.39001 2.14027 
-0.782238 -0.943869 1.00539 0.770671 -0.382963 -0.613916 0.622272 0.546225 -0.630993 -1.59529 0.258679 0.421059 1.38375 2.12452 
-0.79183 -0.953973 1.00187 0.785797 -0.406984 -0.635603 0.628433 0.548093 -0.629504 -1.61052 0.255036 0.418418 1.37748 2.10877 
-0.801704 -0.964023 0.998715 0.799948 -0.429938 -0.655677 0.633981 0.549961 -0.628016 -1.62575 0.251393 0.415777 1.37122 2.09302 
-0.81201 -0.97403 0.996131 0.813205 -0.451901 -0.674146 0.639002 0.551829 -0.626528 -1.64099 0.247751 0.413135 1.36496 2.07727 
-0.82288 -0.98402 0.994294 0.825646 -0.472947 -0.691025 0.64359 0.553696 -0.62504 -1.65622 0.244108 0.410494 1.3587 2.06152 
-0.834433 -0.994027 0.99336 0.837343 -0.493143 -0.706338 0.647845 0.555564 -0.623551 -1.67145 0.240465 0.407853 1.35243 2.04577 
-0.84677 -1.00409 0.993466 0.848362 -0.512554 -0.720117 0.651871 0.557432 -0.622063 -1.68669 0.236822 0.405211 1.34617 2.03001 
-0.859982 -1.01427 0.994732 0.858763 -0.531239 -0.732403 0.655778 0.5593 -0.620575 -1.70192 0.23318 0.40257 1.33991 2.01426 
-0.874147 -1.02461 0.997261 0.868603 -0.549256 -0.743245 0.659674 0.561167 -0.619087 -1.71715 0.229537 0.399929 1.33365 1.99851 
-0.889332 -1.03517 1.00114 0.877931 -0.566661 -0.752701 0.663677 0.563035 -0.617599 -1.73239 0.225894 0.397287 1.32739 1.98276 
-0.905595 -1.04602 1.00644 0.88679 -0.583511 -0.760839 0.667907 0.564903 -0.61611 -1.74762 0.222252 0.394646 1.32112 1.96701 
-0.922986 -1.05722 1.01323 0.895219 -0.599865 -0.767738 0.672492 0.566771 -0.614622 -1.76285 0.218609 0.392005 1.31486 1.95126 
-0.941545 -1.06886 1.02155 0.903249 -0.615785 -0.773485 0.677567 0.568638 -0.613134 -1.77809 0.214966 0.389363 1.3086 1.93551 
-0.961311 -1.08101 1.03143 0.910907 -0.631336 -0.778183 0.683277 0.570506 -0.611646 -1.79332 0.211323 0.386722 1.30234 1.91976 
-0.982315 -1.09378 1.04292 0.918213 -0.64659 -0.781944 0.689779 0.572374 -0.610157 -1.80855 0.207681 0.384081 1.29607 1.90401 
-1.00459 -1.10726 1.05602 0.925182 -0.661626 -0.7849 0.697236 0.574242 -0.608669 -1.82379 0.204038 0.381439 1.28981 1.88826 
-1.02818 -1.12156 1.07077 0.931822 -0.676524 -0.787188 0.705831 0.57611 -0.607181 -1.83902 0.200395 0.378798 1.28355 1.8725 
-1.05313 -1.13682 1.08719 0.938131 -0.691375 -0.788969 0.71575 0.577977 -0.605693 -1.85425 0.196753 0.376157 1.27729 1.85675 
-1.0795 -1.15316 1.1053 0.944101 -0.706274 -0.790419 0.727194 0.579845 -0.604205 -1.86949 0.19311 0.373515 1.27103 1.841 
-1.10739 -1.17075 1.12517 0.949715 -0.721321 -0.791735 0.740374 0.581713 -0.602716 -1.88472 0.189467 0.370874 1.26476 1.82525 
-1.1369 -1.18975 1.14686 0.954941 -0.736619 -0.793138 0.755516 0.583581 -0.601228 -1.89995 0.185824 0.368233 1.2585 1.8095 
-1.16822 -1.21037 1.17047 0.959738 -0.752272 -0.794884 0.772861 0.585448 -0.59974 -1.91519 0.182182 0.365591 1.25224 1.79375 
-1.20155 -1.23284 1.19614 0.964046 -0.768384 -0.79727 0.792674 0.587316 -0.598252 -1.93042 0.178539 0.36295 1.24598 1.778 
-1.23719 -1.25745 1.22408 0.967784 -0.78505 -0.800651 0.815242 0.589184 -0.596763 -1.94565 0.174896 0.360309 1.23971 1.76225 
-1.27561 -1.28456 1.25461 0.970837 -0.802347 -0.805446 0.840872 0.591052 -0.595275 -1.96089 0.171254 0.357667 1.23345 1.7465 
-1.31748 -1.31454 1.28826 0.973033 -0.820317 -0.812125 0.869861 0.592919 -0.593787 -1.97612 0.167611 0.355026 1.22719 1.73075 
-1.36375 -1.34806 1.32573 0.974145 -0.838986 -0.821402 0.902689 0.594787 -0.592299 -1.99135 0.163968 0.352385 1.22093 1.715 
-1.41242 -1.39119 1.36384 0.97456 -0.858771 -0.838074 0.94383 0.596655 -0.590811 -2.00659 0.160325 0.349743 1.21467 1.69924 
-1.425 -1.49472 1.35473 0.98235 -0.880631 -0.901281 1.02781 0.598523 -0.589322 -2.02182 0.156683 0.347102 1.2084 1.68349 
-0.912156 -1.67728 0.739472 1.08498 -0.958559 -1.04826 1.13972 0.60039 -0.587834 -2.03705 0.15304 0.344461 1.20214 1.66774 
-1.91428 -1.77563 1.7793 0.897505 -0.907108 -1.07037 1.24902 0.602258 -0.586346 -2.05229 0.149397 0.341819 1.19588 1.65199 
-1.90161 -1.63236 1.78137 0.910727 -0.945074 -0.963646 1.16968 0.604126 -0.584858 -2.06752 0.145755 0.339178 1.18962 1.63624 
-1.83919 -1.37938 1.75766 0.933929 -0.969498 -0.768361 1.01376 0.605994 -0.583369 -2.08275 0.142112 0.336537 1.18335 1.62049 
-1.82047 -1.14055 1.77756 0.946428 -0.951519 -0.577223 0.842175 0.607861 -0.581881 -2.09799 0.138469 0.333895 1.17709 1.60474 
-1.81536 -0.956622 1.80517 0.95457 -0.886407 -0.427603 0.667507 0.609729 -0.580393 -2.11322 0.134826 0.331254 1.17083 1.58899 
-1.82296 -0.840903 1.83513 0.959298 -0.804528 -0.330701 0.520317 0.611597 -0.578905 -2.12845 0.131184 0.328613 1.16457 1.57324 
-1.84342 -0.785498 1.86711 0.961645 -0.757816 -0.277148 0.444574 0.613465 -0.577417 -2.14369 0.127541 0.325971 1.15831 1.55749 
-1.87659 -0.775745 1.90254 0.96227 -0.782349 -0.254196 0.466925 0.615333 -0.575928 -2.15892 0.123898 0.32333 1.15204 1.54173 
-1.92188 -0.796533 1.9423 0.961311 -0.871796 -0.254042 0.571499 0.6172 -0.57444 -2.17415 0.120256 0.320689 1.14578 1.52598 
-1.97996 -0.838305 1.98696 0.958281 -0.995248 -0.275051 0.720689 0.619068 -0.572952 -2.18939 0.116613 0.318047 1.13952 1.51023 
-2.05637 -0.90094 2.03926 0.951643 -1.12345 -0.322151 0.883741 0.620936 -0.571464 -2.20462 0.11297 0.315406 1.13326 1.49448 
-2.16893 -0.995247 2.10946 0.937691 -1.2348 -0.409912 1.04314 0.622804 -0.569975 -2.21985 0.109327 0.312765 1.12699 1.47873 
-2.28396 -1.06229 2.18469 0.922607 -1.30426 -0.482899 1.14513 0.624671 -0.568487 -2.23509 0.105685 0.310123 1.12073 1.46298 
-2.00527 -0.611652 2.09038 0.962359 -0.581182 -0.0464356 0.209118 0.626539 -0.566999 -2.25032 0.102042 0.307482 1.11447 1.44723 
-2.10137 -0.714585 2.15198 0.962184 -1.29057 -0.13125 0.981085 0.628407 -0.565511 -2.26555 0.0983993 0.304841 1.10821 1.43148 
-1.93391 -0.390332 2.16497 1.00523 -1.69273 0.217794 1.25417 0.630275 -0.564023 -2.28079 0.0947566 0.302199 1.10195 1.41573 
-2.09095 -0.599535 2.20479 0.977879 -1.70819 -0.0126991 1.36221 0.632142 -0.562534 -2.29602 0.0911139 0.299558 1.09568 1.39998 
-2.17106 -0.664117 2.24591 0.965964 -1.78539 -0.0948925 1.47021 0.63401 -0.561046 -2.31125 0.0874712 0.296917 1.08942 1.38422 
-2.23221 -0.69547 2.28431 0.956525 -1.84421 -0.145404 1.54559 0.635878 -0.559558 -2.32649 0.0838285 0.294275 1.08316 1.36847 
-2.28575 -0.713847 2.32083 0.947686 -1.89346 -0.185105 1.60575 0.637746 -0.55807 -2.34172 0.0801857 0.291634 1.0769 1.35272 
-2.33409 -0.724412 2.35555 0.939056 -1.93657 -0.218916 1.6564 0.639613 -0.556581 -2.35695 0.076543 0.288993 1.07063 1.33697 
-2.37808 -0.729506 2.38848 0.930483 -1.9752 -0.24884 1.70028 0.641481 -0.555093 -2.37219 0.0729003 0.286351 1.06437 1.32122 
-2.4181 -0.730488 2.41963 0.921888 -2.01028 -0.275889 1.73892 0.643349 -0.553605 -2.38742 0.0692576 0.28371 1.05811 1.30547 
-2.42632 -0.687549 2.43841 0.909657 -1.99363 -0.278307 1.75125 0.64176 -0.556658 -2.42392 0.0519652 0.291338 1.05826 1.30251 
-2.43454 -0.644613 2.45719 0.897429 -1.97699 -0.280725 1.76358 0.63662 -0.561317 -2.45867 0.0336245 0.298937 1.05599 1.29951 
-2.44275 -0.601677 2.47596 0.8852 -1.96034 -0.283142 1.77591 0.628201 -0.567793 -2.4916 0.0145832 0.306536 1.05102 1.29649 
-2.39686 -0.54424 2.49442 0.886548 -1.96467 -0.228696 1.79135 0.636002 -0.561754 -2.5261 0.0156247 0.313447 1.04301 1.29602 
-2.35097 -0.486803 2.51288 0.887895 -1.96901 -0.17425 1.8068 0.635607 -0.561982 -2.55551 0.00652072 0.31963 1.03952 1.29432 
-2.30508 -0.429365 2.53135 0.889242 -1.97334 -0.119804 1.82224 0.627658 -0.568801 -2.57961 -0.0125213 0.325107 1.03996 1.29139 
-2.25919 -0.371928 2.54981 0.89059 -1.97767 -0.065358 1.83768 0.612739 -0.582291 -2.59801 -0.0412614 0.329852 1.04378 1.28729 
-2.26509 -0.373966 2.55118 0.882937 -1.98819 -0.0694637 1.85852 0.614349 -0.518695 -2.59927 0.0161617 0.324837 0.983278 1.30678 
-2.27099 -0.376004 2.55255 0.875283 -1.99871 -0.0735693 1.87935 0.612567 -0.45517 -2.59776 0.0717817 0.319682 0.923299 1.32804 
-2.27689 -0.378042 2.55392 0.86763 -2.00923 -0.0776749 1.90019 0.607465 -0.391632 -2.59399 0.125623 0.314636 0.863973 1.35102 
-2.28279 -0.38008 2.55529 0.859977 -2.01975 -0.0817806 1.92103 0.59908 -0.327996 -2.5884 0.17769 0.309907 0.80544 1.37573 

