-0.228674 -5.79388 0.376973 -12.1839 0.804729 7.27214 
-0.240343 -5.63157 0.364063 -11.1242 0.711756 6.65055 
-0.252012 -5.46926 0.351153 -10.0646 0.618782 6.02896 
-0.270807 -5.51396 0.351848 -9.87026 0.585581 5.92263 
-0.289602 -5.55866 0.352543 -9.67595 0.55238 5.81629 
-0.317012 -5.76873 0.363725 -10.0659 0.552533 6.06116 
-0.344422 -5.97879 0.374907 -10.4558 0.552685 6.30602 
-0.378375 -6.27933 0.39159 -11.1618 0.565832 6.74326 
-0.412329 -6.57987 0.408273 -11.8678 0.578978 7.1805 
-0.448849 -6.89456 0.425615 -12.6296 0.589852 7.65388 
-0.485369 -7.20925 0.442958 -13.3914 0.600726 8.12726 
-0.491694 -7.06275 0.252327 -13.2188 0.5876 7.78323 
-0.497645 -6.91754 0.066933 -13.0402 0.574507 7.44904 
-0.503225 -6.77363 -0.113223 -12.8558 0.561453 7.12455 
-0.509508 -6.64506 -0.288753 -12.7196 0.550767 6.83851 
-0.515473 -6.51759 -0.459793 -12.5782 0.540092 6.56018 
-0.522248 -6.40511 -0.627703 -12.4857 0.531729 6.31678 
-0.529915 -6.30731 -0.793605 -12.4428 0.525648 6.10598 
-0.537368 -6.21026 -0.956514 -12.3958 0.519539 5.89967 
-0.544609 -6.11395 -1.11643 -12.3447 0.513404 5.6978 
-0.552874 -6.03187 -1.27621 -12.3449 0.509522 5.52503 
-0.562242 -5.96375 -1.43697 -12.3974 0.507886 5.37951 
-0.571504 -5.89599 -1.59624 -12.4475 0.506219 5.23593 
-0.581976 -5.84183 -1.75799 -12.5519 0.506811 5.11742 
-0.593738 -5.80097 -1.92334 -12.7125 0.509685 5.02252 
-0.606871 -5.77314 -2.09341 -12.9313 0.514882 4.94995 
-0.620056 -5.74513 -2.26424 -13.1518 0.520109 4.87656 
-0.636141 -5.74263 -2.44676 -13.4943 0.530102 4.84563 
-0.620056 -5.74513 -2.26424 -13.1518 0.520109 4.87656 
-0.606871 -5.77314 -2.09341 -12.9313 0.514882 4.94995 
-0.593738 -5.80097 -1.92334 -12.7125 0.509685 5.02252 
-0.581976 -5.84183 -1.75799 -12.5519 0.506811 5.11742 
-0.571504 -5.89599 -1.59624 -12.4475 0.506219 5.23593 
-0.562242 -5.96375 -1.43697 -12.3974 0.507886 5.37951 
-0.552874 -6.03187 -1.27621 -12.3449 0.509522 5.52503 
-0.562242 -5.96375 -1.43697 -12.3974 0.507886 5.37951 
-0.571504 -5.89599 -1.59624 -12.4475 0.506219 5.23593 
-0.562242 -5.96375 -1.43697 -12.3974 0.507886 5.37951 
-0.552874 -6.03187 -1.27621 -12.3449 0.509522 5.52503 
-0.544609 -6.11395 -1.11643 -12.3447 0.513404 5.6978 
-0.537368 -6.21026 -0.956514 -12.3958 0.519539 5.89967 
-0.544609 -6.11395 -1.11643 -12.3447 0.513404 5.6978 
-0.552874 -6.03187 -1.27621 -12.3449 0.509522 5.52503 
-0.562242 -5.96375 -1.43697 -12.3974 0.507886 5.37951 
-0.552874 -6.03187 -1.27621 -12.3449 0.509522 5.52503 
-0.544609 -6.11395 -1.11643 -12.3447 0.513404 5.6978 
-0.537368 -6.21026 -0.956514 -12.3958 0.519539 5.89967 
-0.529915 -6.30731 -0.793605 -12.4428 0.525648 6.10598 
-0.522248 -6.40511 -0.627703 -12.4857 0.531729 6.31678 
-0.515473 -6.51759 -0.459793 -12.5782 0.540092 6.56018 
-0.509508 -6.64506 -0.288753 -12.7196 0.550767 6.83851 
-0.503225 -6.77363 -0.113223 -12.8558 0.561453 7.12455 
-0.497645 -6.91754 0.066933 -13.0402 0.574507 7.44904 
-0.491694 -7.06275 0.252327 -13.2188 0.5876 7.78323 
-0.497645 -6.91754 0.066933 -13.0402 0.574507 7.44904 
-0.503225 -6.77363 -0.113223 -12.8558 0.561453 7.12455 
-0.509508 -6.64506 -0.288753 -12.7196 0.550767 6.83851 
-0.515473 -6.51759 -0.459793 -12.5782 0.540092 6.56018 
-0.522248 -6.40511 -0.627703 -12.4857 0.531729 6.31678 
-0.529915 -6.30731 -0.793605 -12.4428 0.525648 6.10598 
-0.537368 -6.21026 -0.956514 -12.3958 0.519539 5.89967 
-0.544609 -6.11395 -1.11643 -12.3447 0.513404 5.6978 
-0.552874 -6.03187 -1.27621 -12.3449 0.509522 5.52503 
-0.562242 -5.96375 -1.43697 -12.3974 0.507886 5.37951 
-0.571504 -5.89599 -1.59624 -12.4475 0.506219 5.23593 
-0.562242 -5.96375 -1.43697 -12.3974 0.507886 5.37951 
-0.552874 -6.03187 -1.27621 -12.3449 0.509522 5.52503 
-0.544609 -6.11395 -1.11643 -12.3447 0.513404 5.6978 
-0.537368 -6.21026 -0.956514 -12.3958 0.519539 5.89967 
-0.529915 -6.30731 -0.793605 -12.4428 0.525648 6.10598 
-0.522248 -6.40511 -0.627703 -12.4857 0.531729 6.31678 
-0.515473 -6.51759 -0.459793 -12.5782 0.540092 6.56018 
-0.509508 -6.64506 -0.288753 -12.7196 0.550767 6.83851 
-0.503225 -6.77363 -0.113223 -12.8558 0.561453 7.12455 
-0.497645 -6.91754 0.066933 -13.0402 0.574507 7.44904 
-0.491694 -7.06275 0.252327 -13.2188 0.5876 7.78323 
-0.485369 -7.20925 0.442958 -13.3914 0.600726 8.12726 
-0.49351 -7.01703 0.621272 -13.0604 0.567975 7.71058 
-0.501312 -6.82738 0.795126 -12.7339 0.536286 7.30701 
-0.508775 -6.6403 0.964519 -12.4117 0.505643 6.91634 
-0.516982 -6.46934 1.13182 -12.1448 0.478032 6.56587 
-0.524907 -6.30053 1.29541 -11.881 0.451246 6.22555 
-0.532548 -6.13386 1.45528 -11.6203 0.425274 5.89525 
-0.541076 -5.98225 1.61493 -11.412 0.401839 5.59899 
-0.549377 -5.83234 1.77159 -11.2057 0.379022 5.31033 
-0.558678 -5.69665 1.92952 -11.0499 0.358388 5.05131 
-0.567809 -5.56224 2.08521 -10.8953 0.338198 4.79772 
-0.57677 -5.42911 2.23868 -10.7419 0.318448 4.54951 
-0.586872 -5.30911 2.39526 -10.6371 0.300474 4.32593 
-0.59686 -5.18998 2.55035 -10.533 0.282782 4.1058 
-0.608102 -5.08312 2.71005 -10.4765 0.266568 3.90662 
-0.619288 -4.97669 2.86901 -10.4201 0.25049 3.70911 
-0.63184 -4.88168 3.03405 -10.4108 0.23561 3.52914 
-0.644392 -4.78667 3.19909 -10.4015 0.220729 3.34917 
-0.656944 -4.69166 3.36414 -10.3922 0.205849 3.16919 
-0.672512 -4.61736 3.54508 -10.4766 0.192692 3.01621 
-0.688192 -4.5422 3.72751 -10.5613 0.179274 2.86009 
-0.703986 -4.46619 3.91142 -10.6463 0.165593 2.70082 
-0.721486 -4.39903 4.10589 -10.779 0.152318 2.54961 
-0.740776 -4.34008 4.31202 -10.9604 0.139256 2.40417 
-0.760293 -4.27942 4.52112 -11.143 0.125662 2.25242 
-0.781713 -4.22612 4.74338 -11.3758 0.112011 2.10329 
-0.803416 -4.17068 4.96936 -11.6108 0.097682 1.94614 
-0.827135 -4.12174 5.20997 -11.8977 0.0830118 1.78832 
-0.852956 -4.07866 5.46634 -12.2384 0.0677835 1.62733 
-0.880963 -4.04079 5.73958 -12.6349 0.0517708 1.46059 
-0.909423 -3.99951 6.01877 -13.0373 0.0345972 1.28024 
-1.00063 -3.74545 5.91154 -12.3636 0.0636447 1.17533 
-1.09015 -3.50533 5.81632 -11.7622 0.0908907 1.08002 
-1.17616 -3.27114 5.72106 -11.1806 0.116245 0.989105 
-1.26406 -3.05591 5.64986 -10.7097 0.140956 0.91023 
-1.34933 -2.84513 5.57863 -10.2519 0.164299 0.834418 
-1.43511 -2.64458 5.51943 -9.85023 0.187118 0.764954 
-1.52204 -2.45314 5.47226 -9.50061 0.209753 0.701008 
-1.60723 -2.26466 5.42506 -9.15875 0.231509 0.638955 
-1.69445 -2.08382 5.38991 -8.86419 0.25353 0.58137 
-1.78437 -1.90949 5.36681 -8.61373 0.27614 0.527524 
-1.87763 -1.74056 5.35576 -8.40451 0.299663 0.476719 
-1.97046 -1.57237 5.3447 -8.19692 0.322965 0.426356 
-2.06286 -1.40493 5.33364 -7.99095 0.346048 0.376432 
-2.16458 -1.24384 5.34671 -7.85737 0.372266 0.329918 
-2.26675 -1.08201 5.35979 -7.72234 0.39871 0.282972 
-2.36935 -0.919442 5.37287 -7.58585 0.425382 0.235593 
-2.47794 -0.757825 5.39803 -7.48133 0.454312 0.188622 
-2.59316 -0.59605 5.43528 -7.4069 0.485866 0.141408 
-2.7097 -0.43205 5.47255 -7.32846 0.518142 0.0928792 
-2.83375 -0.266408 5.52191 -7.27777 0.553566 0.043212 
-2.95956 -0.0977995 5.57129 -7.22188 0.589993 -0.00824511 
-3.08712 0.0737753 5.62069 -7.16069 0.627436 -0.0615158 
-3.22329 0.248846 5.68219 -7.12441 0.668749 -0.117121 
-3.36165 0.427625 5.74372 -7.0816 0.711393 -0.175063 
-3.22329 0.248846 5.68219 -7.12441 0.668749 -0.117121 
-3.08712 0.0737753 5.62069 -7.16069 0.627436 -0.0615158 
-2.95956 -0.0977995 5.57129 -7.22188 0.589993 -0.00824511 
-2.83375 -0.266408 5.52191 -7.27777 0.553566 0.043212 
-2.7097 -0.43205 5.47255 -7.32846 0.518142 0.0928792 
-2.59316 -0.59605 5.43528 -7.4069 0.485866 0.141408 
-2.47794 -0.757825 5.39803 -7.48133 0.454312 0.188622 
-2.36935 -0.919442 5.37287 -7.58585 0.425382 0.235593 
-2.26675 -1.08201 5.35979 -7.72234 0.39871 0.282972 
-2.16458 -1.24384 5.34671 -7.85737 0.372266 0.329918 
-2.06286 -1.40493 5.33364 -7.99095 0.346048 0.376432 
-1.97046 -1.57237 5.3447 -8.19692 0.322965 0.426356 
-1.87763 -1.74056 5.35576 -8.40451 0.299663 0.476719 
-1.78437 -1.90949 5.36681 -8.61373 0.27614 0.527524 
-1.69445 -2.08382 5.38991 -8.86419 0.25353 0.58137 
-1.60723 -2.26466 5.42506 -9.15875 0.231509 0.638955 
-1.52204 -2.45314 5.47226 -9.50061 0.209753 0.701008 
-1.43511 -2.64458 5.51943 -9.85023 0.187118 0.764954 
-1.34933 -2.84513 5.57863 -10.2519 0.164299 0.834418 
-1.26406 -3.05591 5.64986 -10.7097 0.140956 0.91023 
-1.17616 -3.27114 5.72106 -11.1806 0.116245 0.989105 
-1.09015 -3.50533 5.81632 -11.7622 0.0908907 1.08002 
-1.00063 -3.74545 5.91154 -12.3636 0.0636447 1.17533 
-0.909423 -3.99951 6.01877 -13.0373 0.0345972 1.28024 
-0.838534 -3.68071 5.98828 -12.8472 0.065026 1.26406 
-0.769102 -3.3685 5.95677 -12.655 0.0939555 1.24756 
-0.701127 -3.06286 5.92426 -12.4609 0.121414 1.23075 
-0.635942 -2.7696 5.9031 -12.3164 0.148048 1.21874 
-0.571971 -2.48183 5.8811 -12.1699 0.173493 1.20644 
-0.509214 -2.19954 5.85826 -12.0215 0.197768 1.19386 
-0.44864 -1.9269 5.8472 -11.9227 0.221849 1.18611 
-0.389037 -1.65863 5.83546 -11.8219 0.245014 1.17811 
-0.331132 -1.39782 5.83585 -11.7709 0.268453 1.175 
-0.273955 -1.1403 5.83573 -11.7182 0.291214 1.17167 
-0.217507 -0.886072 5.8351 -11.6639 0.313304 1.16812 
-0.162149 -0.636549 5.84702 -11.6598 0.33623 1.16958 
-0.107277 -0.38922 5.85859 -11.6545 0.35871 1.17087 
-0.0530096 -0.144408 5.88305 -11.7004 0.382465 1.17728 
0.00101509 0.0993079 5.90735 -11.7456 0.405995 1.1836 
0.0549206 0.342699 5.94486 -11.8433 0.431243 1.19521 
0.108826 0.58609 5.98237 -11.9409 0.45649 1.20681 
0.162732 0.829482 6.01988 -12.0386 0.481738 1.21842 
0.217613 1.07771 6.08468 -12.2458 0.511563 1.24113 
0.27298 1.32812 6.14982 -12.4554 0.541866 1.2641 
0.328833 1.58073 6.21529 -12.6671 0.57265 1.28733 
0.386023 1.8396 6.295 -12.9383 0.606592 1.31664 
0.444916 2.10636 6.38919 -13.2713 0.644099 1.35228 
0.504779 2.3775 6.48407 -13.6099 0.682642 1.38857 
0.566831 2.65874 6.59376 -14.0143 0.725342 1.43164 
0.630096 2.94546 6.7043 -14.4266 0.769402 1.47559 
0.696035 3.24446 6.83001 -14.9092 0.818269 1.52681 
0.765011 3.55739 6.97113 -15.466 0.872464 1.58575 
0.837389 3.8859 7.12792 -16.1015 0.932545 1.65285 
0.911709 4.22317 7.28607 -16.7532 0.995137 1.72176 
0.918602 4.10701 6.96064 -16.1562 1.02469 1.81748 
0.924937 3.99246 6.64155 -15.5732 1.05141 1.90579 
0.932657 3.88763 6.34202 -15.0667 1.07985 1.99515 
0.939898 3.78419 6.04793 -14.5712 1.10592 2.07833 
0.948683 3.69001 5.77159 -14.1467 1.1345 2.16467 
0.95707 3.59698 5.49977 -13.7305 1.16113 2.24596 
0.96716 3.51275 5.24389 -13.3806 1.19101 2.33243 
0.976932 3.42944 4.99164 -13.0366 1.21935 2.41489 
0.988567 3.35447 4.7535 -12.7549 1.25167 2.50446 
0.999962 3.28019 4.51808 -12.4773 1.28282 2.59105 
1.01338 3.21377 4.29497 -12.2583 1.3187 2.68665 
1.02664 3.14782 4.07367 -12.0417 1.35378 2.78024 
1.04208 3.08927 3.86286 -11.8809 1.39434 2.88478 
1.05744 3.03096 3.65296 -11.7212 1.43449 2.9883 
1.07272 2.97288 3.44397 -11.5625 1.47424 3.09081 
1.09039 2.92162 3.2432 -11.4566 1.52045 3.20676 
1.07272 2.97288 3.44397 -11.5625 1.47424 3.09081 
1.05744 3.03096 3.65296 -11.7212 1.43449 2.9883 
1.07272 2.97288 3.44397 -11.5625 1.47424 3.09081 
1.09039 2.92162 3.2432 -11.4566 1.52045 3.20676 
1.11055 2.87684 3.0493 -11.402 1.57373 3.33772 
1.1308 2.83183 2.8545 -11.3466 1.62745 3.46977 
1.15112 2.78659 2.65879 -11.2903 1.68161 3.60291 
1.17414 2.74725 2.46768 -11.2834 1.74398 3.75388 
1.19733 2.70745 2.27476 -11.2751 1.80726 3.90711 
1.22337 2.67309 2.08462 -11.3152 1.87975 4.08062 
1.24966 2.63803 1.89177 -11.3533 1.95368 4.2577 
1.27618 2.60227 1.6962 -11.3895 2.02908 4.43839 
1.30576 2.57138 1.50115 -11.4732 2.11507 4.64274 
1.33566 2.53956 1.30248 -11.5546 2.20312 4.85215 
1.36878 2.51214 1.10252 -11.6831 2.303 5.08824 
1.4023 2.48356 0.89802 -11.8092 2.40562 5.33104 
1.43622 2.45382 0.688993 -11.9327 2.51101 5.58065 
1.47355 2.42791 0.47641 -12.1031 2.62998 5.86116 
1.51137 2.4006 0.258388 -12.2708 2.75251 6.15035 
1.54966 2.37191 0.0349282 -12.4358 2.87864 6.44837 
1.49144 2.37763 -0.050901 -12.112 2.55124 6.10469 
1.4343 2.38194 -0.133957 -11.79 2.24054 5.77327 
1.38115 2.38984 -0.214691 -11.5182 1.95435 5.47685 
1.32895 2.39649 -0.292997 -11.2474 1.68202 5.19045 
1.38115 2.38984 -0.214691 -11.5182 1.95435 5.47685 
1.4343 2.38194 -0.133957 -11.79 2.24054 5.77327 
1.49144 2.37763 -0.050901 -12.112 2.55124 6.10469 
1.54966 2.37191 0.0349282 -12.4358 2.87864 6.44837 
1.60191 2.26673 0.0540855 -11.8669 2.9613 6.2129 
1.65205 2.1636 0.0726849 -11.3154 3.03592 5.98313 
1.7001 2.06251 0.0907264 -10.7812 3.10269 5.75899 
1.74975 1.96763 0.108439 -10.3074 3.17521 5.56391 
1.79759 1.87449 0.125674 -9.84736 3.24116 5.37324 
1.84764 1.78698 0.142739 -9.44168 3.31502 5.20947 
1.90033 1.70465 0.159755 -9.08633 3.39828 5.07117 
1.95183 1.62349 0.176452 -8.73909 3.47716 4.93534 
2.00212 1.54349 0.19283 -8.39987 3.55172 4.80195 
2.05582 1.46795 0.209358 -8.10482 3.63828 4.69196 
2.11336 1.39642 0.226154 -7.85066 3.73835 4.6043 
2.17031 1.32547 0.242792 -7.60009 3.8362 4.51764 
2.2317 1.25796 0.259858 -7.38647 3.94968 4.45212 
2.29799 1.19343 0.277472 -7.20712 4.08046 4.40696 
2.36963 1.13146 0.295753 -7.05961 4.23032 4.38157 
2.44157 1.0692 0.314114 -6.91054 4.38141 4.35581 
2.52511 1.01117 0.33405 -6.82081 4.57457 4.36869 
2.60955 0.952267 0.354225 -6.72678 4.77174 4.38072 
2.70084 0.894456 0.375465 -6.65768 4.99493 4.41131 
2.79943 0.837302 0.397892 -6.61172 5.24659 4.46032 
2.90576 0.780366 0.421624 -6.5872 5.52939 4.52772 
3.0203 0.72321 0.44678 -6.5825 5.84626 4.61357 
3.14348 0.665397 0.473481 -6.59601 6.20035 4.71803 
3.28246 0.607728 0.502872 -6.65329 6.62212 4.86117 
3.42444 0.547141 0.53306 -6.69812 7.06253 5.00383 
3.33044 0.347276 0.584853 -6.39604 7.04649 4.89919 
3.24442 0.153185 0.636271 -6.12827 7.05199 4.81432 
3.15951 -0.036228 0.686246 -5.86792 7.05096 4.72926 
3.0822 -0.221428 0.736326 -5.63857 7.07324 4.6636 
3.00583 -0.402729 0.785203 -5.415 7.09002 4.59761 
2.93038 -0.580131 0.832879 -5.19714 7.10141 4.53133 
2.86207 -0.75527 0.88126 -5.00656 7.13839 4.48416 
2.79451 -0.92729 0.92868 -4.82027 7.17096 4.43662 
2.7337 -1.09861 0.977286 -4.65865 7.23093 4.40806 
2.67345 -1.26758 1.02517 -4.50005 7.28747 4.37911 
2.61958 -1.43741 1.07472 -4.36379 7.37337 4.36918 
2.56609 -1.60568 1.12379 -4.22943 7.45689 4.35891 
2.51297 -1.7724 1.17238 -4.09694 7.53805 4.3483 
2.46576 -1.94191 1.22324 -3.98421 7.65122 4.35692 
2.41874 -2.11065 1.27386 -3.87236 7.76313 4.36534 
2.37727 -2.28375 1.32723 -3.7784 7.9094 4.39331 
2.33579 -2.45685 1.38059 -3.68444 8.05567 4.42128 
2.29431 -2.62995 1.43396 -3.59048 8.20194 4.44926 
2.25284 -2.80305 1.48733 -3.49652 8.34821 4.47723 
2.21634 -2.98286 1.54417 -3.4179 8.53278 4.52552 
2.18454 -3.17053 1.60483 -3.35346 8.75791 4.59464 
2.14758 -3.35229 1.66227 -3.27282 8.94605 4.6437 
2.11513 -3.54269 1.72378 -3.20559 9.17635 4.71399 
2.0823 -3.73466 1.78577 -3.13677 9.40969 4.78498 
2.05362 -3.93683 1.85231 -3.07988 9.68861 4.87808 
2.01996 -4.13231 1.91538 -3.00747 9.92894 4.95069 
1.99457 -4.3482 1.98756 -2.95905 10.2612 5.06789 
1.9642 -4.5574 2.05626 -2.89508 10.5549 5.16462 
1.93742 -4.77914 2.13024 -2.84081 10.9002 5.28512 
1.90584 -4.99341 2.20051 -2.77162 11.205 5.38458 
1.8816 -5.23199 2.28108 -2.72278 11.6123 5.53166 
1.85257 -5.46309 2.35794 -2.65892 11.9792 5.65771 
1.82656 -5.70909 2.4408 -2.60249 12.4046 5.80957 
1.79962 -5.95898 2.52486 -2.54199 12.8398 5.96404 
1.77174 -6.21277 2.61012 -2.47734 13.285 6.12115 
1.74293 -6.47045 2.69658 -2.40849 13.7402 6.28091 
1.74658 -6.37253 2.54231 -2.17864 13.1574 6.01516 
1.74943 -6.27481 2.39135 -1.95892 12.5913 5.75701 
1.75514 -6.1902 2.24838 -1.75645 12.0921 5.52937 
1.76388 -6.11864 2.11269 -1.56884 11.6551 5.33019 
1.76829 -6.03437 1.97516 -1.38205 11.1808 5.11392 
1.77583 -5.96313 1.84444 -1.20845 10.7659 4.92475 
1.7867 -5.90488 1.71982 -1.0459 10.4063 4.76089 
1.79711 -5.84674 1.59709 -0.888442 10.0543 4.6005 
1.81106 -5.80153 1.47952 -0.739267 9.75295 4.46323 
1.82466 -5.75641 1.36336 -0.593801 9.45694 4.3284 
1.84204 -5.72416 1.25142 -0.45403 9.20728 4.21477 
1.8592 -5.69197 1.14042 -0.31668 8.96095 4.10265 
1.87612 -5.65983 1.03037 -0.181734 8.71793 3.99204 
1.90138 -5.65322 0.92543 -0.0496211 8.5551 3.91814 
1.9223 -5.63389 0.818643 0.0821204 8.3545 3.82694 
1.94751 -5.6273 0.713941 0.213639 8.1924 3.75337 
1.97717 -5.63339 0.610615 0.346717 8.0666 3.69643 
2.01145 -5.65213 0.507954 0.483153 7.97513 3.65523 
2.04596 -5.6708 0.404348 0.622 7.88103 3.61285 
2.08069 -5.68942 0.299797 0.763273 7.78429 3.56927 
2.12034 -5.7206 0.19473 0.911007 7.71893 3.54009 
2.16506 -5.76431 0.0884387 1.06713 7.68334 3.52459 
2.21024 -5.8079 -0.0197435 1.22831 7.64289 3.50689 
2.26072 -5.86396 -0.130096 1.40063 7.6302 3.50196 
2.31178 -5.91986 -0.242811 1.57952 7.61158 3.49435 
2.37333 -6.00073 -0.359394 1.77994 7.65078 3.51334 
2.43066 -6.06885 -0.478298 1.98189 7.65056 3.51427 
2.49883 -6.16183 -0.602486 2.21017 7.70562 3.54066 
2.56791 -6.25458 -0.730457 2.45017 7.75175 3.56302 
2.48121 -6.10669 -0.761977 2.61593 7.69983 3.35587 
2.39587 -5.96057 -0.792519 2.77157 7.64373 3.15564 
2.31188 -5.81622 -0.822082 2.91729 7.58355 2.96223 
2.23394 -5.68556 -0.852453 3.06613 7.55105 2.7872 
2.15713 -5.55637 -0.882009 3.20687 7.515 2.61756 
2.08145 -5.42866 -0.91075 3.33967 7.4755 2.45323 
2.01124 -5.3139 -0.940707 3.47966 7.46483 2.30408 
1.94194 -5.20032 -0.970011 3.61336 7.45123 2.15898 
1.87767 -5.0991 -1.00086 3.75733 7.46748 2.02677 
1.81407 -4.99876 -1.03122 3.89659 7.4814 1.89747 
1.75115 -4.89931 -1.06108 4.0312 7.49301 1.77106 
1.69268 -4.81149 -1.0929 4.17985 7.53594 1.65489 
1.63467 -4.72425 -1.12439 4.32537 7.57723 1.54057 
1.58067 -4.64805 -1.15816 4.48794 7.65122 1.43455 
1.52689 -4.57214 -1.19177 4.64891 7.72432 1.32943 
1.47333 -4.49653 -1.22521 4.8083 7.79653 1.22522 
1.42322 -4.43122 -1.26134 4.98861 7.9035 1.12698 
1.3762 -4.37576 -1.30039 5.19228 8.04667 1.0334 
1.32896 -4.32 -1.33961 5.39764 8.19089 0.938937 
1.28149 -4.26395 -1.37899 5.60468 8.33616 0.843593 
1.23656 -4.21702 -1.42171 5.83946 8.52048 0.750712 
1.19118 -4.1695 -1.46476 6.07777 8.7071 0.656067 
1.14787 -4.13051 -1.51146 6.34761 8.93543 0.562125 
1.10389 -4.09064 -1.55866 6.62301 9.16751 0.465511 
1.06153 -4.0587 -1.60985 6.93413 9.44438 0.367796 
1.01827 -4.02558 -1.66168 7.25305 9.72669 0.266453 
0.97619 -3.99981 -1.71784 7.6123 10.0573 0.162123 
0.932976 -3.97257 -1.7748 7.9819 10.3954 0.0531354 
0.890486 -3.95208 -1.83641 8.39694 10.7858 -0.0608391 
0.846638 -3.92983 -1.899 8.82519 11.1859 -0.180599 
0.803061 -3.91375 -1.96656 9.30455 11.6429 -0.307499 
0.757901 -3.8956 -2.03526 9.80034 12.1121 -0.441432 
0.762286 -3.84156 -1.79232 9.36336 11.7104 -0.626103 
0.766672 -3.78752 -1.54937 8.92639 11.3086 -0.810774 
0.772444 -3.74472 -1.32384 8.56826 10.9896 -0.977336 
0.778216 -3.70193 -1.0983 8.21014 10.6707 -1.1439 
0.783961 -3.66263 -0.884801 7.88817 10.3839 -1.29371 
0.789707 -3.62333 -0.671298 7.56619 10.0972 -1.44353 
0.797317 -3.59552 -0.469117 7.30831 9.88356 -1.58715 
0.804926 -3.5677 -0.266937 7.05042 9.6699 -1.73078 
0.814707 -3.55152 -0.0721658 6.849 9.52468 -1.87496 
0.824488 -3.53534 0.122605 6.64758 9.37946 -2.01914 
0.83771 -3.53495 0.314451 6.51063 9.32031 -2.17567 
0.850932 -3.53456 0.506297 6.37369 9.26116 -2.3322 
0.868005 -3.55016 0.700434 6.29455 9.28602 -2.50988 
0.885077 -3.56576 0.894571 6.21541 9.31087 -2.68756 
0.906409 -3.59756 1.09621 6.18899 9.41993 -2.89578 
0.927742 -3.62936 1.29786 6.16257 9.52899 -3.10399 
0.954808 -3.68162 1.5141 6.19858 9.74628 -3.36094 
0.981874 -3.73387 1.73034 6.23458 9.96357 -3.61789 
1.01629 -3.81091 1.97002 6.34351 10.3179 -3.94745 
1.0507 -3.88794 2.20969 6.45243 10.6722 -4.277 
1.09193 -3.98597 2.47788 6.61923 11.153 -4.69029 
1.13317 -4.08401 2.74606 6.78602 11.6337 -5.10359 
