0 9 1
1 9 1
1 9 1
1 9 1
1 9 1
0 9 1
0 9 3
1 9 3
1 9 3
1 9 3
0 9 3
0 9 3
0 9 3
1 9 3
1 9 3
1 9 3
1 9 3
1 9 3
1 9 3
1 9 3
1 3 3
1 3 3
1 3 3
1 3 3
1 3 3
1 3 3
1 3 3
1 1 3
1 1 3
0 1 3
0 1 3
0 1 3
0 1 3
0 1 3
0 1 3
0 1 3
0 1 3
0 1 3
0 1 3
0 1 3
0 1 3
0 1 1
0 1 1
0 1 1
0 1 1
0 1 1
0 1 1
0 1 1
0 1 1
1 1 1
1 1 1
0 1 1
1 1 1
1 1 1
1 1 1
1 1 1
1 1 1
0 1 1
1 1 1
0 1 1
0 1 1
0 1 1
0 1 1
0 1 1
0 1 1
0 1 1
0 1 1
0 1 1
0 1 1
0 1 1
0 1 1
0 1 1
0 1 1
0 1 1
0 1 1
0 1 1
0 1 1
0 1 1
0 1 1
0 1 1
0 1 1
0 1 1
0 1 1
0 1 1
0 1 1
0 1 1
0 1 1
0 1 1
0 1 1
0 1 1
0 1 1
0 1 1
0 1 1
0 1 1
0 1 1
0 1 1
0 1 1
0 1 1
0 1 1
0 1 1
0 1 1
0 1 1
0 1 1
0 1 1
0 1 1
0 1 1
0 1 1
0 1 1
0 1 1
0 1 1
0 1 1
0 1 1
0 1 1
0 1 1
0 1 1
0 1 1
0 1 1
0 1 1
0 1 1
0 1 1
0 1 1
0 1 1
0 1 1
0 1 1
0 1 1
0 1 1
0 1 1
0 1 1
0 1 1
0 1 1
0 1 1
0 1 1
0 1 1
0 1 1
0 1 1
0 1 1
0 1 1
0 1 1
0 1 1
0 1 1
0 1 1
0 1 1
0 1 1
0 1 1
1 1 1
1 1 1
1 1 1
1 1 1
1 1 1
1 1 1
1 1 1
1 1 1
0 1 1
1 1 1
1 1 1
1 1 1
0 1 1
0 1 1
0 1 1
0 1 1
0 1 1
0 1 1
0 1 1
0 1 1
0 1 1
1 1 1
1 1 1
1 1 1
1 1 1
0 1 1
0 1 1
0 1 1
1 1 1
1 1 1
0 1 1
0 1 1
0 1 1
0 1 1
0 1 1
0 1 1
0 1 1
0 1 1
0 1 1
0 1 1
1 1 1
1 1 1
1 1 1
1 1 1
1 1 1
1 1 1
1 1 1
0 1 1
1 1 1
1 1 1
1 1 1
0 1 1
1 1 1
1 1 1
1 3 1
1 3 1
1 3 1
1 3 1
1 3 1
0 3 1
1 3 1
1 3 1
1 3 1
1 3 1
1 3 1
1 3 1
1 3 1
1 3 1
0 3 1
0 3 1
1 3 1
1 3 1
1 3 1
1 3 1
1 3 1
1 3 1
1 3 1
1 3 1
1 3 1
1 3 1
1 3 1
1 3 1
0 3 1
1 3 1
1 3 1
0 3 1
0 3 1
0 3 1
1 3 1
1 3 1
0 3 1
0 3 1
0 3 1
0 3 1
0 3 1
0 3 1
0 3 1
1 3 1
0 3 1
1 3 1
1 3 1
1 3 1
1 3 1
1 3 1
1 3 1
1 3 1
1 3 1
1 3 1
1 3 1
1 3 1
1 3 1
1 3 1
1 3 1
1 3 1
1 3 1
1 3 1
0 3 1
0 3 1
1 3 1
1 3 1
1 3 1
1 3 1
1 3 1
1 3 1
1 3 1
1 3 1
1 3 1
0 3 1
0 3 1
0 3 1
0 3 1
0 3 1
0 3 1
0 3 1
0 3 1
0 3 1
0 3 1
0 3 1
1 3 1
0 3 1
0 3 1
0 3 1
0 3 1
0 3 1
0 3 1
0 3 1
0 3 1
0 3 1
0 3 1
0 3 1
0 3 1
0 3 1
0 3 1
0 3 1
1 3 1
0 3 1
0 3 1
0 3 1
1 3 1
0 3 1
0 3 1
0 3 1
0 3 1
0 3 1
0 3 1
0 3 1
0 3 1
0 3 1
0 3 1
0 3 1
1 3 1
1 3 1
1 3 1
1 3 1
0 3 1
0 3 1
0 3 1
0 3 1
0 3 1
0 3 1
0 3 1
1 3 1
1 3 1
1 3 1
1 3 1
1 3 1
1 3 1
1 3 1
1 3 1
1 3 1
0 3 1
0 3 1
0 3 1
0 3 1
0 3 1
0 3 1
0 3 1
1 3 1
1 3 1
1 3 1
1 3 1
0 3 1
0 3 1
0 3 1
0 3 1
0 3 1
1 3 1
1 3 1
1 3 1
1 3 1
0 3 1
0 3 1
0 3 1
0 3 1
0 3 1
0 3 1
0 3 1
0 3 1
0 3 1
0 3 1
1 3 1
1 3 1
1 3 1
1 3 1
0 3 1
0 3 1
0 3 1
0 3 1
0 3 1
0 3 1
0 3 1
0 3 1
0 3 1
0 3 1
0 3 1
0 3 1
0 3 1
0 3 1
0 3 1
0 3 1
1 3 1
0 3 1
0 3 1
0 3 1
0 3 1
1 3 1
1 3 1
1 3 1
1 3 1
1 3 1
1 3 1
1 3 1
0 3 1
0 3 1
0 3 1
0 3 1
0 3 1
0 3 1
0 3 1
0 3 1
0 3 1
0 3 1
0 3 1
0 3 1
0 3 1
0 3 1
0 3 1
0 3 1
0 3 1
0 3 1
0 3 1
1 3 1
1 3 1
1 3 1
1 3 1
1 3 1
1 3 1
1 3 1
1 3 1
1 3 1
1 3 1
1 3 1
1 3 1
1 3 1
1 3 1
1 3 1
1 3 1
1 3 1
0 3 1
0 3 1
0 3 1
0 3 1
0 3 1
0 3 1
0 3 1
0 3 1
0 3 1
1 3 1
1 3 1
1 3 1
1 3 1
0 3 1
0 3 1
0 3 1
0 3 1
0 3 1
0 3 1
1 3 1
1 3 1
1 3 1
0 0 1
0 0 1
0 0 1
0 0 1
0 0 1
0 0 1
0 0 1
0 0 1
0 0 1
0 0 7
0 0 7
0 0 7
