0 -4 0 -5 0 3 
0.113813 -3.72774 -0.0284137 -4.79099 -0.00683304 2.70805 
0.223917 -3.47 -0.0559014 -4.6065 -0.0132244 2.44157 
0.330313 -3.21879 -0.0824633 -4.4265 -0.0191849 2.18829 
0.434854 -2.98684 -0.108562 -4.28743 -0.0249377 1.96463 
0.536613 -2.75979 -0.133967 -4.15119 -0.0303797 1.75025 
0.636982 -2.54318 -0.159024 -4.03536 -0.0356725 1.55175 
0.736655 -2.33579 -0.183908 -3.93899 -0.0408941 1.36666 
0.834474 -2.13167 -0.208328 -3.84416 -0.0459162 1.18735 
0.932525 -1.93515 -0.232807 -3.76769 -0.0509693 1.01831 
1.0315 -1.74499 -0.257517 -3.70889 -0.0561269 0.857315 
1.1321 -1.55997 -0.282632 -3.66719 -0.0614624 0.702249 
1.23224 -1.37577 -0.307631 -3.62575 -0.0667482 0.548553 
1.33493 -1.19509 -0.333267 -3.60082 -0.0723106 0.398017 
1.44086 -1.01669 -0.359713 -3.59204 -0.0782249 0.2486 
1.54725 -0.83748 -0.386275 -3.58308 -0.0841904 0.0978222 
1.65782 -0.658927 -0.413879 -3.58997 -0.0906121 -0.0545635 
1.77326 -0.479808 -0.442697 -3.61259 -0.097572 -0.21063 
1.89008 -0.298243 -0.471863 -3.63484 -0.104694 -0.370856 
2.01271 -0.11448 -0.502476 -3.67278 -0.11247 -0.537636 
2.14182 0.0727022 -0.534709 -3.72647 -0.120994 -0.713191 
2.27325 0.263963 -0.567521 -3.77985 -0.129809 -0.896 
2.407 0.459303 -0.600911 -3.83292 -0.138918 -1.08618 
2.54839 0.660103 -0.636211 -3.90195 -0.148948 -1.28923 
2.69813 0.867586 -0.673595 -3.98719 -0.16001 -1.5077 
2.85112 1.08078 -0.711788 -4.07235 -0.171523 -1.73722 
3.01338 1.30229 -0.752296 -4.1741 -0.184232 -1.98594 
2.85112 1.08078 -0.711788 -4.07235 -0.171523 -1.73722 
2.69813 0.867586 -0.673595 -3.98719 -0.16001 -1.5077 
2.54839 0.660103 -0.636211 -3.90195 -0.148948 -1.28923 
2.407 0.459303 -0.600911 -3.83292 -0.138918 -1.08618 
2.27325 0.263963 -0.567521 -3.77985 -0.129809 -0.896 
2.14182 0.0727022 -0.534709 -3.72647 -0.120994 -0.713191 
2.01271 -0.11448 -0.502476 -3.67278 -0.11247 -0.537636 
1.89008 -0.298243 -0.471863 -3.63484 -0.104694 -0.370856 
1.77326 -0.479808 -0.442697 -3.61259 -0.097572 -0.21063 
1.65782 -0.658927 -0.413879 -3.58997 -0.0906121 -0.0545635 
1.54725 -0.83748 -0.386275 -3.58308 -0.0841904 0.0978222 
1.44086 -1.01669 -0.359713 -3.59204 -0.0782249 0.2486 
1.33493 -1.19509 -0.333267 -3.60082 -0.0723106 0.398017 
1.23224 -1.37577 -0.307631 -3.62575 -0.0667482 0.548553 
1.1321 -1.55997 -0.282632 -3.66719 -0.0614624 0.702249 
1.0315 -1.74499 -0.257517 -3.70889 -0.0561269 0.857315 
0.932525 -1.93515 -0.232807 -3.76769 -0.0509693 1.01831 
0.834474 -2.13167 -0.208328 -3.84416 -0.0459162 1.18735 
0.736655 -2.33579 -0.183908 -3.93899 -0.0408941 1.36666 
0.636982 -2.54318 -0.159024 -4.03536 -0.0356725 1.55175 
0.536613 -2.75979 -0.133967 -4.15119 -0.0303797 1.75025 
0.434854 -2.98684 -0.108562 -4.28743 -0.0249377 1.96463 
0.330313 -3.21879 -0.0824633 -4.4265 -0.0191849 2.18829 
0.223917 -3.47 -0.0559014 -4.6065 -0.0132244 2.44157 
0.113813 -3.72774 -0.0284137 -4.79099 -0.00683304 2.70805 
0 -4 0 -5 0 3 
