-4.86881 0.692814 -5.84745 6.97749 -15.8768 4.65214 
-4.43418 0.713174 -5.6667 6.59088 -14.9608 4.35869 
-4.03377 0.734342 -5.51018 6.26814 -14.1937 4.11131 
-3.66387 0.756809 -5.37768 6.00523 -13.5653 3.90633 
-3.32081 0.781066 -5.26898 5.79875 -13.0669 3.74058 
-3.00092 0.807603 -5.18389 5.646 -12.6916 3.61144 
-2.70049 0.836911 -5.12219 5.54494 -12.4338 3.51671 
-2.41042 0.867523 -5.07222 5.46948 -12.2344 3.43917 
-2.70049 0.836911 -5.12219 5.54494 -12.4338 3.51671 
-3.00092 0.807603 -5.18389 5.646 -12.6916 3.61144 
-3.32081 0.781066 -5.26898 5.79875 -13.0669 3.74058 
-3.66387 0.756809 -5.37768 6.00523 -13.5653 3.90633 
-4.03377 0.734342 -5.51018 6.26814 -14.1937 4.11131 
-4.43418 0.713174 -5.6667 6.59088 -14.9608 4.35869 
-4.86881 0.692814 -5.84745 6.97749 -15.8768 4.65214 
-4.66215 0.588658 -5.68769 6.8279 -15.0736 4.62243 
-4.45995 0.488187 -5.52967 6.67365 -14.2973 4.58395 
-4.28035 0.393067 -5.39627 6.57062 -13.6628 4.5758 
-4.11316 0.301545 -5.27561 6.49129 -13.1035 4.58023 
-3.95772 0.213067 -5.16743 6.43604 -12.6144 4.59838 
-3.81335 0.12708 -5.07147 6.40537 -12.1914 4.63138 
-3.67939 0.0430313 -4.98747 6.39986 -11.8304 4.68045 
-3.55517 -0.0396315 -4.91516 6.42027 -11.528 4.74684 
-3.43228 -0.121189 -4.84338 6.43842 -11.2305 4.8102 
-3.32575 -0.202554 -4.79376 6.51302 -11.0374 4.91485 
-3.21966 -0.283552 -4.74432 6.58676 -10.8457 5.01841 
-3.12108 -0.365006 -4.7057 6.68986 -10.7038 5.14413 
-3.02934 -0.447471 -4.67763 6.82374 -10.6097 5.29373 
-2.94377 -0.531498 -4.65987 6.99 -10.5618 5.46907 
-2.85731 -0.616263 -4.64175 7.15842 -10.5118 5.64693 
-2.77612 -0.703328 -4.63359 7.3617 -10.5063 5.8533 
-2.69954 -0.793245 -4.6351 7.60194 -10.5441 6.09046 
-2.62118 -0.884637 -4.63592 7.84719 -10.5784 6.33325 
-2.54104 -0.977503 -4.63604 8.0975 -10.6089 6.58171 
-2.46438 -1.07414 -4.64541 8.38882 -10.6813 6.86529 
-2.39055 -1.17511 -4.66377 8.72384 -10.795 7.18681 
-2.31404 -1.27829 -4.68107 9.06766 -10.9039 7.51795 
-2.23947 -1.38654 -4.70702 9.45927 -11.0533 7.89129 
-2.16177 -1.49736 -4.73173 9.862 -11.1974 8.27666 
-2.08095 -1.61076 -4.75523 10.276 -11.336 8.67425 
-2.06675 -1.71401 -4.56018 9.55265 -10.7348 8.27194 
-2.05511 -1.81409 -4.3783 8.90136 -10.1955 7.91187 
-2.05061 -1.91596 -4.21808 8.35158 -9.75592 7.62445 
-2.05371 -2.02136 -4.07855 7.893 -9.40949 7.40615 
-2.06031 -2.12736 -3.95001 7.48371 -9.11085 7.22249 
-2.07063 -2.23484 -3.83199 7.11946 -8.85761 7.07232 
-2.08957 -2.34993 -3.73232 6.82684 -8.68653 6.98593 
-2.10806 -2.46327 -3.63365 6.54014 -8.51766 6.89997 
-2.13576 -2.58655 -3.552 6.31623 -8.42691 6.87638 
-2.10806 -2.46327 -3.63365 6.54014 -8.51766 6.89997 
-2.08957 -2.34993 -3.73232 6.82684 -8.68653 6.98593 
-2.10806 -2.46327 -3.63365 6.54014 -8.51766 6.89997 
-2.13576 -2.58655 -3.552 6.31623 -8.42691 6.87638 
-2.17311 -2.7215 -3.4864 6.14941 -8.41234 6.91496 
-2.2106 -2.85704 -3.42046 5.9809 -8.39738 6.95367 
-2.25327 -2.99987 -3.36171 5.83677 -8.41965 7.02391 
-2.30136 -3.15086 -3.30965 5.71469 -8.47895 7.1262 
-2.35507 -3.31089 -3.26378 5.61248 -8.5753 7.26128 
-2.41463 -3.48083 -3.22362 5.52799 -8.70894 7.43011 
-2.47492 -3.65368 -3.18179 5.43572 -8.8422 7.60105 
-2.54135 -3.8376 -3.145 5.35829 -9.01335 7.8073 
-2.61414 -4.03346 -3.11274 5.2936 -9.22305 8.05024 
-2.68795 -4.2334 -3.07816 5.21796 -9.43315 8.29715 
-2.76842 -4.44645 -3.04746 5.15199 -9.68291 8.5829 
-2.85006 -4.66415 -3.0141 5.07314 -9.93358 8.87379 
-2.87254 -4.4759 -2.75426 4.62052 -9.45067 8.47712 
-2.89663 -4.30042 -2.5089 4.21199 -9.01813 8.12234 
-2.92914 -4.14609 -2.28175 3.85954 -8.67017 7.84094 
-2.97119 -4.01199 -2.07049 3.55573 -8.4022 7.6297 
-3.01726 -3.88862 -1.86872 3.27945 -8.17464 7.45338 
-3.06791 -3.77552 -1.67528 3.02747 -7.98592 7.31101 
-3.13071 -3.68045 -1.49237 2.80934 -7.86988 7.23412 
-3.19239 -3.58632 -1.31175 2.59624 -7.75482 7.15734 
-3.2677 -3.50897 -1.13859 2.40983 -7.71019 7.14505 
-3.35777 -3.44746 -0.970564 2.2452 -7.73525 7.19734 
-3.44821 -3.38564 -0.80177 2.07901 -7.76031 7.24988 
-3.54696 -3.33095 -0.633625 1.91984 -7.82031 7.33546 
-3.65457 -3.28294 -0.464977 1.7654 -7.91559 7.45479 
-3.77161 -3.24113 -0.294672 1.61341 -8.04671 7.60882 
-3.89863 -3.20504 -0.121558 1.46156 -8.21447 7.79871 
-4.02752 -3.1674 0.0553978 1.30189 -8.38373 7.99138 
-4.16713 -3.13486 0.2367 1.1391 -8.59099 8.22179 
-4.31804 -3.10696 0.4235 0.970702 -8.83751 8.4916 
-4.47154 -3.07687 0.615679 0.790831 -9.08717 8.76642 
-4.63709 -3.05079 0.814894 0.601669 -9.37805 9.08317 
-4.80561 -3.02221 1.02026 0.398807 -9.6731 9.40631 
-4.62944 -2.84672 1.12272 0.278538 -9.26 9.26772 
-4.45637 -2.67501 1.22187 0.164583 -8.85882 9.12588 
-4.28639 -2.50708 1.3177 0.0568087 -8.46939 8.98094 
-4.12823 -2.3479 1.41321 -0.045107 -8.12585 8.87052 
-3.97271 -2.19196 1.50587 -0.141938 -7.79166 8.75721 
-3.82814 -2.04369 1.59915 -0.234796 -7.49912 8.67866 
-3.69384 -1.90227 1.69376 -0.324976 -7.24542 8.63513 
-3.5613 -1.76301 1.78648 -0.411914 -6.99717 8.58921 
-3.43054 -1.62591 1.87731 -0.495653 -6.75432 8.54095 
-3.30894 -1.49432 1.97065 -0.578822 -6.54605 8.52852 
-3.19585 -1.36742 2.06721 -0.662609 -6.37016 8.55254 
-3.08364 -1.2416 2.16282 -0.744824 -6.19664 8.5751 
-2.97906 -1.1194 2.26261 -0.829224 -6.05283 8.63524 
-2.88144 -0.999996 2.36728 -0.916984 -5.93696 8.73406 
-2.79011 -0.882586 2.47754 -1.00929 -5.84746 8.87289 
-2.69834 -0.764635 2.58828 -1.10241 -5.75697 9.01271 
-2.61785 -0.649049 2.71162 -1.20712 -5.71653 9.23598 
-2.53603 -0.531841 2.83638 -1.31434 -5.67342 9.46279 
-2.4583 -0.413924 2.96911 -1.4304 -5.65248 9.73602 
-2.38399 -0.294488 3.1105 -1.55672 -5.65272 10.0582 
-2.31246 -0.172721 3.26128 -1.69481 -5.67323 10.4323 
-2.24302 -0.0478147 3.42215 -1.8463 -5.71319 10.8614 
-2.17502 0.0810428 3.59382 -2.01292 -5.77185 11.3493 
-2.11211 0.215101 3.78472 -2.20552 -5.87245 11.9485 
-2.04478 0.354561 3.98037 -2.40876 -5.96632 12.5676 
-2.01379 0.288504 4.00118 -2.50752 -5.61258 12.0119 
-1.98274 0.224411 4.01925 -2.59621 -5.2725 11.4727 
-1.95573 0.162623 4.04304 -2.68636 -4.96662 10.9959 
-1.93278 0.102771 4.07308 -2.77979 -4.69184 10.5773 
-1.90568 0.0442959 4.09224 -2.85363 -4.40725 10.1258 
-1.88676 -0.0125152 4.12697 -2.94496 -4.16974 9.77232 
-1.8678 -0.0680989 4.15999 -3.03036 -3.93945 9.42708 
-1.85292 -0.122728 4.20062 -3.12378 -3.73286 9.13054 
-1.84213 -0.176771 4.24939 -3.22691 -3.54759 8.8798 
-1.83132 -0.230077 4.29713 -3.32644 -3.36629 8.63332 
-1.82875 -0.283929 4.36353 -3.45353 -3.21791 8.46737 
-1.82617 -0.337535 4.42959 -3.57938 -3.07076 8.30266 
-1.82772 -0.391783 4.50551 -3.7208 -2.93812 8.17612 
-1.83755 -0.448048 4.60215 -3.89725 -2.83093 8.1226 
-1.84739 -0.504805 4.69948 -4.07643 -2.72144 8.06711 
-1.86553 -0.564561 4.81891 -4.29646 -2.63299 8.08131 
-1.88786 -0.626677 4.9506 -4.54233 -2.55127 8.1278 
-1.91437 -0.69152 5.09506 -4.81676 -2.47472 8.20593 
-1.94923 -0.761081 5.26403 -5.14461 -2.41201 8.35074 
-1.98831 -0.834352 5.44714 -5.50935 -2.35035 8.52633 
-2.03162 -0.9117 5.64491 -5.91467 -2.28804 8.73257 
-2.08333 -0.995484 5.86959 -6.3901 -2.23221 9.00541 
-2.03676 -0.912561 5.71532 -6.10275 -2.02223 8.12863 
-2.00521 -0.840337 5.60468 -5.90842 -1.85729 7.43697 
-1.98938 -0.777639 5.53912 -5.80711 -1.73167 6.9058 
-1.98117 -0.720096 5.49561 -5.74935 -1.62624 6.45742 
-1.98541 -0.668624 5.4872 -5.76248 -1.54584 6.1101 
-2.00261 -0.622343 5.51495 -5.84972 -1.48792 5.85252 
-2.02875 -0.579066 5.56736 -5.98864 -1.44386 5.64974 
-2.06879 -0.539419 5.65784 -6.21083 -1.41882 5.52099 
-2.11389 -0.500297 5.76182 -6.46608 -1.39892 5.41122 
-2.16897 -0.462421 5.8926 -6.78685 -1.38979 5.34163 
-2.22958 -0.42429 6.03784 -7.14856 -1.38466 5.28538 
-2.29589 -0.38561 6.19789 -7.55476 -1.38312 5.24038 
-2.36807 -0.346088 6.37312 -8.00933 -1.38476 5.20449 
-2.44631 -0.30543 6.56387 -8.51649 -1.38915 5.17552 
-2.52572 -0.262819 6.75698 -9.04462 -1.3903 5.1306 
-2.32462 -0.302245 6.47719 -8.76033 -1.27297 4.72579 
-2.13898 -0.341058 6.22925 -8.54614 -1.17178 4.37852 
-1.96286 -0.379009 5.99884 -8.36548 -1.0801 4.06465 
-1.79536 -0.416377 5.78517 -8.21802 -0.996905 3.78082 
-1.63559 -0.453439 5.58743 -8.10361 -0.921271 3.52393 
-1.79536 -0.416377 5.78517 -8.21802 -0.996905 3.78082 
-1.96286 -0.379009 5.99884 -8.36548 -1.0801 4.06465 
-2.13898 -0.341058 6.22925 -8.54614 -1.17178 4.37852 
-2.32462 -0.302245 6.47719 -8.76033 -1.27297 4.72579 
-2.52572 -0.262819 6.75698 -9.04462 -1.3903 5.1306 
-2.54364 -0.209607 6.6819 -8.60393 -1.17101 4.8519 
-2.56003 -0.157801 6.60626 -8.17745 -0.962441 4.58288 
-2.57492 -0.107402 6.53006 -7.76496 -0.76439 4.32338 
-2.59378 -0.0585333 6.46699 -7.39747 -0.579079 4.09052 
-2.61134 -0.0108702 6.40344 -7.04121 -0.402392 3.86532 
-2.6333 0.0356644 6.35316 -6.72507 -0.235184 3.66352 
-2.65418 0.0811943 6.30249 -6.4177 -0.0748994 3.46775 
-2.6799 0.125998 6.26526 -6.14609 0.0789225 3.29244 
-2.71078 0.170376 6.24158 -5.90731 0.228384 3.13563 
-2.741 0.214151 6.21766 -5.67325 0.373852 2.98212 
-2.71078 0.170376 6.24158 -5.90731 0.228384 3.13563 
-2.741 0.214151 6.21766 -5.67325 0.373852 2.98212 
-2.77683 0.257903 6.20745 -5.46844 0.517691 2.84464 
-2.81856 0.301933 6.21108 -5.29041 0.661883 2.72153 
-2.86008 0.345762 6.21462 -5.11383 0.804763 2.59943 
-2.91451 0.391153 6.24622 -4.98347 0.954916 2.50083 
-2.86008 0.345762 6.21462 -5.11383 0.804763 2.59943 
-2.91451 0.391153 6.24622 -4.98347 0.954916 2.50083 
-2.96916 0.436744 6.2779 -4.85178 1.1064 2.40126 
-3.03081 0.483618 6.32381 -4.73993 1.26487 2.31105 
-3.09977 0.532076 6.38406 -4.64612 1.43241 2.22883 
-3.17638 0.58242 6.45878 -4.56863 1.61118 2.15325 
-3.26096 0.634951 6.54808 -4.50579 1.80344 2.08301 
-3.35384 0.689971 6.65208 -4.45603 2.01161 2.01679 
-3.26096 0.634951 6.54808 -4.50579 1.80344 2.08301 
-3.17638 0.58242 6.45878 -4.56863 1.61118 2.15325 
-3.26096 0.634951 6.54808 -4.50579 1.80344 2.08301 
-3.35384 0.689971 6.65208 -4.45603 2.01161 2.01679 
-3.45533 0.747781 6.7709 -4.41776 2.2382 1.95326 
-3.56576 0.808682 6.90466 -4.38941 2.48596 1.89107 
-3.68546 0.872975 7.05347 -4.3694 2.75778 1.8288 
-3.56576 0.808682 6.90466 -4.38941 2.48596 1.89107 
-3.45533 0.747781 6.7709 -4.41776 2.2382 1.95326 
-3.35384 0.689971 6.65208 -4.45603 2.01161 2.01679 
-3.26096 0.634951 6.54808 -4.50579 1.80344 2.08301 
-3.35384 0.689971 6.65208 -4.45603 2.01161 2.01679 
-3.45533 0.747781 6.7709 -4.41776 2.2382 1.95326 
-3.35384 0.689971 6.65208 -4.45603 2.01161 2.01679 
-3.45533 0.747781 6.7709 -4.41776 2.2382 1.95326 
-3.56576 0.808682 6.90466 -4.38941 2.48596 1.89107 
-3.68546 0.872975 7.05347 -4.3694 2.75778 1.8288 
-3.82239 0.942849 7.23193 -4.37356 3.06905 1.77207 
-3.90959 0.856183 6.89383 -4.19397 2.94188 1.57355 
-3.99935 0.773673 6.57696 -4.03561 2.82969 1.39177 
-4.08403 0.693434 6.26687 -3.88098 2.72019 1.21943 
-4.18146 0.618103 5.9891 -3.76205 2.63577 1.06538 
-4.27507 0.544475 5.71641 -3.64546 2.55304 0.917989 
-4.37443 0.473584 5.46072 -3.54664 2.48282 0.78055 
-4.48047 0.405004 5.22077 -3.46481 2.42453 0.651304 
-4.58398 0.337561 4.98421 -3.38424 2.36714 0.526236 
-4.69544 0.271861 4.76169 -3.31973 2.32104 0.407111 
-4.81582 0.207479 4.55193 -3.27073 2.28579 0.292345 
-4.94607 0.143989 4.35368 -3.23678 2.26108 0.180401 
-5.07569 0.0807825 4.15627 -3.20304 2.23651 0.0694551 
-5.20467 0.0178603 3.95971 -3.16949 2.2121 -0.0404956 
-5.3572 -0.0449811 3.78107 -3.16467 2.20773 -0.150813 
-5.51036 -0.108106 3.60158 -3.1597 2.20326 -0.262127 
-5.3572 -0.0449811 3.78107 -3.16467 2.20773 -0.150813 
-5.20467 0.0178603 3.95971 -3.16949 2.2121 -0.0404956 
-5.07569 0.0807825 4.15627 -3.20304 2.23651 0.0694551 
-4.94607 0.143989 4.35368 -3.23678 2.26108 0.180401 
-4.81582 0.207479 4.55193 -3.27073 2.28579 0.292345 
-4.69544 0.271861 4.76169 -3.31973 2.32104 0.407111 
-4.58398 0.337561 4.98421 -3.38424 2.36714 0.526236 
-4.48047 0.405004 5.22077 -3.46481 2.42453 0.651304 
-4.37443 0.473584 5.46072 -3.54664 2.48282 0.78055 
-4.27507 0.544475 5.71641 -3.64546 2.55304 0.917989 
-4.18146 0.618103 5.9891 -3.76205 2.63577 1.06538 
-4.08403 0.693434 6.26687 -3.88098 2.72019 1.21943 
-3.99935 0.773673 6.57696 -4.03561 2.82969 1.39177 
-3.90959 0.856183 6.89383 -4.19397 2.94188 1.57355 
-3.82239 0.942849 7.23193 -4.37356 3.06905 1.77207 
-3.68546 0.872975 7.05347 -4.3694 2.75778 1.8288 
-3.56576 0.808682 6.90466 -4.38941 2.48596 1.89107 
-3.45533 0.747781 6.7709 -4.41776 2.2382 1.95326 
-3.35384 0.689971 6.65208 -4.45603 2.01161 2.01679 
-3.26096 0.634951 6.54808 -4.50579 1.80344 2.08301 
-3.17638 0.58242 6.45878 -4.56863 1.61118 2.15325 
-3.09977 0.532076 6.38406 -4.64612 1.43241 2.22883 
-3.03081 0.483618 6.32381 -4.73993 1.26487 2.31105 
-2.96916 0.436744 6.2779 -4.85178 1.1064 2.40126 
-2.91451 0.391153 6.24622 -4.98347 0.954916 2.50083 
-2.86008 0.345762 6.21462 -5.11383 0.804763 2.59943 
-2.81856 0.301933 6.21108 -5.29041 0.661883 2.72153 
-2.77683 0.257903 6.20745 -5.46844 0.517691 2.84464 
-2.741 0.214151 6.21766 -5.67325 0.373852 2.98212 
-2.71078 0.170376 6.24158 -5.90731 0.228384 3.13563 
-2.6799 0.125998 6.26526 -6.14609 0.0789225 3.29244 
-2.65418 0.0811943 6.30249 -6.4177 -0.0748994 3.46775 
-2.6333 0.0356644 6.35316 -6.72507 -0.235184 3.66352 
-2.61134 -0.0108702 6.40344 -7.04121 -0.402392 3.86532 
-2.59378 -0.0585333 6.46699 -7.39747 -0.579079 4.09052 
-2.57492 -0.107402 6.53006 -7.76496 -0.76439 4.32338 
-2.56003 -0.157801 6.60626 -8.17745 -0.962441 4.58288 
-2.54364 -0.209607 6.6819 -8.60393 -1.17101 4.8519 
-2.52572 -0.262819 6.75698 -9.04462 -1.3903 5.1306 
-2.44631 -0.30543 6.56387 -8.51649 -1.38915 5.17552 
-2.36807 -0.346088 6.37312 -8.00933 -1.38476 5.20449 
-2.29589 -0.38561 6.19789 -7.55476 -1.38312 5.24038 
-2.22958 -0.42429 6.03784 -7.14856 -1.38466 5.28538 
-2.16897 -0.462421 5.8926 -6.78685 -1.38979 5.34163 
-2.11389 -0.500297 5.76182 -6.46608 -1.39892 5.41122 
-2.06879 -0.539419 5.65784 -6.21083 -1.41882 5.52099 
-2.11389 -0.500297 5.76182 -6.46608 -1.39892 5.41122 
-2.16897 -0.462421 5.8926 -6.78685 -1.38979 5.34163 
-2.22958 -0.42429 6.03784 -7.14856 -1.38466 5.28538 
-2.29589 -0.38561 6.19789 -7.55476 -1.38312 5.24038 
-2.36807 -0.346088 6.37312 -8.00933 -1.38476 5.20449 
-2.44631 -0.30543 6.56387 -8.51649 -1.38915 5.17552 
-2.52572 -0.262819 6.75698 -9.04462 -1.3903 5.1306 
-2.32462 -0.302245 6.47719 -8.76033 -1.27297 4.72579 
-2.13898 -0.341058 6.22925 -8.54614 -1.17178 4.37852 
-1.96286 -0.379009 5.99884 -8.36548 -1.0801 4.06465 
-1.79536 -0.416377 5.78517 -8.21802 -0.996905 3.78082 
-1.63559 -0.453439 5.58743 -8.10361 -0.921271 3.52393 
-1.48265 -0.490471 5.40481 -8.02223 -0.85232 3.29109 
-1.33566 -0.527752 5.2365 -7.97406 -0.789238 3.07962 
-1.19372 -0.565558 5.08172 -7.95942 -0.73126 2.887 
-1.05594 -0.604168 4.93964 -7.97887 -0.677665 2.71088 
-0.92143 -0.643857 4.80946 -8.03315 -0.627768 2.54905 
-0.787511 -0.683362 4.67983 -8.08671 -0.5783 2.38859 
-0.657148 -0.725952 4.57132 -8.21337 -0.534059 2.24972 
-0.526189 -0.768727 4.46227 -8.34092 -0.489402 2.10952 
-0.39552 -0.813507 4.36245 -8.50739 -0.446321 1.97683 
-0.264247 -0.860568 4.27104 -8.71453 -0.404202 1.84972 
-0.131189 -0.908185 4.17803 -8.92491 -0.360836 1.71867 
0.00366295 -0.958453 4.09236 -9.17868 -0.317598 1.5906 
0.141201 -1.01165 4.01323 -9.47819 -0.273855 1.46355 
0.281716 -1.06577 3.93142 -9.78414 -0.22798 1.32982 
0.426108 -1.1232 3.85508 -10.1394 -0.180701 1.19436 
0.574071 -1.18173 3.77553 -10.5032 -0.130782 1.05066 
0.727101 -1.24393 3.70036 -10.9204 -0.078494 0.902275 
0.884298 -1.30742 3.62145 -11.3483 -0.0230044 0.743932 
1.04566 -1.37221 3.53877 -11.7871 0.0357568 0.575408 
1.01809 -1.4601 3.34062 -11.2456 -0.0613678 0.623202 
0.990895 -1.54496 3.14669 -10.7208 -0.153057 0.667625 
0.964062 -1.62677 2.95698 -10.2123 -0.239428 0.708753 
0.939582 -1.70915 2.77736 -9.76129 -0.321957 0.749831 
0.915418 -1.78893 2.60136 -9.32338 -0.400099 0.78817 
0.893501 -1.87015 2.43424 -8.93706 -0.475998 0.827406 
0.873755 -1.95346 2.2751 -8.59846 -0.550757 0.868198 
0.854219 -2.03503 2.11838 -8.26762 -0.622702 0.907198 
0.834892 -2.11487 1.96407 -7.94446 -0.69187 0.944433 
0.817605 -2.19788 1.81623 -7.66313 -0.761704 0.984327 
0.802277 -2.28472 1.67397 -7.42052 -0.833226 1.02751 
0.787055 -2.3707 1.53291 -7.18134 -0.903373 1.06981 
0.773687 -2.46137 1.39621 -6.97711 -0.976569 1.11626 
0.762097 -2.5574 1.26297 -6.80527 -1.05384 1.16754 
0.752204 -2.65943 1.13229 -6.66347 -1.13623 1.22434 
0.742259 -2.76189 1.00101 -6.52018 -1.21934 1.28161 
0.735553 -2.87767 0.873032 -6.43284 -1.3149 1.35143 
0.728689 -2.99474 0.743243 -6.34135 -1.4127 1.42279 
0.723261 -3.12 0.612997 -6.27328 -1.51945 1.50229 
0.71919 -3.25408 0.481388 -6.2269 -1.63643 1.59086 
0.716397 -3.39764 0.347511 -6.20056 -1.76502 1.68948 
0.714804 -3.55133 0.210464 -6.19269 -1.90667 1.7992 
0.714333 -3.7158 0.0693402 -6.20172 -2.06298 1.92118 
0.716365 -3.89967 -0.0769202 -6.25162 -2.2448 2.06508 
0.717873 -4.08788 -0.229209 -6.28949 -2.43624 2.21585 
0.582384 -3.99636 -0.446627 -5.94222 -2.45518 2.03677 
0.45184 -3.90524 -0.654984 -5.60792 -2.46676 1.86685 
0.327627 -3.83075 -0.857915 -5.33143 -2.49231 1.7204 
0.207817 -3.76467 -1.05587 -5.08603 -2.52288 1.58751 
0.0916675 -3.70695 -1.2502 -4.86945 -2.55948 1.46666 
-0.0215631 -3.65753 -1.44227 -4.67964 -2.60311 1.35648 
-0.132616 -3.61634 -1.63345 -4.51472 -2.65479 1.25566 
-0.242234 -3.58332 -1.82508 -4.373 -2.71556 1.16297 
-0.350368 -3.55043 -2.01399 -4.23386 -2.774 1.07243 
-0.459092 -3.53361 -2.21016 -4.13455 -2.85587 0.992958 
-0.567321 -3.51683 -2.40543 -4.036 -2.9369 0.914169 
-0.676586 -3.50802 -2.60568 -3.95609 -3.03082 0.839859 
-0.78763 -3.50713 -2.81229 -3.89374 -3.1389 0.769016 
-0.901193 -3.5141 -3.0266 -3.84799 -3.2625 0.700652 
-1.01574 -3.52099 -3.24272 -3.80093 -3.38794 0.630963 
-1.13381 -3.53566 -3.46836 -3.76929 -3.53092 0.562435 
-1.25612 -3.55804 -3.70488 -3.7523 -3.69306 0.494078 
-1.3804 -3.58026 -3.94503 -3.73291 -3.85926 0.423034 
-1.50667 -3.60233 -4.1888 -3.7111 -4.02958 0.349268 
-1.63842 -3.63201 -4.44572 -3.70266 -4.22211 0.273914 
-1.7764 -3.66925 -4.71714 -3.70691 -4.43885 0.195897 
-1.91735 -3.70625 -4.99399 -3.70771 -4.66248 0.113626 
-2.06551 -3.75073 -5.28716 -3.72026 -4.91329 0.0271291 
-2.21713 -3.79494 -5.58668 -3.72879 -5.17269 -0.0645326 
-2.37222 -3.83886 -5.89253 -3.73318 -5.44081 -0.161471 
-2.06798 -3.73351 -5.76272 -3.68525 -5.18441 -0.236538 
-1.77241 -3.6296 -5.63406 -3.63468 -4.93619 -0.306513 
-1.48861 -3.53452 -5.51812 -3.59664 -4.71578 -0.373089 
-1.21498 -3.44801 -5.41469 -3.57141 -4.52119 -0.437254 
-0.945797 -3.35534 -5.3007 -3.52881 -4.31337 -0.495679 
-0.687187 -3.27821 -5.21043 -3.51459 -4.14808 -0.554849 
-0.43399 -3.20197 -5.12088 -3.49853 -3.98694 -0.61111 
-0.687187 -3.27821 -5.21043 -3.51459 -4.14808 -0.554849 
-0.945797 -3.35534 -5.3007 -3.52881 -4.31337 -0.495679 
-1.21498 -3.44801 -5.41469 -3.57141 -4.52119 -0.437254 
-1.48861 -3.53452 -5.51812 -3.59664 -4.71578 -0.373089 
-1.77241 -3.6296 -5.63406 -3.63468 -4.93619 -0.306513 
-2.06798 -3.73351 -5.76272 -3.68525 -5.18441 -0.236538 
-2.37222 -3.83886 -5.89253 -3.73318 -5.44081 -0.161471 
-2.34748 -3.52908 -5.62289 -3.65925 -5.21554 -0.267251 
-2.32665 -3.23553 -5.3706 -3.59728 -5.01626 -0.365616 
-2.30987 -2.9568 -5.13474 -3.54748 -4.84164 -0.458081 
-2.29728 -2.69145 -4.91439 -3.5101 -4.69052 -0.546078 
-2.28901 -2.43806 -4.70861 -3.48543 -4.56187 -0.630965 
-2.28019 -2.19037 -4.50655 -3.45854 -4.43522 -0.71091 
-2.28095 -1.95709 -4.32744 -3.4602 -4.34913 -0.793046 
-2.28646 -1.73149 -4.16011 -3.47572 -4.28317 -0.875858 
-2.29169 -1.50873 -3.99464 -3.4899 -4.21782 -0.956242 
-2.30705 -1.29468 -3.84841 -3.53461 -4.19082 -1.04363 
-2.32758 -1.08403 -3.71117 -3.59502 -4.1828 -1.13531 
-2.35341 -0.875344 -3.582 -3.67194 -4.19365 -1.23255 
-2.38468 -0.667206 -3.45997 -3.76633 -4.22339 -1.33661 
-2.42691 -0.459207 -3.3516 -3.89652 -4.29121 -1.4553 
-2.47496 -0.247948 -3.24788 -4.04732 -4.37864 -1.58454 
-2.52896 -0.0320042 -3.1479 -4.22018 -4.4862 -1.7259 
-2.59458 0.190458 -3.05723 -4.43563 -4.63427 -1.88908 
-2.66652 0.421411 -2.96782 -4.67783 -4.8045 -2.06903 
-2.74492 0.66228 -2.87873 -4.9489 -4.9979 -2.26776 
-2.83558 0.916325 -2.79462 -5.27224 -5.2365 -2.49747 
-2.88054 0.996898 -2.50791 -5.01651 -4.9851 -2.54696 
-2.92134 1.07343 -2.23061 -4.76879 -4.74144 -2.58646 
-2.96429 1.14837 -1.96691 -4.54826 -4.52462 -2.62749 
-3.01001 1.22232 -1.7154 -4.35314 -4.3329 -2.67148 
-3.05911 1.29587 -1.47465 -4.18185 -4.16474 -2.71983 
-3.11223 1.36965 -1.24327 -4.03293 -4.01872 -2.77388 
-3.1771 1.44749 -1.02212 -3.92265 -3.91111 -2.84772 
-3.24764 1.52717 -0.806559 -3.83169 -3.82268 -2.93083 
-3.33956 1.61658 -0.597875 -3.79331 -3.78668 -3.05213 
-3.44696 1.7137 -0.390947 -3.78892 -3.78463 -3.20214 
-3.57906 1.82378 -0.183358 -3.83494 -3.83302 -3.39965 
-3.73772 1.94864 0.0291333 -3.93149 -3.93204 -3.65125 
-3.91643 2.08565 0.250231 -4.06222 -4.06545 -3.9478 
-4.13359 2.24532 0.484773 -4.26346 -4.26971 -4.33112 
-4.3917 2.43009 0.738412 -4.53895 -4.54871 -4.81515 
-4.36328 2.26511 0.710447 -4.37207 -4.24453 -4.88172 
-4.34245 2.10857 0.684418 -4.22639 -3.96935 -4.95701 
-4.32043 1.95563 0.65885 -4.08375 -3.70478 -5.02206 
-4.30634 1.8101 0.635086 -3.96088 -3.4653 -5.09872 
-4.30044 1.67123 0.613029 -3.85687 -3.24831 -5.18895 
-4.29369 1.53493 0.5913 -3.75462 -3.03824 -5.27191 
-4.28609 1.40118 0.569899 -3.65411 -2.83497 -5.34772 
-4.2871 1.27281 0.550041 -3.5711 -2.65011 -5.44053 
-4.29698 1.14905 0.531626 -3.50488 -2.48145 -5.55226 
-4.30635 1.02682 0.513409 -3.43948 -2.31659 -5.65959 
-4.32493 0.90817 0.496505 -3.39012 -2.16519 -5.78856 
-4.35298 0.79233 0.480814 -3.35633 -2.02535 -5.94127 
-4.38085 0.677003 0.465189 -3.32274 -1.88669 -6.09242 
-4.41853 0.56346 0.450648 -3.30426 -1.75715 -6.27031 
-4.46626 0.450933 0.43709 -3.30062 -1.63497 -6.47734 
-4.51417 0.337893 0.423467 -3.29685 -1.51163 -6.68605 
-4.57248 0.224844 0.410697 -3.30773 -1.39335 -6.9274 
-4.64144 0.111016 0.398682 -3.3332 -1.27845 -7.20425 
-4.72131 -0.00435975 0.387323 -3.37331 -1.16523 -7.51973 
-4.80186 -0.121786 0.375701 -3.41325 -1.04739 -7.84295 
-4.89366 -0.241784 0.364605 -3.46799 -0.928882 -8.20945 
-4.99696 -0.365124 0.353934 -3.53774 -0.80792 -8.62298 
-5.10129 -0.49154 0.34287 -3.60758 -0.679793 -9.04953 
-5.22828 -0.623613 0.33279 -3.70815 -0.548894 -9.56839 
-5.35664 -0.759788 0.322185 -3.80929 -0.408094 -10.1065 
-5.49735 -0.901867 0.311677 -3.92667 -0.258171 -10.707 
-5.39433 -1.09068 0.461034 -3.76554 -0.217019 -10.5704 
-5.29204 -1.27377 0.606026 -3.60888 -0.177884 -10.4288 
-5.19049 -1.45115 0.746652 -3.45663 -0.140725 -10.2826 
-5.10047 -1.62624 0.884783 -3.32276 -0.105949 -10.1749 
-5.01108 -1.79643 1.01917 -3.19238 -0.0727932 -10.0629 
-4.933 -1.96597 1.15232 -3.07876 -0.0414074 -9.98997 
-4.86608 -2.13608 1.28515 -2.98084 -0.0113724 -9.95673 
-4.79958 -2.30293 1.41548 -2.88495 0.0176365 -9.92014 
-4.7335 -2.46651 1.54332 -2.79105 0.0456328 -9.88029 
-4.67831 -2.63271 1.67241 -2.71125 0.072956 -9.88139 
-4.63385 -2.80276 1.80368 -2.64472 0.0999847 -9.92437 
-4.58961 -2.97117 1.93371 -2.57905 0.12652 -9.9654 
-4.55588 -3.14507 2.06716 -2.52566 0.153258 -10.0499 
-4.53251 -3.32567 2.20498 -2.4839 0.180566 -10.1794 
-4.51935 -3.5142 2.3481 -2.45321 0.208816 -10.3555 
-4.50607 -3.70355 2.49184 -2.42216 0.237315 -10.5329 
-4.51289 -3.91122 2.64805 -2.41229 0.268463 -10.8082 
-4.51938 -4.12134 2.80614 -2.4015 0.300384 -11.0879 
-4.53555 -4.34348 2.97264 -2.40032 0.334559 -11.4225 
-4.56124 -4.57886 3.1485 -2.40845 0.371418 -11.815 
-4.59628 -4.82872 3.33464 -2.42561 0.411416 -12.2692 
-4.64052 -5.09427 3.53201 -2.45157 0.455037 -12.789 
-4.69379 -5.37674 3.74155 -2.48614 0.502798 -13.3789 
-4.76567 -5.68897 3.97228 -2.53948 0.557528 -14.1012 
-4.8365 -6.00937 4.20925 -2.59076 0.615462 -14.8483 
-4.76514 -5.96812 4.15044 -2.79237 0.700526 -14.3523 
-4.69389 -5.92565 4.09162 -2.97957 0.780069 -13.8667 
-4.62274 -5.88196 4.03281 -3.15268 0.854216 -13.3916 
-4.56133 -5.84942 3.98241 -3.32609 0.927004 -12.9816 
-4.50002 -5.81583 3.932 -3.48778 0.995319 -12.5797 
-4.44842 -5.79374 3.89001 -3.65381 1.06385 -12.2387 
-4.3969 -5.77079 3.84802 -3.81029 1.12875 -11.9037 
-4.35506 -5.75968 3.81445 -3.97493 1.19534 -11.626 
-4.32289 -5.76067 3.7893 -4.15045 1.26469 -11.4031 
-4.29076 -5.76114 3.76415 -4.32025 1.33189 -11.1832 
-4.26827 -5.77407 3.74741 -4.50463 1.40324 -11.0155 
-4.2554 -5.79971 3.7391 -4.70636 1.47982 -10.8986 
-4.24254 -5.82517 3.73078 -4.90614 1.55566 -10.7824 
-4.24883 -5.87694 3.73931 -5.15027 1.64557 -10.7636 
-4.25511 -5.92888 3.74784 -5.39645 1.73624 -10.7443 
-4.27092 -5.9944 3.76479 -5.67003 1.83588 -10.7727 
-4.29626 -6.07377 3.79017 -5.97439 1.94573 -10.8485 
-4.33109 -6.16724 3.82397 -6.31313 2.06713 -10.9716 
-4.37539 -6.27508 3.86619 -6.69016 2.20148 -11.1425 
-4.42915 -6.39755 3.91684 -7.10965 2.35031 -11.3617 
-4.49233 -6.53491 3.97592 -7.57615 2.51526 -11.63 
-4.56492 -6.68742 4.04342 -8.09455 2.69811 -11.9487 
-4.6469 -6.85533 4.11936 -8.67016 2.90076 -12.3191 
-4.74773 -7.05303 4.21214 -9.34609 3.13783 -12.794 
