230
0.644132 -0.188023 -0.600823 -0.934224 1.06954 -2.03634 1.2333 -0.361594 0.0362828 0.584058 -0.509114 1.39025 
0.919907 -0.121896 -0.841055 -1.13561 1.36715 -2.08053 1.14723 -0.308204 -0.00337624 0.543058 -0.479819 1.32207 
0.844142 -0.0845738 -0.80603 -1.06889 1.29592 -2.01003 1.3564 -0.564381 0.168991 0.880585 -0.532105 0.804665 
0.786221 -0.0980156 -0.823481 -0.950296 1.26652 -1.9957 1.3793 -0.822761 0.276404 1.16762 -0.410365 0.480967 
0.685662 -0.140024 -0.791042 -0.893718 1.17913 -2.00081 1.95214 -0.66528 -0.0334309 1.23641 -0.860206 0.0627879 
0.594784 -0.17873 -0.776145 -0.864485 1.07659 -1.91371 1.91817 -0.20631 -0.886639 1.61965 -0.888093 -0.353524 
0.507416 -0.228367 -0.731585 -0.770018 1.09248 -1.80368 1.73388 -0.433812 -0.470096 1.62503 -0.7972 -0.0832327 
0.420919 -0.277509 -0.687469 -0.676493 1.10822 -1.69474 1.398 -0.570895 -0.222046 1.76894 -0.597938 0.138509 
0.283555 -0.260762 -0.700872 -0.742903 1.09506 -1.67731 1.53832 0.0405201 -0.721817 1.29433 -0.936488 0.654655 
0.219047 -0.272084 -0.694539 -0.638143 1.10476 -1.61849 1.61836 -0.154415 -0.408499 1.19716 -1.10436 0.943123 
0.156832 -0.283003 -0.688432 -0.537107 1.11412 -1.56176 1.73055 -0.248189 -0.276484 1.17707 -1.30279 1.13133 
0.0972779 -0.293455 -0.682586 -0.440392 1.12307 -1.50745 1.86555 -0.266926 -0.266855 1.18046 -1.53235 1.3063 
0.0404836 -0.303422 -0.67701 -0.348158 1.13161 -1.45567 1.98799 -0.206976 -0.389609 1.19712 -1.75054 1.46424 
-0.0137617 -0.312943 -0.671685 -0.260065 1.13977 -1.4062 2.06848 -0.0564919 -0.68199 1.21599 -1.92145 1.59677 
-0.065858 -0.322086 -0.666571 -0.175461 1.1476 -1.3587 1.92764 -0.116876 -0.555955 1.26504 -1.78068 1.31464 
-0.117969 -0.331231 -0.661456 -0.090834 1.15544 -1.31118 1.78032 -0.163194 -0.464424 1.32563 -1.60227 1.03647 
-0.170053 -0.340372 -0.656343 -0.00624977 1.16327 -1.26369 1.62178 -0.189385 -0.410987 1.40962 -1.39491 0.754792 
-0.221976 -0.349485 -0.651246 0.0780721 1.17108 -1.21634 1.462 -0.19373 -0.387752 1.5155 -1.19146 0.491726 
-0.273384 -0.358507 -0.646199 0.161558 1.17881 -1.16947 1.30859 -0.180208 -0.38326 1.64341 -1.00217 0.224841 
-0.323885 -0.36737 -0.641242 0.24357 1.1864 -1.12342 1.17324 -0.16371 -0.371234 1.76696 -0.847323 -0.00241383 
-0.373105 -0.376009 -0.63641 0.323504 1.1938 -1.07854 1.05298 -0.155787 -0.336255 1.86419 -0.715407 -0.17099 
-0.420914 -0.384399 -0.631717 0.401144 1.20099 -1.03494 0.940605 -0.162225 -0.272294 1.91302 -0.590099 -0.259493 
-0.467439 -0.392565 -0.62715 0.476699 1.20799 -0.99252 0.829147 -0.193441 -0.164026 1.83338 -0.463246 -0.164796 
-0.513326 -0.400618 -0.622645 0.55122 1.21489 -0.950677 0.714044 -0.241061 -0.0211949 1.50429 -0.362043 0.23447 
-0.505369 -0.392355 -0.573884 0.514974 1.16318 -0.861921 0.821385 -0.190806 0.174747 0.966763 -0.697219 0.829246 
-0.497057 -0.383723 -0.52295 0.477112 1.10918 -0.769207 0.887144 -0.0517548 0.315035 0.797623 -1.1687 1.19687 
-0.488779 -0.375125 -0.47222 0.439402 1.05539 -0.676867 0.915322 0.0127635 0.298941 0.780992 -1.06286 0.946064 
-0.480758 -0.366795 -0.423066 0.402864 1.00327 -0.587395 0.948598 0.110974 0.233982 0.858199 -0.963226 0.65 
-0.47312 -0.358863 -0.376257 0.368069 0.953635 -0.502191 0.977843 0.242289 0.126599 1.01921 -0.894383 0.314693 
-0.465966 -0.351433 -0.332418 0.335481 0.907151 -0.422393 0.996647 0.391081 0.00133037 1.20649 -0.883427 0.0035824 
-0.459313 -0.344524 -0.291648 0.305174 0.863921 -0.348181 1.00349 0.550893 -0.140159 1.38923 -0.915773 -0.276665 
-0.453137 -0.33811 -0.2538 0.277041 0.82379 -0.279289 1.00048 0.706785 -0.279675 1.53127 -0.978559 -0.491604 
-0.44737 -0.33212 -0.218459 0.25077 0.786317 -0.214959 0.990607 0.851229 -0.408928 1.62997 -1.05368 -0.644571 
-0.443479 -0.337628 -0.179898 0.204391 0.743115 -0.147551 0.983149 1.0303 -0.651859 1.72914 -1.14023 -0.790969 
-0.439853 -0.34276 -0.143964 0.16117 0.702855 -0.0847345 0.976164 1.191 -0.886939 1.78833 -1.21735 -0.889334 
-0.436459 -0.347563 -0.110333 0.120719 0.665174 -0.0259419 0.973211 1.3134 -1.07631 1.8074 -1.26796 -0.920327 
-0.433252 -0.352102 -0.0785498 0.0824917 0.629565 0.0296182 0.975451 1.34395 -1.11379 1.7818 -1.27713 -0.839666 
-0.430149 -0.356494 -0.0477993 0.045506 0.595113 0.0833737 0.986042 1.23803 -0.913371 1.68489 -1.24119 -0.581186 
-0.427029 -0.36091 -0.0168803 0.00831761 0.560472 0.137424 1.0026 1.1162 -0.682851 1.53551 -1.21811 -0.243671 
-0.423866 -0.365388 0.0144729 -0.029393 0.525344 0.192233 0.989055 1.24387 -0.852442 1.6725 -1.29618 -0.515922 
-0.42098 -0.369472 0.043072 -0.0637911 0.493303 0.242227 0.971769 1.35605 -0.984269 1.7628 -1.39472 -0.732974 
-0.41832 -0.373236 0.0694286 -0.095492 0.463773 0.288302 0.959847 1.36476 -0.933987 1.79414 -1.45856 -0.803978 
-0.41579 -0.376818 0.0945098 -0.125659 0.435673 0.332147 0.956573 1.29958 -0.767521 1.79596 -1.47949 -0.77476 
-0.413335 -0.380293 0.118838 -0.15492 0.408416 0.374675 0.971074 1.17567 -0.534023 1.75958 -1.44806 -0.645983 
-0.41092 -0.38371 0.142765 -0.183699 0.381608 0.416502 1.00416 1.01286 -0.269879 1.66911 -1.38408 -0.427332 
-0.408524 -0.387102 0.166516 -0.212266 0.354998 0.458023 1.05749 0.801645 0.0506806 1.46898 -1.32447 -0.052537 
-0.406108 -0.390522 0.19046 -0.241065 0.328171 0.49988 1.11107 0.586479 0.423234 1.12501 -1.41136 0.519523 
-0.403667 -0.393976 0.214647 -0.270156 0.301073 0.542161 1.04584 0.632929 0.286993 1.37916 -1.28356 0.0950698 
-0.401443 -0.397125 0.236692 -0.296671 0.276374 0.580699 0.964338 0.702496 0.192408 1.55515 -1.28602 -0.208885 
-0.399403 -0.400012 0.256905 -0.320983 0.253728 0.616033 0.880693 0.746213 0.158165 1.63411 -1.32449 -0.383024 
-0.397495 -0.402713 0.27582 -0.343733 0.232536 0.649099 0.79647 0.764253 0.158841 1.65255 -1.36149 -0.482157 
-0.395682 -0.405279 0.293787 -0.365343 0.212406 0.680506 0.716246 0.755083 0.179501 1.63042 -1.37914 -0.530928 
-0.393942 -0.407742 0.311031 -0.386083 0.193086 0.710651 0.641402 0.726319 0.204845 1.58519 -1.37477 -0.553496 
-0.392262 -0.410119 0.327672 -0.4061 0.174441 0.739743 0.579196 0.672025 0.234461 1.52539 -1.33415 -0.551769 
-0.390637 -0.412419 0.343777 -0.42547 0.156398 0.767896 0.524588 0.605668 0.259467 1.46216 -1.2667 -0.543362 
-0.389067 -0.414642 0.359345 -0.444194 0.138956 0.79511 0.477379 0.52708 0.281258 1.4005 -1.16817 -0.529421 
-0.387553 -0.416784 0.374344 -0.462234 0.122151 0.82133 0.432844 0.443641 0.296 1.346 -1.04325 -0.517363 
-0.386103 -0.418836 0.388712 -0.479516 0.106054 0.846447 0.389505 0.349165 0.308109 1.30235 -0.878809 -0.503851 
-0.384726 -0.420786 0.402362 -0.495933 0.0907608 0.870308 0.339613 0.261958 0.304293 1.28198 -0.689726 -0.508714 
-0.383434 -0.422614 0.415165 -0.511332 0.0764166 0.89269 0.281014 0.187548 0.279717 1.31248 -0.475392 -0.556934 
-0.382249 -0.424292 0.426912 -0.525461 0.0632554 0.913225 0.283285 0.214897 0.309754 1.20221 -0.536237 -0.464737 
-0.381092 -0.42593 0.438379 -0.539254 0.0504077 0.933271 0.283027 0.240962 0.337336 1.11422 -0.591361 -0.390369 
-0.379973 -0.427513 0.449464 -0.552586 0.0379886 0.952648 0.281491 0.272414 0.358438 1.04528 -0.65116 -0.334785 
-0.378901 -0.429031 0.460092 -0.56537 0.0260806 0.971228 0.278709 0.309053 0.372893 0.992052 -0.714228 -0.294601 
-0.37788 -0.430476 0.470212 -0.577542 0.0147425 0.988919 0.274627 0.333865 0.393027 0.937497 -0.757992 -0.245437 
-0.37691 -0.431849 0.479821 -0.5891 0.0039761 1.00572 0.270041 0.353838 0.414746 0.883995 -0.794011 -0.193899 
-0.375992 -0.433148 0.488921 -0.600044 -0.00621882 1.02162 0.265078 0.368269 0.439145 0.82862 -0.822683 -0.137477 
-0.375124 -0.434377 0.497522 -0.610389 -0.0158549 1.03666 0.259142 0.367898 0.47422 0.757887 -0.835184 -0.0603096 
-0.374302 -0.43554 0.505666 -0.620185 -0.0249801 1.0509 0.250459 0.352343 0.521009 0.663637 -0.834373 0.0437577 
-0.373521 -0.436646 0.513411 -0.6295 -0.0336567 1.06444 0.235546 0.322086 0.579415 0.534683 -0.82513 0.182907 
-0.364873 -0.448886 0.599115 -0.732582 -0.129679 1.21426 -1.13826 0.265513 -0.106598 -1.07143 -1.38683 0.389359 
-0.378879 -0.517976 0.597354 -0.832475 -0.14104 1.19516 -1.10683 0.363711 -0.268203 -1.26551 -1.17461 0.832923 
-0.393433 -0.589771 0.595523 -0.936278 -0.152846 1.17532 -1.07385 0.462431 -0.374375 -1.45211 -1.07653 1.22855 
-0.379154 -0.566683 0.594379 -0.992021 -0.0977991 1.20157 -1.07676 0.305515 0.0659226 -1.09151 -1.20571 0.665102 
-0.365433 -0.544499 0.59328 -1.04558 -0.0449056 1.22679 -1.05193 0.264067 0.390347 -0.813326 -1.50986 0.162088 
-0.35062 -0.520548 0.592093 -1.10341 0.0121998 1.25402 -1.13805 0.299889 0.478833 -1.00414 -1.44907 0.412859 
-0.335398 -0.495937 0.590874 -1.16283 0.0708808 1.28201 -1.18998 0.423616 0.603901 -1.10023 -1.54315 0.423169 
-0.320273 -0.471481 0.589662 -1.22188 0.129189 1.30981 -1.21358 0.641462 0.734163 -1.13602 -1.73781 0.214921 
-0.23989 -0.457046 0.582055 -1.2836 0.165449 1.31833 -1.15194 0.745774 0.537317 -1.04601 -1.72437 0.271428 
-0.157486 -0.442247 0.574258 -1.34687 0.202621 1.32707 -1.08383 0.857222 0.404141 -0.885393 -1.83035 0.175323 
0.158521 -0.0931813 -0.186321 -0.774653 0.998922 0.79143 -1.13567 0.883392 0.401293 -0.85869 -1.96152 0.216662 
0.244835 -0.0967945 -0.255753 -0.753393 0.98097 0.758405 -1.19886 1.04379 -0.0859946 -1.01274 -1.77443 0.592063 
0.330239 -0.10037 -0.324453 -0.732356 0.963207 0.725729 -1.21606 1.35291 -0.765928 -1.06769 -1.66879 0.95975 
0.836938 -0.00905843 -0.357472 -1.27534 1.20018 0.972529 -1.28319 1.42064 -0.74237 -1.05538 -1.67412 1.05342 
1.07669 0.130472 -0.362449 -1.56434 1.21352 0.971783 -1.3492 1.48724 -0.719204 -1.04327 -1.67937 1.14553 
1.12003 0.264094 -0.412695 -1.68239 0.993256 0.817625 -1.41605 1.55469 -0.695741 -1.031 -1.68468 1.23882 
1.18997 0.232516 -0.432697 -1.7491 1.07014 0.839641 -1.46173 1.12799 -0.119094 -0.911339 -1.75138 0.826253 
1.26144 0.200245 -0.453138 -1.81726 1.14871 0.862139 -1.47096 0.804368 0.214574 -0.755218 -1.80317 0.489036 
1.33416 0.167408 -0.473937 -1.88662 1.22865 0.885031 -1.44198 0.540296 0.412044 -0.597578 -1.8509 0.169693 
1.40768 0.134213 -0.494963 -1.95674 1.30947 0.908174 -1.5219 0.388256 0.23403 -0.930697 -1.54185 0.732416 
1.48137 0.100939 -0.516039 -2.02703 1.39048 0.931371 -1.53181 0.34764 0.0161881 -1.19768 -1.46119 1.21935 
1.55537 0.0675276 -0.537203 -2.0976 1.47183 0.954664 -1.5066 0.313567 -0.127771 -1.34986 -1.4748 1.53717 
1.62999 0.0338341 -0.558545 -2.16877 1.55386 0.978154 -1.4642 0.256057 -0.185321 -1.42813 -1.49894 1.71668 
1.58487 0.108228 -0.595849 -2.17187 1.57805 0.997966 -1.47417 0.0474986 0.180826 -1.41583 -1.53533 1.68403 
1.53793 0.185614 -0.634653 -2.17509 1.6032 1.01858 -1.46624 -0.168594 0.518555 -1.37609 -1.53265 1.63323 
1.4888 0.266609 -0.675267 -2.17846 1.62953 1.04014 -1.42195 -0.417764 0.836112 -1.29424 -1.46862 1.56401 
1.4363 0.353162 -0.718669 -2.18206 1.65766 1.0632 -1.27111 -0.734906 1.12804 -1.15458 -1.27296 1.50137 
1.54405 0.372935 -0.720718 -2.19599 1.71315 1.15471 -1.29422 -0.18147 0.82939 -1.15821 -1.47568 1.17167 
1.65524 0.393339 -0.722833 -2.21036 1.77041 1.24916 -1.2715 0.244448 0.413207 -1.18528 -1.53322 1.03313 
1.70122 -0.0206058 -0.17423 -2.16144 1.61819 1.25877 -1.22603 0.272203 0.462745 -1.15346 -1.5857 1.11371 
1.70936 -0.362098 0.0755086 -2.05859 1.30372 1.09069 -1.17867 0.301115 0.514345 -1.12032 -1.64037 1.19765 
1.4117 -0.583668 0.0294579 -1.56597 0.72334 0.6624 -1.12667 0.332861 0.571004 -1.08394 -1.70039 1.28982 
1.58846 -0.456137 -0.046029 -1.54123 0.889328 0.513672 -1.07424 0.364868 0.628129 -1.04725 -1.76091 1.38275 
1.68563 -0.406272 -0.0022243 -1.51205 0.979935 0.431044 -1.02135 0.397156 0.685756 -1.01024 -1.82196 1.4765 
1.76596 -0.436808 0.128618 -1.45957 1.04005 0.349883 -0.968057 0.429693 0.743828 -0.97294 -1.88348 1.57097 
1.85446 -0.529425 0.297461 -1.3748 1.10173 0.236492 -0.914457 0.462415 0.802228 -0.935432 -1.94535 1.66597 
1.68338 0.0317671 0.0331062 -1.43334 1.03917 0.398018 -1.00507 0.518638 0.789125 -0.872588 -1.94991 1.7426 
1.58766 0.595327 -0.550413 -1.31356 1.08194 0.208081 -1.08583 0.568752 0.777445 -0.816572 -1.95397 1.81091 
1.56571 0.69702 -0.632494 -1.35386 1.09736 0.144546 -1.22748 0.244826 0.820288 -0.909796 -1.70153 2.02417 
1.59774 0.795398 -0.684695 -1.48955 1.16164 0.126586 -1.29361 -0.0223617 0.52626 -1.13847 -1.29193 2.46503 
1.62949 0.892875 -0.736419 -1.62401 1.22534 0.108789 -1.27031 0.123383 -0.125899 -1.56464 -1.10961 2.96952 
1.64391 0.96984 -0.740139 -1.60579 1.23259 0.171025 -1.31848 0.272681 -0.137717 -1.56383 -1.19574 2.68232 
1.65894 1.05004 -0.744015 -1.58681 1.24016 0.235872 -1.34696 0.428573 -0.183365 -1.61629 -1.23312 2.38797 
1.67462 1.13368 -0.748057 -1.56701 1.24804 0.303506 -1.35789 0.569469 -0.240058 -1.70273 -1.2052 2.08101 
1.69102 1.22123 -0.752289 -1.54629 1.2563 0.374303 -1.34834 0.666933 -0.263926 -1.7979 -1.09184 1.74977 
1.70835 1.31369 -0.756757 -1.5244 1.26502 0.449067 -1.30899 0.694285 -0.199388 -1.85309 -0.865525 1.36427 
1.72644 1.41019 -0.761421 -1.50156 1.27412 0.527096 -1.32927 0.839489 -0.00618134 -1.49544 -1.0066 1.05231 
1.74474 1.50785 -0.766141 -1.47845 1.28333 0.606067 -1.3245 1.07523 0.0581972 -1.28582 -1.24738 0.910527 
1.76302 1.60536 -0.770853 -1.45537 1.29253 0.684915 -1.29075 1.34372 0.0343847 -1.16136 -1.495 0.870363 
1.90901 1.62213 -0.809782 -1.53552 1.32772 0.765557 -1.23932 1.67231 -1.07254 -1.53358 -1.16687 1.39029 
1.89562 1.04075 -0.271153 -1.35883 1.14666 0.607507 -1.23711 1.66501 -1.05894 -1.51001 -1.16706 1.34122 
1.82662 0.706972 -0.188718 -1.0797 1.05725 0.204485 -1.2347 1.657 -1.04403 -1.48416 -1.16727 1.28741 
1.83064 0.871552 -0.311169 -1.22314 1.08139 0.482684 -1.23227 1.64896 -1.02906 -1.45821 -1.16748 1.2334 
1.81756 1.08911 -0.57745 -1.30957 1.14121 0.648828 -1.22982 1.64084 -1.01394 -1.43202 -1.16769 1.17886 
1.79259 1.44111 -1.1667 -1.30668 1.23106 0.592982 -1.22734 1.63262 -0.998627 -1.40547 -1.1679 1.1236 
1.80203 0.959395 -0.444546 -1.4074 1.12638 0.96733 -1.20213 1.64843 -0.974968 -1.36747 -1.27808 1.07999 
1.78662 0.645742 -0.135038 -1.40351 1.04495 1.06974 -1.1761 1.66475 -0.950537 -1.32824 -1.39186 1.03497 
1.72914 0.370373 0.0161831 -1.30332 0.945415 1.0005 -1.14907 1.6817 -0.925163 -1.28749 -1.51003 0.988209 
1.59766 0.154141 0.00592604 -1.0232 0.844352 0.698204 -1.12088 1.69938 -0.898706 -1.24501 -1.63323 0.939454 
1.37098 0.100287 -0.216352 -0.546101 0.857933 0.205985 -1.09215 1.71739 -0.871746 -1.20171 -1.75879 0.889769 
1.35594 0.120229 -0.171503 -0.553856 0.841953 0.178335 -1.10697 1.54143 -0.522866 -1.25942 -1.78601 0.799411 
1.34005 0.141283 -0.124154 -0.562043 0.825083 0.149144 -1.12654 1.42036 -0.285273 -1.30718 -1.77164 0.741688 
1.32324 0.163558 -0.0740567 -0.570705 0.807233 0.118258 -1.15384 1.31343 -0.0905632 -1.34776 -1.71778 0.681312 
1.30539 0.187221 -0.0208402 -0.579906 0.788271 0.0854494 -1.18801 1.20853 0.0770975 -1.38067 -1.62587 0.614297 
1.28639 0.212402 0.0357912 -0.589698 0.768093 0.0505353 -1.22333 1.10547 0.217958 -1.40663 -1.507 0.548829 
1.26601 0.239411 0.0965332 -0.6002 0.74645 0.0130871 -1.25569 0.985222 0.350108 -1.41348 -1.34224 0.458066 
1.24397 0.268629 0.162244 -0.611562 0.723037 -0.0274249 -1.26978 0.846189 0.476823 -1.38111 -1.13592 0.326638 
1.22085 0.299429 0.089647 -0.610159 0.737969 -0.00774111 -1.24717 0.878494 0.471043 -1.45021 -1.29586 0.533911 
1.19776 0.3302 0.0171175 -0.608756 0.752887 0.0119242 -1.19331 0.903582 0.48984 -1.45035 -1.46794 0.682483 
1.17483 0.360751 -0.0548943 -0.607364 0.767699 0.0314492 -1.10452 0.916768 0.525435 -1.39575 -1.64631 0.796114 
1.15203 0.391137 -0.126518 -0.60598 0.782431 0.0508689 -0.989157 0.903733 0.569552 -1.29646 -1.80306 0.886681 
1.12935 0.421352 -0.197737 -0.604603 0.79708 0.070179 -0.851867 0.875016 0.602273 -1.15722 -1.94203 0.979253 
1.10667 0.451577 -0.268982 -0.603225 0.811734 0.0894961 -0.712244 0.8329 0.61251 -0.991594 -2.03725 1.07611 
1.08375 0.482116 -0.340964 -0.601834 0.82654 0.109013 -0.585966 0.788688 0.593398 -0.82259 -2.07949 1.1673 
1.06014 0.513573 -0.415111 -0.6004 0.841791 0.129117 -0.496669 0.748739 0.551742 -0.696635 -2.05267 1.21756 
1.03546 0.546461 -0.492631 -0.598902 0.857736 0.150135 -0.439019 0.718977 0.494855 -0.618471 -1.98097 1.22766 
1.00928 0.581348 -0.574862 -0.597312 0.874649 0.172431 -0.415945 0.690923 0.440258 -0.592449 -1.86371 1.19831 
0.924923 0.395804 -0.0905579 -0.630491 0.679088 0.0636753 -0.328633 0.724554 0.516678 -0.528596 -1.95645 1.28436 
0.891114 0.423992 -0.154342 -0.630606 0.686777 0.0822461 -0.372223 0.632652 0.539464 -0.591843 -1.73264 1.21203 
0.853718 0.455169 -0.224892 -0.630733 0.695282 0.102787 -0.432304 0.4763 0.593991 -0.677274 -1.41433 1.16269 
0.816178 0.486467 -0.295713 -0.630861 0.70382 0.123406 -0.307922 0.561208 0.450281 -0.495546 -1.56536 1.22201 
0.777941 0.518347 -0.367849 -0.630991 0.712516 0.144409 -0.210922 0.628179 0.272052 -0.343099 -1.63361 1.26754 
0.738469 0.551255 -0.442315 -0.631125 0.721493 0.166089 -0.144249 0.692279 0.0688097 -0.229397 -1.64132 1.28499 
0.697314 0.585567 -0.519956 -0.631264 0.730853 0.188695 -0.103462 0.762772 -0.152435 -0.155296 -1.60492 1.27384 
0.654134 0.621567 -0.601418 -0.631411 0.740673 0.212413 -0.0829179 0.843386 -0.386068 -0.116205 -1.53247 1.24065 
0.608702 0.659445 -0.687128 -0.631565 0.751005 0.237367 -0.0778346 0.933045 -0.62546 -0.105738 -1.42669 1.19414 
0.445957 0.356827 0.00292495 -0.878806 0.277931 0.322245 0.0256184 0.978849 -0.607378 -0.0173368 -1.49421 1.27815 
0.365809 0.305744 0.0719605 -0.927122 0.300012 0.226385 0.178774 0.902243 -0.521704 0.17655 -1.47273 1.15826 
0.283481 0.253272 0.142874 -0.976753 0.322693 0.127917 0.328287 0.89203 -0.558156 0.369921 -1.42529 1.02604 
0.19944 0.199708 0.215263 -1.02742 0.345847 0.0273997 0.467097 0.929621 -0.67572 0.557725 -1.36105 0.876705 
0.114259 0.145418 0.288633 -1.07877 0.369314 -0.0744794 0.592395 1.01783 -0.880834 0.746765 -1.27704 0.698683 
0.0759832 0.181795 0.336537 -1.06556 0.295043 0.0506769 0.682056 1.02263 -0.580215 0.725767 -1.3926 0.635052 
0.259556 0.143143 0.186338 -0.671311 0.712694 -0.192692 0.62775 1.06823 -0.602215 0.72745 -1.35974 0.527007 
0.37325 0.129798 0.169325 -0.667623 0.756838 -0.198854 0.625219 0.659655 0.0364793 0.75298 -1.23621 0.586899 
0.29554 0.163629 0.158834 -0.726599 0.52282 -0.107999 0.670773 0.621246 0.101139 0.73661 -1.295 0.515349 
0.232259 0.240864 0.0513786 -0.684638 0.39199 -0.106396 0.718813 0.580739 0.169328 0.719347 -1.357 0.439894 
0.180116 0.34668 -0.144044 -0.461231 0.37574 -0.281986 0.769445 0.538047 0.241197 0.701152 -1.42235 0.360367 
0.137531 0.494254 -0.430233 -0.221816 0.462766 -0.467702 0.821452 0.494196 0.315017 0.682463 -1.48947 0.278681 
0.289127 0.854928 -0.967926 -0.554562 0.778744 -0.176774 0.772633 0.465057 0.320624 0.742265 -1.5713 0.286393 
0.273848 0.842289 -0.962158 -0.504008 0.772021 -0.183724 0.773913 0.498348 0.348706 0.717773 -1.59916 0.253632 
0.257975 0.829157 -0.956165 -0.451485 0.765036 -0.190945 0.780167 0.516933 0.395521 0.7136 -1.61047 0.207459 
0.241605 0.815615 -0.949984 -0.397321 0.757834 -0.198391 0.79693 0.513081 0.466834 0.745342 -1.59672 0.139407 
0.224774 0.801692 -0.94363 -0.341632 0.750428 -0.206047 0.818415 0.500959 0.540431 0.797665 -1.57207 0.0581255 
0.207564 0.787455 -0.937133 -0.284689 0.742856 -0.213875 0.85175 0.473051 0.617279 0.889508 -1.52927 -0.0503248 
0.190025 0.772946 -0.930511 -0.226656 0.735138 -0.221853 0.894228 0.437999 0.682754 1.01525 -1.48075 -0.186027 
0.172203 0.758202 -0.923782 -0.167687 0.727296 -0.22996 0.945608 0.400042 0.728746 1.179 -1.4374 -0.355765 
0.154125 0.743247 -0.916957 -0.107871 0.719342 -0.238184 1.00224 0.36759 0.746547 1.37851 -1.4173 -0.560782 
0.135775 0.728067 -0.910029 -0.047156 0.711268 -0.246531 1.05647 0.35265 0.729029 1.59958 -1.4408 -0.79011 
0.117063 0.712588 -0.902964 0.014757 0.703035 -0.255042 1.09571 0.366391 0.680757 1.80272 -1.51425 -1.00811 
0.0967317 0.695768 -0.895288 0.0820294 0.694089 -0.264291 0.943745 0.500179 0.854384 1.28621 -1.52737 -0.517868 
0.0747994 0.677624 -0.887008 0.154598 0.684438 -0.274267 0.778211 0.653226 0.896407 0.946142 -1.68274 -0.278463 
0.0516501 0.658474 -0.878268 0.231194 0.674252 -0.284798 0.666896 0.740449 0.930788 0.804669 -1.79607 -0.218305 
0.0914305 0.630751 -0.880806 0.16163 0.7304 -0.359417 0.728873 0.643087 0.951833 0.883245 -1.72534 -0.148678 
0.132609 0.602053 -0.883434 0.0896224 0.788521 -0.436658 0.847972 0.489995 0.962632 1.099 -1.6006 -0.19074 
0.174976 0.572527 -0.886137 0.0155352 0.848319 -0.51613 0.979018 0.32443 0.910349 1.40656 -1.50706 -0.380217 
0.218079 0.542488 -0.888887 -0.0598382 0.909156 -0.596981 1.07652 0.221878 0.749741 1.74342 -1.54754 -0.666646 
0.26157 0.512179 -0.891663 -0.13589 0.970541 -0.67856 1.11139 0.222137 0.487845 1.99897 -1.71614 -0.933584 
0.305252 0.481736 -0.89445 -0.212277 1.0322 -0.760498 1.09847 0.29772 0.164458 2.14044 -1.93414 -1.1535 
0.350514 0.450193 -0.897338 -0.291426 1.09608 -0.845399 1.1022 0.0481877 0.275782 1.99837 -1.63892 -1.05477 
0.397437 0.417492 -0.900332 -0.373479 1.16231 -0.933415 1.04093 -0.111001 0.310419 1.8618 -1.32396 -0.912732 
0.446158 0.383538 -0.903441 -0.458676 1.23107 -1.0248 0.931982 -0.163139 0.261006 1.71573 -1.0118 -0.692212 
0.496741 0.348286 -0.906668 -0.547131 1.30247 -1.11969 0.816697 -0.111007 0.116826 1.52294 -0.768712 -0.364758 
0.548991 0.311872 -0.910003 -0.638501 1.37622 -1.2177 0.726151 0.0305926 -0.14072 1.30728 -0.644391 0.0150995 
0.602418 0.274639 -0.913412 -0.731927 1.45163 -1.31791 0.662921 0.2629 -0.562874 1.2321 -0.600529 0.243113 
0.584329 0.127261 -0.547125 -0.782446 1.125 -0.859612 0.677223 0.326559 -0.524373 1.18538 -0.618744 0.175639 
0.503451 -0.0199153 -0.45032 -0.651043 1.20276 -1.23407 0.688661 0.276041 -0.492876 1.19612 -0.587182 0.259663 
0.708051 0.0213133 -0.295419 -0.95336 1.12736 -0.654193 0.60192 0.376314 -0.542331 1.15327 -0.587744 0.269829 
0.848027 0.181364 -0.300555 -1.21986 1.16444 -0.146647 0.503249 0.464844 -0.566583 1.11088 -0.570005 0.279855 
0.829848 0.215027 -0.272107 -1.21209 1.14227 0.00811405 0.498173 0.501177 -0.393655 0.716095 -0.762277 0.676657 
0.811632 0.248761 -0.243599 -1.20431 1.12005 0.163198 0.486399 0.596063 -0.318862 0.510781 -0.973523 0.865269 
0.833049 0.263364 -0.242368 -1.22769 1.11897 0.143072 0.456871 0.551881 -0.339632 0.457064 -0.96553 1.01625 
0.849033 0.254202 -0.232429 -1.22859 1.10913 0.100186 0.427016 0.50721 -0.360632 0.402753 -0.957448 1.16889 
0.860069 0.222388 -0.224275 -1.19439 1.10156 0.0136779 0.396814 0.462019 -0.381876 0.34781 -0.949272 1.32332 
0.863348 0.178898 -0.233433 -1.12548 1.10395 -0.119263 0.36627 0.416317 -0.40336 0.292246 -0.941004 1.47949 
0.8541 0.137643 -0.276818 -1.0259 1.12551 -0.297736 0.335424 0.370162 -0.425058 0.236131 -0.932653 1.6372 
0.825823 0.115638 -0.372628 -0.904182 1.17544 -0.515854 0.304349 0.323666 -0.446915 0.1796 -0.924241 1.79609 
0.771078 0.134747 -0.545238 -0.770946 1.26306 -0.765931 0.273163 0.277003 -0.468851 0.122868 -0.915799 1.95554 
0.683075 0.0371367 -0.444099 -0.595606 1.05499 -0.799742 0.241447 0.229546 -0.491161 0.0651699 -0.907213 2.11771 
0.529427 0.00101374 -0.490614 -0.266557 0.991708 -1.02854 0.209548 0.181818 -0.513598 0.0071412 -0.898578 2.2808 
0.546967 0.425023 -1.19577 -0.202339 1.23838 -0.984761 0.153568 0.0950605 -0.493655 -0.0730091 -0.868832 2.33857 
0.588961 0.321348 -1.03931 -0.20173 1.17842 -0.916741 0.0665862 0.142748 -0.541574 -0.141968 -0.893183 2.44949 
0.593676 0.243873 -0.950523 -0.171084 1.18157 -0.936547 -0.0221905 0.191419 -0.590481 -0.212349 -0.918035 2.5627 
0.567787 0.167174 -0.862785 -0.121506 1.19405 -1.01404 -0.112692 0.241035 -0.640339 -0.284098 -0.943371 2.67811 
0.507576 0.103146 -0.790295 -0.0599196 1.21835 -1.15283 -0.20475 0.291505 -0.691054 -0.357081 -0.969142 2.79551 
0.487383 0.114408 -0.789351 0.000614038 1.21369 -1.1014 -0.319311 0.237322 -0.462397 -0.552402 -1.26755 2.77931 
0.467097 0.125723 -0.788402 0.0614306 1.20902 -1.04973 -0.43795 0.268764 -0.390131 -0.749891 -1.51215 2.69617 
0.446874 0.137002 -0.787457 0.122055 1.20436 -0.998224 -0.555846 0.359963 -0.445159 -0.971286 -1.69952 2.56491 
0.426738 0.148233 -0.786516 0.182418 1.19971 -0.94694 -0.653828 0.483506 -0.603895 -1.18788 -1.8117 2.41785 
0.406801 0.159353 -0.785584 0.242186 1.19512 -0.896163 -0.73236 0.639075 -0.87046 -1.38296 -1.86563 2.29902 
0.384978 0.171525 -0.784563 0.307611 1.19009 -0.840579 -0.685399 0.492998 -0.527608 -1.35256 -1.89202 2.04866 
0.361655 0.184533 -0.783473 0.377528 1.18471 -0.781178 -0.645749 0.431732 -0.328218 -1.34214 -1.93 1.8322 
0.337061 0.19825 -0.782323 0.451257 1.17904 -0.71854 -0.608123 0.413326 -0.188252 -1.34944 -1.97842 1.62099 
0.311537 0.212486 -0.78113 0.527773 1.17316 -0.653533 -0.586258 0.438497 -0.114017 -1.39953 -2.02339 1.40281 
0.285393 0.227068 -0.779907 0.606148 1.16714 -0.586948 -0.58279 0.499882 -0.101328 -1.48699 -2.04898 1.17986 
0.258878 0.241857 -0.778668 0.685638 1.16103 -0.519415 -0.602621 0.590361 -0.156611 -1.60027 -2.03637 0.961522 
0.232108 0.256788 -0.777416 0.76589 1.15486 -0.451235 -0.64158 0.69667 -0.275016 -1.71159 -1.98122 0.763514 
0.237616 -0.0134086 -0.13832 0.989052 0.913592 -0.992977 -0.730234 0.752625 -0.294718 -1.82661 -2.04552 0.761688 
0.211274 -0.0103179 -0.109321 1.07843 0.896987 -0.948806 -0.778444 0.773603 -0.350058 -1.92408 -1.85174 0.528341 
0.184079 -0.00712708 -0.0793832 1.1707 0.879845 -0.903205 -0.836895 0.710517 -0.311516 -1.96717 -1.58383 0.258039 
0.155618 -0.00378763 -0.0480507 1.26727 0.861904 -0.85548 -0.891544 0.53991 -0.109159 -1.88591 -1.25171 -0.119202 

