53
-1.83242 0.711982 1.25038 2.4364 -2.71337 1.44979 -0.665966 2.28473 0.524798 -2.34072 -0.136325 -2.52256 -1.71599 -0.486771 
-1.84738 0.679987 1.26559 2.35938 -2.56713 1.43071 -0.704148 2.44421 0.694842 -2.16734 -0.377918 -2.21864 -1.88654 -0.354107 
-2.03112 0.624961 1.23583 2.48216 -2.56769 1.5155 -0.627325 2.44155 0.712318 -2.03533 -0.391336 -2.07577 -1.87031 -0.350808 
-2.18656 0.542993 1.19009 2.60132 -2.59062 1.61601 -0.569133 2.43891 0.729676 -1.90423 -0.404663 -1.93388 -1.85419 -0.347531 
-2.17357 0.555657 1.18654 2.41144 -2.58114 1.53833 -0.670345 2.38046 0.733315 -1.84432 -0.425011 -1.83319 -1.76814 -0.418733 
-2.07973 0.649832 1.3009 2.21393 -2.47755 1.51447 -0.711332 2.3221 0.736948 -1.78451 -0.445328 -1.73265 -1.68223 -0.489825 
-1.717 0.818616 1.80136 2.1005 -2.1634 1.65567 -0.556334 2.2638 0.740577 -1.72476 -0.465621 -1.63223 -1.59642 -0.560837 
-1.55806 0.582159 1.53022 1.85795 -2.30099 1.54086 -0.816597 1.82186 0.770053 1.39524 -1.28461 1.29049 -1.59848 0.0934384 
-1.54316 0.572439 1.51972 1.83165 -2.30761 1.52574 -0.842812 1.94941 0.762631 1.47449 -1.35121 1.36179 -1.57907 0.032998 
-1.53129 0.568243 1.52964 1.81106 -2.29748 1.52944 -0.848221 1.91297 0.757467 1.50707 -1.21678 1.38924 -1.57761 0.0718958 
-1.51907 0.56392 1.53985 1.78985 -2.28705 1.53326 -0.853795 1.89233 0.757353 1.54386 -1.11731 1.42521 -1.56925 0.0925013 
-1.50648 0.559472 1.55036 1.76802 -2.27632 1.53719 -0.85953 1.87099 0.761918 1.57998 -1.02577 1.46364 -1.55762 0.10849 
-1.49354 0.554897 1.56117 1.74557 -2.26528 1.54123 -0.865428 1.84884 0.770168 1.61466 -0.940069 1.50342 -1.54485 0.122857 
-1.48025 0.550197 1.57228 1.72251 -2.25394 1.54539 -0.871488 1.82205 0.783584 1.64759 -0.855246 1.54455 -1.52977 0.135227 
-1.46659 0.54537 1.58368 1.69882 -2.24229 1.54965 -0.877712 1.79081 0.802718 1.67888 -0.771776 1.58745 -1.51271 0.144905 
-1.45258 0.540416 1.59539 1.67452 -2.23034 1.55403 -0.884099 1.75639 0.826618 1.70782 -0.68984 1.63127 -1.49503 0.153894 
-1.43821 0.535336 1.60739 1.64959 -2.21808 1.55852 -0.890649 1.71715 0.857446 1.73476 -0.609307 1.67729 -1.47599 0.159485 
-1.42348 0.530129 1.61969 1.62404 -2.20552 1.56312 -0.897361 1.67297 0.896164 1.75939 -0.530928 1.72594 -1.45629 0.16113 
-1.4084 0.524797 1.6323 1.59787 -2.19265 1.56783 -0.904237 1.62441 0.941745 1.78038 -0.453922 1.77569 -1.43705 0.161492 
-1.39296 0.519338 1.64519 1.57109 -2.17948 1.57265 -0.911275 1.56972 0.997309 1.7976 -0.37994 1.82829 -1.4186 0.15752 
-1.37716 0.513754 1.65839 1.54369 -2.166 1.57759 -0.918474 1.50761 1.06446 1.80961 -0.309917 1.88368 -1.40226 0.149327 
-1.36101 0.508042 1.67189 1.51566 -2.15222 1.58263 -0.925839 1.43663 1.14224 1.81346 -0.242632 1.93892 -1.38912 0.140509 
-1.34447 0.502197 1.6857 1.48698 -2.13811 1.5878 -0.933375 1.35231 1.23218 1.80519 -0.178925 1.99237 -1.38033 0.132054 
-1.32754 0.496212 1.69984 1.45761 -2.12367 1.59309 -0.941092 1.24242 1.33944 1.77506 -0.123859 2.0441 -1.37842 0.122875 
-1.31015 0.490064 1.71437 1.42744 -2.10884 1.59852 -0.949018 1.06764 1.45554 1.67672 -0.0865016 2.10274 -1.37902 0.111443 
-1.29226 0.48374 1.72931 1.39641 -2.09358 1.60411 -0.957172 0.768579 1.48445 1.37805 -0.0745818 2.26822 -1.32836 0.0613309 
-1.27414 0.477334 1.74445 1.36498 -2.07812 1.60977 -0.965431 0.537727 1.41401 1.06314 -0.0368118 2.56637 -1.23569 -0.0576163 
-1.25534 0.470688 1.76015 1.33237 -2.06208 1.61564 -0.974 0.722148 1.32749 1.23584 -0.0345181 2.47807 -1.2721 -0.021335 
-1.23587 0.463802 1.77642 1.29858 -2.04547 1.62172 -0.982878 0.841365 1.21729 1.31295 -0.0427059 2.43975 -1.29425 -0.0154159 
-1.21566 0.456659 1.7933 1.26353 -2.02823 1.62803 -0.992088 0.915817 1.11034 1.33726 -0.055962 2.40953 -1.3111 -0.0175922 
-1.19468 0.449243 1.81082 1.22714 -2.01034 1.63459 -1.00165 0.963377 1.01486 1.33088 -0.0727097 2.38327 -1.3248 -0.0256896 
-1.1729 0.441541 1.82902 1.18935 -1.99175 1.64139 -1.01158 0.995769 0.930139 1.30622 -0.0901311 2.35996 -1.33453 -0.0381801 
-1.15026 0.433539 1.84793 1.15008 -1.97244 1.64846 -1.0219 1.02026 0.851971 1.27054 -0.103936 2.337 -1.33833 -0.0511606 
-1.12674 0.425225 1.86758 1.10929 -1.95238 1.65581 -1.03262 1.03981 0.779227 1.22706 -0.113841 2.31474 -1.33631 -0.0632799 
-1.10231 0.416588 1.88798 1.06691 -1.93154 1.66344 -1.04375 1.0554 0.713337 1.17754 -0.122565 2.29572 -1.33027 -0.0764004 
-1.07695 0.40762 1.90918 1.0229 -1.9099 1.67136 -1.05531 1.0686 0.653117 1.12397 -0.129874 2.27967 -1.32056 -0.0898169 
-1.05061 0.39831 1.93117 0.977217 -1.88743 1.67959 -1.06732 1.08152 0.595349 1.06806 -0.133433 2.26431 -1.30659 -0.099702 
-1.02329 0.388651 1.954 0.929818 -1.86412 1.68813 -1.07977 1.09376 0.541517 1.01047 -0.135486 2.2514 -1.29003 -0.108522 
-0.994952 0.378634 1.97767 0.880666 -1.83995 1.69698 -1.09269 1.10575 0.490697 0.952027 -0.135606 2.24043 -1.2712 -0.115719 
-0.965581 0.368251 2.0022 0.829717 -1.8149 1.70615 -1.10607 1.11918 0.44024 0.893439 -0.132186 2.22951 -1.25014 -0.117531 
-0.935156 0.357495 2.02762 0.776939 -1.78894 1.71565 -1.11994 1.13302 0.391305 0.835027 -0.126435 2.21969 -1.22781 -0.116595 
-0.903658 0.346359 2.05393 0.722298 -1.76207 1.72549 -1.1343 1.14744 0.342964 0.777155 -0.117798 2.21035 -1.20442 -0.112305 
-0.871063 0.334836 2.08116 0.665756 -1.73427 1.73567 -1.14916 1.16438 0.293219 0.719884 -0.105897 2.20022 -1.18094 -0.101143 
-0.837354 0.322919 2.10932 0.607281 -1.70551 1.7462 -1.16452 1.18247 0.242823 0.663373 -0.0911163 2.18968 -1.15762 -0.0855749 
-0.802512 0.310602 2.13842 0.54684 -1.67579 1.75709 -1.1804 1.20199 0.19109 0.607565 -0.0734194 2.17812 -1.13491 -0.0649591 
-0.766517 0.297877 2.16849 0.4844 -1.64509 1.76833 -1.19681 1.22327 0.137548 0.552219 -0.0531572 2.16498 -1.11353 -0.038643 
-0.729345 0.284735 2.19954 0.419917 -1.61337 1.77994 -1.21375 1.24859 0.0820569 0.496464 -0.0328574 2.15036 -1.09681 -0.00421549 
-0.690972 0.27117 2.2316 0.353351 -1.58064 1.79193 -1.23124 1.27628 0.0254749 0.439944 -0.013115 2.13406 -1.08481 0.0362232 
-0.651372 0.25717 2.26468 0.284657 -1.54686 1.8043 -1.24929 1.30652 -0.0313117 0.381651 0.00365904 2.1162 -1.07965 0.0827073 
-0.610513 0.242726 2.29881 0.21378 -1.512 1.81706 -1.26791 1.34078 -0.0858621 0.31987 0.0114274 2.09887 -1.08745 0.135175 
-0.568363 0.227825 2.33402 0.140661 -1.47605 1.83023 -1.28713 1.3753 -0.136734 0.253472 0.00949754 2.08076 -1.10571 0.191091 
-0.524883 0.212454 2.37034 0.0652366 -1.43896 1.84381 -1.30695 1.41147 -0.178176 0.179664 -0.0147256 2.06704 -1.14561 0.248338 
-0.744613 0.475527 2.25127 0.26767 -1.33456 1.87308 -1.11176 1.38322 -0.200921 0.261213 -0.0107912 2.21554 -1.12716 0.272123 
