466
-0.537639 -0.310325 0.324254 -1.84238 -0.56828 1.92033 -2.15098 -1.69996 -0.0119049 0.91698 0.855742 2.33383 
-0.663844 -0.0906001 0.236798 -1.76498 -0.628263 1.38689 -2.09373 -1.62726 -0.0603142 0.843198 0.862481 2.2761 
-0.666412 0.120999 0.112743 -1.68157 -0.475658 0.908363 -2.03638 -1.55442 -0.108809 0.769286 0.869232 2.21827 
-0.702013 0.458627 -0.209414 -1.59023 -0.397339 0.484522 -1.95778 -1.55882 -0.0457097 0.770025 0.804903 2.16014 
-0.653795 0.827154 -0.625807 -1.26184 -0.210132 -0.0713373 -1.88048 -1.56314 0.0163435 0.770752 0.74164 2.10296 
-0.630975 0.840114 -0.62179 -1.2389 -0.118771 -0.0811482 -2.05356 -1.49555 -0.0244946 1.29529 0.468237 1.85183 
-0.597758 0.875171 -0.626595 -1.28582 0.0293154 -0.0760731 -2.17546 -1.53492 -0.0675657 1.4823 0.288196 1.93748 
-0.233399 1.08655 -0.899271 -1.3942 0.86393 0.164328 -2.20017 -1.54603 -0.0654922 1.39071 0.243021 1.82567 
-0.326606 0.784704 -0.665064 -1.18579 0.59367 -0.0871745 -2.09192 -1.44734 -0.0780488 1.3101 0.215679 1.7536 
-0.332046 0.66022 -0.806712 -0.59029 0.69181 -0.617135 -2.02047 -1.36565 -0.081992 1.21881 0.176724 1.68466 
-0.241267 0.62207 -0.790329 -0.512597 0.601609 -0.689939 -1.92561 -1.39266 0.268666 1.45119 0.282492 1.33766 
-0.149815 0.583637 -0.773824 -0.434328 0.510739 -0.763283 -1.81896 -1.24608 0.351198 1.1758 0.424754 1.50652 
-0.0592365 0.545571 -0.757477 -0.356807 0.420737 -0.835926 -1.67961 -0.964091 0.178705 0.77273 0.631969 1.82732 
0.0148403 0.443773 -0.652022 -0.083806 0.419528 -0.691424 -1.59643 -0.949718 0.183232 0.814801 0.585447 1.79385 
0.160918 0.37706 -0.586633 -0.187811 0.361486 -0.178757 -1.51398 -0.93547 0.187719 0.856507 0.539328 1.76068 
0.127364 0.419615 -0.655485 -0.230883 0.425418 -0.309376 -1.51457 -0.91165 0.178434 0.811009 0.488846 1.72699 
0.0920498 0.465102 -0.739446 -0.282413 0.490918 -0.443001 -1.51514 -0.888394 0.16937 0.76659 0.439562 1.6941 
0.0772791 0.510232 -0.815122 -0.387601 0.537763 -0.504329 -1.5157 -0.865715 0.16053 0.72327 0.391497 1.66203 
0.0699495 0.552186 -0.882308 -0.507908 0.572955 -0.54323 -1.51625 -0.843713 0.151955 0.681245 0.344869 1.63091 
0.0694697 0.588006 -0.932851 -0.645231 0.596004 -0.554504 -1.51677 -0.822419 0.143655 0.640572 0.299741 1.6008 
0.0752856 0.615108 -0.959074 -0.804594 0.609133 -0.529154 -1.51728 -0.801872 0.135647 0.601326 0.256196 1.57174 
0.0867147 0.634114 -0.959167 -0.989002 0.619803 -0.460407 -1.51777 -0.782131 0.127952 0.56362 0.21436 1.54383 
0.10288 0.651041 -0.941473 -1.19138 0.640152 -0.353013 -1.51823 -0.763283 0.120606 0.527619 0.174416 1.51717 
0.1123 0.673877 -0.933716 -1.37337 0.670961 -0.265435 -1.51868 -0.745422 0.113644 0.493503 0.136563 1.49191 
0.13599 0.71379 -0.924435 -1.55799 0.734003 -0.134214 -1.51909 -0.728515 0.107055 0.46121 0.100733 1.468 
0.152272 0.776978 -0.955796 -1.69518 0.804935 -0.0534133 -1.51949 -0.71266 0.100875 0.430927 0.0671322 1.44558 
0.10187 0.804486 -0.961789 -1.80659 0.738673 0.0146529 -1.46219 -0.665726 0.09603 0.470494 0.0316894 1.38982 
0.069798 0.876315 -1.02575 -1.91134 0.704545 0.0917448 -1.40791 -0.621265 0.0914405 0.507976 -0.00188492 1.33701 
0.0567111 1.02001 -1.20368 -1.95912 0.688081 0.118153 -1.3568 -0.579396 0.0871185 0.543274 -0.0335024 1.28727 
0.0657079 0.986618 -1.17001 -1.82076 0.645299 0.0257711 -1.26737 -0.542943 0.200849 0.299958 -0.281792 1.60958 
0.0744619 0.954127 -1.13725 -1.68613 0.603671 -0.0641187 -1.17117 -0.459367 0.241003 0.317709 -0.480158 1.67779 
0.0831812 0.921766 -1.10461 -1.55204 0.562208 -0.153651 -1.08116 -0.348708 0.221152 0.332775 -0.616573 1.75751 
0.0359603 0.901192 -1.04237 -1.45572 0.497693 -0.143154 -0.936524 -0.380666 0.278111 0.387715 -0.737892 1.71944 
-0.010507 0.880946 -0.981127 -1.36094 0.434208 -0.132824 -0.760792 -0.406613 0.308016 0.435367 -0.842162 1.64296 
-0.05622 0.861029 -0.920875 -1.2677 0.371753 -0.122661 -0.539182 -0.430858 0.324664 0.491158 -0.928122 1.50912 
-0.101146 0.841455 -0.86166 -1.17606 0.310373 -0.112674 -0.272498 -0.439901 0.328721 0.553581 -1.01048 1.32243 
-0.145183 0.822268 -0.803617 -1.08624 0.250207 -0.102884 0.00467887 -0.413051 0.310813 0.604378 -1.09679 1.12054 
-0.188181 0.803535 -0.746944 -0.998531 0.191462 -0.0933256 0.270921 -0.350975 0.274782 0.668804 -1.17868 0.919075 
-0.229902 0.785357 -0.691954 -0.913431 0.134462 -0.0840509 0.487629 -0.252074 0.211436 0.739153 -1.24564 0.748082 
-0.270196 0.767801 -0.638845 -0.831241 0.0794109 -0.0750932 0.652344 -0.126088 0.119086 0.82335 -1.29321 0.601998 
-0.308981 0.750903 -0.587724 -0.752129 0.0264214 -0.066471 0.565423 -0.0868712 0.0455127 0.54985 -1.27545 0.460258 
-0.348264 0.733787 -0.535947 -0.672001 -0.0272487 -0.0577382 0.514143 -0.0566156 -0.0528051 0.311962 -1.24094 0.263114 
-0.387885 0.716525 -0.483725 -0.591183 -0.0813806 -0.0489301 0.518094 -0.0375304 -0.145141 0.137923 -1.18916 0.00763081 
-0.427474 0.699276 -0.431544 -0.51043 -0.135469 -0.0401291 0.577867 -0.0218177 -0.213785 0.0394945 -1.13236 -0.305052 
-0.466531 0.682259 -0.380065 -0.430763 -0.188831 -0.0314465 0.673239 0.00751345 -0.271514 0.00589185 -1.08148 -0.656228 
-0.504528 0.665704 -0.329983 -0.35326 -0.240743 -0.0229996 0.78088 0.0628627 -0.329676 0.0307538 -1.06003 -1.02001 
-0.540999 0.649814 -0.281913 -0.278867 -0.290571 -0.0148918 0.881227 0.14997 -0.390229 0.102386 -1.10438 -1.36325 
-0.575668 0.634709 -0.236217 -0.208151 -0.337937 -0.00718471 0.954825 0.273361 -0.496041 0.167262 -1.1593 -1.64996 
-0.608483 0.620411 -0.192966 -0.141217 -0.38277 0.000110273 1.00765 0.439562 -0.650932 0.233768 -1.24802 -1.88182 
-0.631238 0.761806 -0.153556 -0.028277 -0.637393 -0.189511 0.978436 0.516 -0.666669 0.284516 -1.27133 -1.78271 
-0.592992 0.896645 -0.152513 0.153296 -0.828227 -0.371924 0.950376 0.589424 -0.681786 0.333263 -1.29371 -1.6875 
-0.580537 0.906679 -0.170102 0.209738 -0.848882 -0.281099 0.991699 0.833091 -1.10945 0.415036 -1.12713 -2.00469 
-0.772599 0.844949 -0.109821 -0.316405 -0.839487 0.167281 0.939688 0.857601 -1.08919 0.360133 -1.14656 -1.8506 
-0.919702 0.811692 -0.139609 -0.770838 -0.869139 0.612009 0.889958 0.881036 -1.06982 0.307638 -1.16514 -1.70326 
-1.03538 0.830249 -0.261356 -1.14184 -0.953863 1.01798 0.844978 0.902232 -1.05229 0.260157 -1.18195 -1.57 
-1.11893 0.87357 -0.436596 -1.4213 -1.07492 1.38719 0.805456 0.920857 -1.0369 0.218437 -1.19671 -1.45291 
-1.17976 0.955559 -0.690032 -1.62859 -1.22461 1.7429 0.770909 0.937137 -1.02344 0.181968 -1.20962 -1.35056 
-1.13397 0.959799 -0.670797 -1.47496 -1.21644 1.68416 0.787472 0.901902 -1.07057 0.444926 -1.09436 -1.49929 
-1.19863 1.02369 -0.958017 -1.66917 -1.35669 2.0709 0.756224 0.918314 -1.05589 0.396847 -1.11274 -1.40058 
-1.15509 1.02374 -0.924918 -1.52439 -1.34159 1.99775 0.765553 0.875692 -1.12671 0.710655 -0.966839 -1.60165 
-1.11638 1.0121 -0.936414 -1.55602 -1.29223 1.99263 0.819056 0.589865 -0.585316 0.796097 -1.25967 -1.46765 
-1.07897 1.00085 -0.947522 -1.58658 -1.24455 1.98768 0.884187 0.456787 -0.34203 0.949552 -1.41743 -1.39678 
-1.04315 0.990084 -0.958161 -1.61585 -1.19887 1.98295 0.953882 0.361358 -0.189341 1.11198 -1.51349 -1.33157 
-1.00874 0.97974 -0.968378 -1.64397 -1.15501 1.9784 1.03045 0.282741 -0.0914386 1.28378 -1.56928 -1.26957 
-0.975611 0.96978 -0.978216 -1.67104 -1.11277 1.97402 1.10625 0.208151 -0.0289922 1.44891 -1.59183 -1.21673 
-0.94365 0.960171 -0.987707 -1.69715 -1.07203 1.96979 1.0719 0.0809839 0.236436 1.30898 -1.67847 -1.13855 
-0.912908 0.950928 -0.996836 -1.72227 -1.03283 1.96573 1.03223 -0.0182447 0.449023 1.21167 -1.78424 -1.0935 
-0.883642 0.94213 -1.00553 -1.74618 -0.995523 1.96186 0.999461 -0.0930004 0.62494 1.16362 -1.89673 -1.05792 
-0.855894 0.933787 -1.01377 -1.76886 -0.960146 1.95819 0.981072 -0.140398 0.772315 1.16637 -2.00991 -1.01308 
-0.891485 0.868126 -1.00568 -1.78606 -0.987347 1.89084 0.920506 -0.0691924 0.738194 1.23914 -2.03175 -0.926141 
-0.92619 0.8041 -0.997796 -1.80284 -1.01387 1.82516 0.895802 0.0361705 0.678912 1.35219 -2.05693 -0.827913 
-0.95993 0.741854 -0.99013 -1.81915 -1.03966 1.76132 0.905813 0.169332 0.579816 1.49289 -2.06779 -0.727527 
-0.99268 0.681435 -0.982689 -1.83498 -1.06469 1.69934 0.926188 0.313953 0.442788 1.62323 -2.06601 -0.65559 
-1.02441 0.622892 -0.97548 -1.85032 -1.08894 1.63929 0.959381 0.471461 0.249229 1.73477 -2.05253 -0.615112 
-1.0551 0.56627 -0.968506 -1.86516 -1.11239 1.58121 0.995994 0.643398 -0.0128653 1.81111 -2.03979 -0.615395 
-1.08469 0.511696 -0.961785 -1.87946 -1.135 1.52523 1.02464 0.840467 -0.355503 1.84246 -2.04591 -0.672465 
-0.978725 0.494392 -0.946 -1.90351 -1.14282 1.49342 1.04145 0.635078 0.0566119 1.87024 -1.87982 -0.418234 
-0.873681 0.477239 -0.930351 -1.92735 -1.15057 1.46188 1.05823 0.465665 0.386694 1.82332 -1.73784 -0.207795 
-0.769699 0.460259 -0.914861 -1.95096 -1.15824 1.43066 1.07365 0.303217 0.68331 1.727 -1.62945 -0.00456839 
-0.66683 0.44346 -0.899536 -1.9743 -1.16583 1.39977 1.08278 0.130987 0.966996 1.59126 -1.56208 0.200475 
-0.709618 0.380695 -0.903669 -1.90989 -1.1543 1.44936 1.16668 -0.06811 0.887239 1.63027 -1.61333 -0.0948132 
-0.751554 0.31918 -0.90772 -1.84676 -1.14299 1.49796 1.22658 -0.198666 0.772591 1.61048 -1.65007 -0.339115 
-0.792532 0.259069 -0.911679 -1.78507 -1.13195 1.54544 1.26662 -0.286865 0.647203 1.55297 -1.64801 -0.53399 
-0.832616 0.20027 -0.915551 -1.72473 -1.12114 1.59189 1.28376 -0.355874 0.525867 1.48339 -1.59596 -0.689368 
-0.87199 0.142512 -0.919354 -1.66545 -1.11053 1.63752 1.27629 -0.422653 0.419308 1.41288 -1.48764 -0.792045 
-0.910926 0.0853979 -0.923115 -1.60684 -1.10003 1.68264 1.22186 -0.493093 0.327774 1.36288 -1.31141 -0.843089 
-0.933525 0.0512649 -0.854192 -1.55734 -1.05092 1.63969 1.27267 -0.239357 0.0343084 1.45358 -1.4756 -1.13982 
-0.95556 0.0179849 -0.78699 -1.50907 -1.00303 1.5978 1.2763 0.0276268 -0.300175 1.51081 -1.6067 -1.43442 
-0.977066 -0.0144964 -0.721402 -1.46196 -0.956291 1.55693 1.25997 0.344485 -0.741446 1.52334 -1.72309 -1.77427 
-0.926379 -0.0278795 -0.702736 -1.43563 -0.990978 1.462 1.23132 0.292914 -0.736143 1.59076 -1.7472 -1.90048 
-0.877066 -0.0408997 -0.684576 -1.41 -1.02472 1.36964 1.19501 0.271524 -0.796091 1.66 -1.76945 -2.06774 
-0.829131 -0.0535562 -0.666923 -1.3851 -1.05753 1.27986 1.15146 0.296153 -0.946849 1.72449 -1.79486 -2.27896 
-0.763595 -0.0406426 -0.64855 -1.33264 -1.05014 1.30544 1.06306 -0.102878 -0.386001 1.78932 -1.64892 -2.34195 
-0.698775 -0.0278701 -0.630378 -1.28075 -1.04284 1.33074 0.843462 -0.374327 -0.0827458 1.87889 -1.40315 -2.56177 
-0.635999 -0.0155002 -0.612779 -1.2305 -1.03576 1.35524 0.326111 -0.554713 0.107764 2.18717 -0.926471 -2.96204 
-0.618367 -0.0302333 -0.560494 -1.26172 -0.981925 1.43471 0.345901 -0.664742 0.45951 1.82857 -0.819247 -2.71055 
-0.600633 -0.0450507 -0.507911 -1.29313 -0.92778 1.51464 0.296194 -0.688635 0.730386 1.42403 -0.774294 -2.3862 
-0.591069 0.00850905 -0.525403 -1.28886 -0.912676 1.45253 0.665066 -0.629148 0.778456 1.43687 -1.21157 -2.40115 
-0.582749 0.0551061 -0.540622 -1.28515 -0.899535 1.3985 0.894781 -0.497792 0.777975 1.47624 -1.49461 -2.36015 
-0.575192 0.0974303 -0.554445 -1.28178 -0.887599 1.34942 1.03444 -0.337236 0.739243 1.53875 -1.66596 -2.29991 
-0.568131 0.136973 -0.567359 -1.27863 -0.876447 1.30357 1.12374 -0.170918 0.670629 1.60589 -1.7665 -2.24305 
-0.561429 0.174504 -0.579616 -1.27564 -0.865863 1.26005 1.17979 -0.00983526 0.580427 1.66603 -1.82496 -2.20559 
-0.555016 0.210422 -0.591347 -1.27278 -0.855734 1.2184 1.22342 0.139759 0.472929 1.70659 -1.8562 -2.18434 
-0.548853 0.244936 -0.602619 -1.27003 -0.846001 1.17838 1.25264 0.278069 0.354989 1.7311 -1.87336 -2.18529 
-0.542923 0.278147 -0.613466 -1.26739 -0.836635 1.13987 1.27557 0.404495 0.230432 1.73621 -1.88033 -2.20184 
-0.537216 0.310104 -0.623903 -1.26484 -0.827623 1.10282 1.2946 0.51937 0.104092 1.72249 -1.87925 -2.22993 
-0.531731 0.340826 -0.633937 -1.26239 -0.818959 1.0672 1.31125 0.622539 -0.0184564 1.69092 -1.87034 -2.26485 
-0.526464 0.370318 -0.643569 -1.26004 -0.810642 1.033 1.32637 0.712881 -0.13019 1.64249 -1.85304 -2.30094 
-0.521417 0.398584 -0.6528 -1.25779 -0.80267 1.00022 1.34028 0.788056 -0.2221 1.57791 -1.82703 -2.33126 
-0.516589 0.425626 -0.661632 -1.25564 -0.795044 0.968866 1.35481 0.840623 -0.27481 1.4891 -1.79179 -2.34109 
-0.511978 0.451449 -0.670066 -1.25358 -0.787762 0.938924 1.36409 0.875228 -0.293757 1.38883 -1.75594 -2.33468 
-0.507587 0.47604 -0.678097 -1.25162 -0.780827 0.910409 1.37878 0.882841 -0.314935 1.47228 -1.75404 -2.32397 
-0.503472 0.499082 -0.685623 -1.24979 -0.774329 0.883691 1.38893 0.888743 -0.327433 1.55043 -1.75131 -2.3095 
-0.499618 0.520669 -0.692673 -1.24807 -0.768241 0.85866 1.39772 0.888619 -0.322899 1.61596 -1.74505 -2.28518 
-0.496007 0.540892 -0.699278 -1.24646 -0.762538 0.83521 1.4062 0.883086 -0.304081 1.66982 -1.73433 -2.25284 
-0.492622 0.559845 -0.705467 -1.24495 -0.757193 0.813234 1.40921 0.882246 -0.289204 1.72725 -1.72374 -2.22627 
-0.48945 0.577611 -0.71127 -1.24353 -0.752183 0.792634 1.41583 0.872523 -0.256089 1.76639 -1.70627 -2.18785 
-0.486475 0.594271 -0.716711 -1.24221 -0.747485 0.773315 1.42053 0.863826 -0.221984 1.80215 -1.68707 -2.15058 
-0.483684 0.6099 -0.721815 -1.24096 -0.743077 0.755193 1.4267 0.851575 -0.180881 1.82764 -1.66402 -2.1091 
-0.481066 0.624563 -0.726604 -1.23979 -0.738942 0.73819 1.43466 0.835666 -0.133845 1.84312 -1.63757 -2.06365 
-0.47861 0.638321 -0.731097 -1.2387 -0.735062 0.722238 1.44123 0.821091 -0.0879947 1.85575 -1.61058 -2.0198 
-0.476305 0.651229 -0.735313 -1.23767 -0.731422 0.70727 1.45348 0.796934 -0.0301529 1.85148 -1.57872 -1.96571 
-0.474143 0.663333 -0.739266 -1.2367 -0.728009 0.693235 1.46462 0.773462 0.0265462 1.8443 -1.54721 -1.91236 
-0.472118 0.674678 -0.742971 -1.2358 -0.724809 0.68008 1.47827 0.744774 0.0891874 1.82684 -1.51434 -1.85312 
-0.470221 0.6853 -0.746441 -1.23496 -0.721814 0.667763 1.49822 0.704264 0.165835 1.7907 -1.47964 -1.77989 
-0.46845 0.69522 -0.749681 -1.23416 -0.719016 0.65626 1.5172 0.663355 0.242775 1.75041 -1.44775 -1.70486 
-0.466797 0.704473 -0.752702 -1.23343 -0.716407 0.645532 1.54246 0.609703 0.335911 1.68892 -1.41862 -1.61212 
-0.465264 0.713062 -0.755508 -1.23274 -0.713985 0.635572 1.57001 0.549483 0.438503 1.61312 -1.39685 -1.50738 
-0.463846 0.721001 -0.7581 -1.23211 -0.711746 0.626367 1.59921 0.483362 0.550913 1.52254 -1.38649 -1.3899 
-0.462543 0.728301 -0.760485 -1.23153 -0.709687 0.617902 1.6321 0.407393 0.681714 1.40803 -1.39642 -1.25057 
-0.461354 0.734956 -0.762658 -1.231 -0.70781 0.610185 1.66247 0.331118 0.821608 1.28036 -1.43235 -1.09952 
-0.460277 0.740988 -0.764628 -1.23052 -0.706109 0.603191 1.68551 0.26094 0.968344 1.1418 -1.50196 -0.938729 
-0.459305 0.746431 -0.766406 -1.23009 -0.704574 0.596879 1.69238 0.208763 1.12498 0.984543 -1.62709 -0.759028 
-0.458433 0.751316 -0.768001 -1.2297 -0.703197 0.591215 1.67135 0.272597 0.99164 1.12033 -1.47536 -0.879358 
-0.457558 0.756214 -0.769601 -1.22931 -0.701815 0.585535 1.64261 0.355823 0.878915 1.22731 -1.39249 -0.96662 
-0.456694 0.761053 -0.771181 -1.22892 -0.700451 0.579924 1.61914 0.431143 0.795827 1.29995 -1.35142 -1.02029 
-0.455854 0.765757 -0.772718 -1.22855 -0.699124 0.57447 1.59971 0.499155 0.727549 1.35516 -1.328 -1.0583 
-0.455045 0.770292 -0.774199 -1.22819 -0.697845 0.569211 1.589 0.549097 0.685755 1.38115 -1.3196 -1.06863 
-0.454273 0.774615 -0.775611 -1.22784 -0.696626 0.564199 1.58772 0.578316 0.672628 1.37658 -1.32171 -1.04927 
-0.453545 0.778693 -0.776943 -1.22752 -0.695476 0.55947 1.59253 0.593153 0.679744 1.35087 -1.33076 -1.0092 
-0.452862 0.782515 -0.778191 -1.22721 -0.694398 0.555038 1.6056 0.588211 0.718459 1.29249 -1.35382 -0.935833 
-0.452229 0.786059 -0.779348 -1.22693 -0.693399 0.550929 1.61941 0.579066 0.768426 1.22263 -1.38809 -0.850692 
-0.451645 0.789332 -0.780417 -1.22667 -0.692476 0.547133 1.63427 0.563953 0.839109 1.13117 -1.44579 -0.742886 
-0.451109 0.792333 -0.781397 -1.22643 -0.691629 0.543654 1.64402 0.554499 0.918082 1.0301 -1.52902 -0.625114 
-0.474965 0.630597 -0.48209 -0.920324 -0.672447 0.301184 1.55364 0.57382 0.846365 0.958267 -1.46955 -0.67339 
-0.494975 0.509871 -0.287854 -0.663839 -0.642584 0.147238 1.46008 0.593819 0.772126 0.88391 -1.408 -0.723364 
-0.509624 0.405734 -0.159375 -0.417472 -0.578181 0.0261732 1.36517 0.614108 0.696812 0.808477 -1.34555 -0.774062 
-0.522563 0.317192 -0.0959758 -0.159337 -0.470737 -0.105869 1.26995 0.634464 0.621253 0.732798 -1.28289 -0.824925 
-0.383896 0.14191 0.244036 -0.325126 -0.753198 -0.399475 1.22449 0.632587 0.608581 0.732129 -1.31381 -0.68543 
-0.200735 0.0591743 0.478104 -0.405236 -0.853366 -0.810173 1.18058 0.630775 0.596341 0.731483 -1.34368 -0.550689 
0.00435667 0.078372 0.635059 -0.381525 -0.827562 -1.28134 1.13865 0.629044 0.584652 0.730867 -1.37221 -0.422002 
0.195831 0.210694 0.723872 -0.214944 -0.771692 -1.79313 1.09885 0.627401 0.573559 0.730281 -1.39928 -0.299885 
0.29713 0.259086 0.648846 -0.252142 -0.650229 -1.81741 1.11219 0.547121 0.790396 0.734101 -1.38103 -0.369118 
-0.0094022 0.240581 0.862052 -0.533641 -1.14213 -1.63931 1.12234 0.512957 0.727419 0.661892 -1.25562 -0.302645 
-0.371764 0.358511 0.884097 -0.821294 -1.59082 -1.48169 1.13188 0.480834 0.668207 0.594 -1.13771 -0.240146 
-0.657823 0.545096 0.748052 -1.00255 -1.93146 -1.26574 1.14084 0.450667 0.612598 0.530239 -1.02697 -0.18145 
-0.611378 0.558996 0.662191 -0.934948 -1.87184 -1.29069 1.20542 0.387856 0.667239 0.55427 -1.34399 0.0656311 
-0.567258 0.572201 0.580629 -0.87073 -1.81521 -1.3144 1.28107 0.427432 0.650624 0.658111 -1.7243 0.286098 
-0.526262 0.584471 0.504839 -0.811058 -1.76259 -1.33643 1.34546 0.349876 0.519895 0.784252 -1.55316 0.173875 
-0.4856 0.596641 0.42967 -0.751874 -1.71039 -1.35829 1.38602 0.310014 0.358939 0.915541 -1.40874 0.0402076 
-0.445616 0.608607 0.355752 -0.693675 -1.65907 -1.37977 1.40779 0.304724 0.171521 1.05874 -1.29171 -0.113442 
-0.406718 0.620249 0.283843 -0.637058 -1.60914 -1.40068 1.41664 0.328831 -0.0308075 1.20503 -1.21698 -0.271432 
-0.369351 0.631433 0.214763 -0.582669 -1.56117 -1.42076 1.41465 0.380291 -0.257915 1.36099 -1.16897 -0.446799 
-0.33389 0.642046 0.149208 -0.531055 -1.51566 -1.43981 1.4071 0.456624 -0.504959 1.50757 -1.15836 -0.6203 
-0.300582 0.652015 0.0876331 -0.482574 -1.4729 -1.45771 1.39398 0.578898 -0.820877 1.65963 -1.17686 -0.823263 
-0.470123 0.424448 0.142491 -0.772836 -1.31479 -1.1791 1.39168 0.545088 -0.812454 1.55181 -1.06635 -0.740859 
-0.629117 0.33643 -0.0197146 -1.08073 -1.2479 -0.783373 1.38947 0.512586 -0.804357 1.44815 -0.96011 -0.661645 
-0.754454 0.409352 -0.393287 -1.3429 -1.28664 -0.341608 1.38737 0.481557 -0.796626 1.3492 -0.858683 -0.586017 
-0.516254 0.19809 -0.484796 -1.66354 -0.916983 0.0333863 1.28704 0.411013 -0.798323 1.24011 -0.839007 -0.618608 
-0.58255 0.212913 -0.420617 -1.65381 -0.891433 0.1243 1.29639 0.560521 -0.635968 0.995546 -0.982857 -0.39237 
-0.645127 0.226904 -0.36004 -1.64463 -0.867317 0.210112 1.27318 0.830872 -0.727884 0.876785 -1.07643 -0.323664 
-0.704617 0.240205 -0.30245 -1.6359 -0.844391 0.291692 1.23367 1.25093 -1.15272 0.834011 -1.05286 -0.40036 
-0.846141 0.350227 -0.585694 -1.68636 -0.990826 0.661896 1.18697 1.2333 -1.11296 0.822021 -0.915658 -0.462227 
-0.994493 0.586837 -1.03532 -1.69509 -1.11512 1.07403 1.14036 1.2157 -1.07327 0.810054 -0.778718 -0.523975 
-0.953659 0.566887 -1.04938 -1.5623 -1.0633 1.08345 1.17684 0.693568 -0.479498 0.972829 -0.714006 -0.638989 
-0.898765 0.588018 -1.00166 -1.44652 -1.06421 1.02491 1.21471 0.314454 0.019243 0.842827 -0.709362 -0.423677 
-0.842592 0.609641 -0.952832 -1.32803 -1.06514 0.965011 1.25072 -0.00440568 0.327653 0.837823 -0.628163 -0.370034 
-0.786791 0.63112 -0.904324 -1.21033 -1.06607 0.905507 1.28259 -0.296988 0.525569 0.936083 -0.504173 -0.432008 
-0.732593 0.651983 -0.857208 -1.09601 -1.06697 0.847711 1.31191 -0.555708 0.638356 1.19724 -0.383198 -0.656574 
-0.681828 0.671524 -0.813077 -0.98893 -1.06781 0.793577 1.3437 -0.767542 0.692397 1.61386 -0.328085 -1.02977 
-0.636311 0.689046 -0.773507 -0.892919 -1.06856 0.745039 1.39309 -0.933419 0.718081 1.93556 -0.356873 -1.30329 
-0.595158 0.704887 -0.737733 -0.806115 -1.06924 0.701155 1.5567 -1.06962 0.738614 1.93858 -0.500008 -1.28325 
-0.586633 0.725937 -0.669508 -0.801962 -1.04049 0.600637 1.86193 -0.894106 0.935955 1.4646 -0.857274 -0.851396 
-0.578365 0.746352 -0.603347 -0.797933 -1.01261 0.503157 1.85327 -0.566467 1.04336 1.23015 -1.01689 -0.507967 
-0.555436 0.646699 -0.519842 -0.725189 -0.883644 0.530797 1.79037 -0.571327 1.03789 1.18856 -0.999199 -0.504392 
-0.527639 0.561235 -0.455561 -0.620577 -0.742908 0.538372 1.73288 -0.57577 1.0329 1.15055 -0.983025 -0.501124 
-0.49439 0.486919 -0.405589 -0.459586 -0.595844 0.498992 1.68002 -0.579854 1.02831 1.1156 -0.968154 -0.49812 
-0.454588 0.422252 -0.368681 -0.185497 -0.454349 0.355113 1.63058 -0.583674 1.02402 1.08292 -0.954245 -0.49531 
-0.406191 0.366995 -0.346997 0.315386 -0.353904 -0.00714562 1.58242 -0.587396 1.01983 1.05107 -0.940696 -0.492573 
-0.334457 0.351027 -0.458437 0.134626 -0.274007 -0.132714 1.50678 -0.562578 0.973071 0.937399 -0.973977 -0.382701 
-0.262881 0.393291 -0.659703 -0.397022 -0.11838 0.11841 1.43091 -0.537688 0.926173 0.823393 -1.00735 -0.272509 
-0.195941 0.376433 -0.671634 -0.381405 -0.0204275 0.200358 1.22075 -0.958471 1.13115 0.945857 -0.572902 -0.621075 
-0.368316 0.234166 -0.203974 -0.644486 -0.607573 0.378955 1.24696 -0.958624 1.10882 1.04093 -0.482161 -0.594573 
-0.321813 0.247319 -0.379583 -0.662064 -0.382555 0.468953 1.15749 -0.957501 1.01308 0.986265 -0.393663 -0.542512 
-0.255702 0.318216 -0.641402 -0.750865 -0.105406 0.624609 1.0722 -0.956431 0.921799 0.934148 -0.309286 -0.492876 
-0.199746 0.299134 -0.613629 -0.740896 -0.0218185 0.615988 0.861955 -1.02737 1.05192 0.512285 -0.163443 -0.208267 
-0.338761 0.111587 -0.0707493 -0.197425 -0.498021 0.241929 0.885391 -1.00783 1.03576 0.509858 -0.0923441 -0.0788981 
-0.453835 0.128531 0.214909 -0.151424 -0.894569 0.388642 0.908101 -0.988901 1.02009 0.507507 -0.0234468 0.0464652 
-0.531971 0.304699 0.332714 -0.0930755 -1.25047 0.561634 0.93118 -0.969662 1.00418 0.505117 0.0465707 0.173867 
-0.563438 0.5966 0.281658 -0.00472601 -1.50745 0.780069 0.95421 -0.950465 0.988296 0.502732 0.116439 0.300997 
-0.67489 0.888245 0.0652589 -0.227962 -1.80225 0.746536 0.976849 -0.931593 0.972683 0.500388 0.185124 0.425974 
-0.737683 1.17737 -0.233875 -0.377857 -1.98697 0.657368 0.997308 -0.914538 0.958574 0.498269 0.247193 0.538912 
-0.775465 1.46009 -0.595921 -0.487043 -2.07479 0.556926 1.01464 -0.900094 0.946624 0.496475 0.299764 0.634568 
-0.753227 1.44862 -0.602232 -0.480829 -1.99539 0.666737 1.19104 -1.00225 0.885484 0.0432564 0.619422 0.960666 
-0.859702 1.08588 -0.136567 -0.663659 -2.05368 0.548091 1.14961 -0.916318 0.81463 -0.0131934 0.622529 0.907861 
-0.975678 0.818741 0.108793 -0.804626 -2.01526 0.536024 1.1098 -0.83373 0.746531 -0.0674477 0.625516 0.85711 
-1.10005 0.609237 0.229934 -0.914621 -1.95195 0.613699 1.07109 -0.753454 0.680338 -0.120183 0.628419 0.80778 
-1.22964 0.456995 0.257894 -1.01043 -1.90212 0.743057 1.03315 -0.674741 0.615434 -0.171891 0.631265 0.759411 
-1.35889 0.368875 0.212389 -1.08964 -1.87557 0.910269 0.995781 -0.597233 0.551524 -0.222809 0.634068 0.711781 
-1.4821 0.34213 0.110952 -1.15306 -1.87081 1.09551 0.958857 -0.520642 0.48837 -0.273124 0.636838 0.664715 
-1.59454 0.368679 -0.0332546 -1.20242 -1.87913 1.28929 0.922298 -0.444807 0.425839 -0.322942 0.63958 0.618114 
-1.69432 0.437271 -0.20957 -1.23977 -1.89875 1.47729 0.886064 -0.369646 0.363864 -0.372317 0.642298 0.571927 
-1.64242 0.416311 -0.211978 -1.21112 -1.78639 1.42325 1.26327 -0.21042 0.0995986 -0.713287 0.971768 1.06779 
-1.59142 0.395717 -0.214344 -1.18297 -1.67599 1.37014 1.48847 0.0484663 -0.308731 -0.81099 1.26276 1.25421 
-1.57562 0.777415 -0.781217 -1.17216 -1.68651 1.47505 1.50945 0.00878584 -0.336735 -0.780405 1.21223 1.28995 
-1.55087 0.628599 -0.650996 -1.16096 -1.66114 1.4091 1.51347 0.0192155 -0.371629 -0.793914 1.21098 1.30203 
-1.51586 0.51215 -0.595179 -1.15397 -1.61378 1.3744 1.51874 0.0328732 -0.417322 -0.811603 1.20935 1.31786 
-1.46733 0.431991 -0.620768 -1.16193 -1.53034 1.39362 1.52598 0.051648 -0.480136 -0.83592 1.20711 1.33963 
-1.4017 0.375528 -0.68965 -1.18916 -1.42822 1.42071 1.5348 0.074529 -0.556688 -0.865556 1.20437 1.36615 
-1.31457 0.34057 -0.780506 -1.23988 -1.31272 1.4466 1.54445 0.099576 -0.640486 -0.897997 1.20138 1.39518 
-1.20414 0.324653 -0.874623 -1.31496 -1.18214 1.47776 1.5543 0.125115 -0.725931 -0.931076 1.19833 1.42478 
-1.07323 0.31791 -0.946886 -1.40546 -1.04027 1.50358 1.56399 0.150255 -0.810039 -0.963637 1.19532 1.45391 
-0.930003 0.307669 -0.971517 -1.48767 -0.888509 1.50542 1.57346 0.174809 -0.892189 -0.99544 1.19239 1.48237 
-0.784826 0.290997 -0.945989 -1.52691 -0.733884 1.45197 1.58279 0.199011 -0.973159 -1.02679 1.1895 1.51042 
-0.650293 0.270196 -0.875329 -1.46505 -0.576719 1.31341 1.59209 0.223121 -1.05382 -1.05801 1.18662 1.53837 
-0.534607 0.254729 -0.780012 -1.2114 -0.445438 1.01406 1.60131 0.24704 -1.13385 -1.08899 1.18376 1.56609 
-0.441301 0.258615 -0.690758 -0.74736 -0.405978 0.534918 1.61005 0.269726 -1.20975 -1.11838 1.18105 1.59239 
-0.341908 0.213265 -0.683377 -0.710142 -0.293638 0.452779 1.44101 -0.228701 -0.379088 -1.34021 0.810433 2.05049 
-0.355241 0.252343 -0.562047 -0.278954 -0.518283 0.113347 1.47726 -0.233073 -0.409837 -1.38532 0.819212 2.13897 
-0.373176 0.362621 -0.549731 -0.102045 -0.741281 0.0749637 1.51512 -0.237639 -0.44195 -1.43243 0.82838 2.23138 
-0.288678 0.332611 -0.523026 -0.0376976 -0.675284 -0.038646 1.541 -0.354181 -0.32919 -1.23951 0.86969 1.92021 
-0.201077 0.301499 -0.49534 0.0290136 -0.606864 -0.156429 1.56341 -0.516344 -0.145429 -1.13162 0.914436 1.704 
-0.11065 0.269382 -0.46676 0.0978775 -0.536235 -0.278012 1.49274 -0.713361 0.065333 -0.975771 0.897816 1.46917 
0.0563797 0.264893 -0.43097 0.117659 -0.597759 -0.634535 1.51666 -0.699537 0.0166204 -1.0844 0.966471 1.58076 
0.24711 0.345303 -0.512915 0.249773 -0.587653 -1.11126 1.51506 -0.684809 -0.0121116 -1.2047 1.02483 1.69474 
0.220049 0.374934 -0.571912 0.22228 -0.551092 -1.08362 1.59814 -0.589558 -0.106301 -1.19395 1.14853 1.60357 
0.192053 0.405587 -0.632946 0.193838 -0.513269 -1.05502 1.61524 -0.499687 -0.187372 -1.15505 1.21786 1.52119 
0.163148 0.437236 -0.695962 0.164472 -0.474218 -1.02549 1.6198 -0.415236 -0.256341 -1.12492 1.26876 1.45642 
0.186268 0.439621 -0.69793 0.194943 -0.493528 -1.08757 1.53998 -0.354888 -0.354535 -1.02145 1.28987 1.33365 
0.210676 0.442138 -0.700007 0.227112 -0.513915 -1.1531 1.46764 -0.299659 -0.445113 -0.936447 1.31337 1.22572 
0.236289 0.44478 -0.702187 0.26087 -0.535308 -1.22187 1.39549 -0.239558 -0.539203 -0.857687 1.3446 1.12055 
0.263099 0.447546 -0.704469 0.296204 -0.557701 -1.29386 1.33408 -0.197537 -0.609816 -0.801741 1.3583 1.04071 
0.427648 0.869967 -1.25862 0.57739 -0.538135 -1.84905 1.3398 -0.219136 -0.622063 -0.885418 1.43167 1.12175 
0.510687 0.911888 -1.24519 0.654401 -0.58354 -1.99421 1.23346 -0.514688 -0.191799 -0.864457 1.24096 1.16175 
0.49157 0.757203 -0.979742 0.542641 -0.674259 -1.8556 1.22824 -0.48221 -0.204789 -0.860712 1.22037 1.13667 
0.470765 0.665268 -0.832707 0.486045 -0.722644 -1.78153 1.22282 -0.448447 -0.218294 -0.856818 1.19895 1.11059 
0.448804 0.589794 -0.710505 0.442509 -0.778775 -1.71423 1.21719 -0.413428 -0.232301 -0.85278 1.17674 1.08353 
0.426012 0.525384 -0.6025 0.411072 -0.846231 -1.65093 1.21137 -0.377178 -0.2468 -0.848599 1.15375 1.05553 
0.401739 0.467404 -0.50652 0.388687 -0.908803 -1.59536 1.20535 -0.339709 -0.261787 -0.844278 1.12999 1.02659 
0.377074 0.41722 -0.418092 0.377696 -0.983691 -1.54079 1.19914 -0.301048 -0.277251 -0.83982 1.10547 0.996726 
0.351004 0.370896 -0.336692 0.373462 -1.05419 -1.48989 1.19273 -0.261194 -0.293192 -0.835224 1.0802 0.96594 
0.324895 0.331493 -0.261325 0.381111 -1.13507 -1.43784 1.18614 -0.220174 -0.3096 -0.830493 1.05418 0.934254 
0.297244 0.294475 -0.190539 0.394433 -1.21035 -1.38625 1.17936 -0.177974 -0.326479 -0.825626 1.02742 0.901656 
0.267686 0.258974 -0.122824 0.41257 -1.27985 -1.33356 1.17239 -0.13457 -0.343839 -0.820621 0.999894 0.868129 
0.169071 0.119959 -0.0265234 0.285372 -1.07508 -1.2463 1.165 -0.0885694 -0.362239 -0.815316 0.970721 0.832594 
0.0320619 0.00982003 0.00871597 0.0739797 -0.855872 -1.05018 1.157 -0.038764 -0.38216 -0.809572 0.939134 0.794122 
-0.149153 -0.0524258 -0.0206788 -0.288254 -0.702037 -0.658958 1.14804 0.0170279 -0.404476 -0.803138 0.903751 0.751025 
-0.372258 -0.0497994 -0.118256 -0.749569 -0.717746 -0.11969 1.13777 0.0809379 -0.430039 -0.795767 0.86322 0.701657 
-0.607927 0.0312706 -0.290058 -1.05861 -0.896888 0.30924 1.12634 0.152085 -0.458497 -0.787562 0.818098 0.646698 
-0.81657 0.197651 -0.555172 -1.19017 -1.1166 0.598056 1.11404 0.228646 -0.48912 -0.778733 0.769544 0.587557 
-0.978859 0.484653 -0.99925 -1.22913 -1.27776 0.872366 1.10097 0.310013 -0.521665 -0.76935 0.717942 0.524705 
-0.989671 0.468419 -1.00782 -1.22692 -1.30967 0.871796 1.04787 0.226179 -0.448666 -0.690448 0.58723 0.50253 
-1.00165 0.450435 -1.01732 -1.22447 -1.34502 0.871165 0.969489 0.128694 -0.353811 -0.540282 0.411437 0.429098 
-0.734236 -0.00279198 -0.380758 -1.20723 -0.999585 0.548566 0.952174 0.0762974 -0.351942 -0.64342 0.497252 0.556337 
-0.247732 -0.164876 -0.17064 -0.896094 -0.455968 -0.029184 0.935617 0.026195 -0.350155 -0.742042 0.57931 0.678004 
-0.497102 -0.12149 -0.0185856 -0.710961 -0.823428 -0.0330726 1.0284 -0.0051076 -0.292068 -0.741036 0.549116 0.743243 
-0.650673 0.0336177 0.0072034 -0.583499 -1.10633 0.011984 1.12254 -0.0368678 -0.233131 -0.740015 0.51848 0.809436 
-0.736749 0.270185 -0.101662 -0.486657 -1.2908 0.10059 1.218 -0.0690735 -0.173367 -0.738979 0.487415 0.876558 
-0.834249 0.652633 -0.520389 -0.777188 -1.59978 0.0609784 1.31367 -0.101349 -0.113474 -0.737942 0.456282 0.943825 
-0.790806 0.551575 -0.385404 -1.02102 -1.67967 -0.249911 1.33725 -0.132833 -0.0766585 -0.839509 0.491775 1.04101 
-0.731467 0.439116 -0.228795 -1.27956 -1.65415 -0.57819 1.36164 -0.165408 -0.0385668 -0.944598 0.528499 1.14156 
-0.659502 0.333606 -0.0660344 -1.51859 -1.52557 -0.887433 1.38674 -0.198924 0.000624101 -1.05272 0.566283 1.24502 
-0.677858 0.354762 -0.0660853 -1.62999 -1.58 -0.996549 1.42145 -0.207374 -0.00478332 -0.827274 0.651222 0.914505 
-0.720247 0.352066 -0.0779891 -1.62719 -1.64743 -1.02642 1.45062 0.0473523 -0.349823 -0.617534 0.936562 0.542175 
-0.761589 0.349437 -0.0895988 -1.62446 -1.7132 -1.05556 1.48905 0.307806 -0.701804 -0.558522 1.23562 0.28664 
-0.801039 0.346928 -0.100677 -1.62186 -1.77595 -1.08336 1.53519 0.58304 -1.08071 -0.577524 1.5301 0.0521029 
-0.825597 0.372761 -0.121645 -1.63606 -1.82232 -1.13716 1.61056 0.659835 -1.07696 -0.651686 1.64489 -0.0637373 
-0.850969 0.399451 -0.143307 -1.65074 -1.87022 -1.19273 1.68675 0.627648 -0.868867 -0.7237 1.66988 -0.123103 
-0.862372 0.372728 -0.103271 -1.67097 -1.91713 -1.27248 1.77006 0.457795 -0.491766 -0.782333 1.65975 -0.156438 
-0.919478 0.415762 -0.124765 -1.63323 -1.95001 -1.34795 1.78521 0.770159 -0.892978 -0.844343 1.85357 -0.426836 
-0.95153 0.472049 -0.168117 -1.61132 -1.98161 -1.38988 1.84757 0.808019 -0.771352 -0.904821 1.87269 -0.518344 
-0.984711 0.530318 -0.212997 -1.58864 -2.01433 -1.43329 1.9096 0.810458 -0.613258 -0.955038 1.86773 -0.608566 
-1.01907 0.59065 -0.259465 -1.56516 -2.0482 -1.47823 1.97311 0.782743 -0.435115 -0.999053 1.84352 -0.703968 
-0.732636 0.148035 0.109765 -1.62008 -1.55652 -1.59736 2.02648 0.776446 -0.459448 -1.09323 1.97191 -0.667007 
-0.779321 0.172528 0.0908936 -1.6686 -1.62129 -1.62788 2.12994 0.687184 0.00426017 -1.10391 1.87283 -0.534637 
-0.826142 0.216715 0.0728783 -1.65798 -1.64623 -1.67436 2.17843 0.766969 0.122023 -1.1426 1.82762 -0.594513 
-0.874492 0.262345 0.0542746 -1.64702 -1.67198 -1.72237 2.2272 0.833266 0.233864 -1.18073 1.77422 -0.665809 
-0.924416 0.309461 0.0350654 -1.6357 -1.69857 -1.77193 2.2786 0.871358 0.352841 -1.22096 1.70541 -0.747796 
-0.975953 0.358099 0.0152354 -1.62401 -1.72602 -1.8231 2.32781 0.880167 0.474966 -1.2615 1.62616 -0.840884 
-1.02915 0.408305 -0.00523348 -1.61195 -1.75435 -1.87591 2.37284 0.845936 0.60855 -1.30592 1.53223 -0.948996 
-1.08409 0.460152 -0.026372 -1.59949 -1.78361 -1.93045 2.40228 0.769234 0.742095 -1.35246 1.43275 -1.08074 
-1.14091 0.513781 -0.0482366 -1.58661 -1.81388 -1.98687 2.40429 0.644784 0.867668 -1.39858 1.33149 -1.25235 
-1.20059 0.570102 -0.071199 -1.57308 -1.84566 -2.04612 2.24837 0.70425 0.64925 -1.41905 1.37284 -1.34146 
-1.26313 0.629126 -0.095263 -1.5589 -1.87897 -2.10821 2.11887 0.795095 0.38215 -1.41312 1.40869 -1.44734 
-1.32848 0.690793 -0.120405 -1.54408 -1.91377 -2.17308 2.0062 0.929079 0.0444681 -1.38996 1.45057 -1.57975 
-1.39638 0.754883 -0.146535 -1.52868 -1.94994 -2.2405 1.90506 1.13362 -0.421086 -1.35708 1.50658 -1.76907 
-1.41244 0.751186 -0.117219 -1.48353 -1.98021 -2.25693 1.89314 1.14518 -0.565075 -1.3055 1.58014 -1.8584 
-1.42895 0.747383 -0.0870655 -1.43708 -2.01135 -2.27384 1.87515 1.18881 -0.769903 -1.27235 1.66165 -1.97682 
-1.44531 0.743615 -0.0571874 -1.39106 -2.04221 -2.29059 1.85266 1.34452 -1.17573 -1.27486 1.76958 -2.18425 
-1.40226 0.710503 -0.469018 -1.26058 -1.8292 -1.74194 1.88448 1.40524 -1.21602 -1.40573 1.86871 -2.24216 
-1.41709 0.70495 -0.458484 -1.20637 -1.85062 -1.73207 1.88733 1.23379 -1.01913 -1.38284 1.89381 -2.18991 
-1.4327 0.699107 -0.447397 -1.14932 -1.87316 -1.72167 1.88714 1.11217 -0.933028 -1.37636 1.92028 -2.20157 
-1.44898 0.693014 -0.435837 -1.08984 -1.89667 -1.71084 1.88288 1.01563 -0.907561 -1.38151 1.94483 -2.25103 
-1.3763 0.714276 -0.871337 -1.1027 -1.55782 -1.32111 1.91529 1.05916 -0.934079 -1.51396 2.04963 -2.31056 
-1.38956 0.709022 -0.880588 -1.04193 -1.56561 -1.29097 1.9431 0.767336 -0.580271 -1.46975 2.05417 -2.22758 
-1.40347 0.70351 -0.890292 -0.97818 -1.57377 -1.25936 1.97247 0.528517 -0.365305 -1.46633 2.05987 -2.23772 
-1.41786 0.697809 -0.90033 -0.912241 -1.58221 -1.22666 2.00286 0.308289 -0.221289 -1.48855 2.06573 -2.30297 
-1.43259 0.691973 -0.910603 -0.844751 -1.59085 -1.19319 2.03436 0.100046 -0.127644 -1.53588 2.068 -2.40822 
-1.44756 0.686041 -0.921047 -0.776144 -1.59964 -1.15916 2.06637 -0.0883102 -0.0915199 -1.5969 2.06366 -2.54991 
-1.48546 0.664077 -0.933307 -0.735272 -1.65222 -1.15921 2.03974 -0.266091 0.0363357 -1.62227 2.01217 -2.50443 
-1.52469 0.641342 -0.945998 -0.692966 -1.70665 -1.15927 1.98125 -0.445917 0.177533 -1.63634 1.93159 -2.43782 
-1.5657 0.617571 -0.959267 -0.648732 -1.76356 -1.15933 1.84728 -0.625469 0.33473 -1.62625 1.7832 -2.34073 
-1.60957 0.592146 -0.973459 -0.60142 -1.82443 -1.15939 1.53901 -0.79032 0.508111 -1.57106 1.47564 -2.19635 
-1.65722 0.56453 -0.988874 -0.550031 -1.89054 -1.15946 1.03906 -0.89283 0.694871 -1.52634 0.988623 -1.96135 
-1.70667 0.535864 -1.00487 -0.496689 -1.95917 -1.15953 0.71673 -0.875661 0.881101 -1.77334 0.710713 -1.4572 
-1.68652 0.242764 -0.71267 -0.57219 -1.78961 -1.14262 0.696805 -0.946134 0.936837 -1.89096 0.789554 -1.49623 
-1.55769 0.297327 -1.10266 -0.70191 -1.37296 -1.01848 0.70007 -1.02946 0.966411 -1.98728 0.871896 -1.50058 
-1.42621 0.0121143 -0.794901 -0.885339 -1.13379 -1.0088 0.703535 -1.11788 0.997794 -2.0895 0.959277 -1.50519 
-1.22687 -0.209278 -0.470793 -0.929737 -0.987903 -1.19621 0.774054 -1.21024 1.03723 -2.11706 1.05943 -1.46825 
-1.23838 -0.167368 -0.550082 -0.858224 -0.943552 -1.20564 0.682355 -1.05717 0.770381 -2.05285 0.960981 -1.38344 
-1.2509 -0.121775 -0.63634 -0.780428 -0.895303 -1.21589 0.476078 -0.882763 0.471795 -1.93765 0.768488 -1.28792 
-1.26447 -0.0723803 -0.729792 -0.696143 -0.84303 -1.22701 0.246179 -0.67602 0.128951 -1.70561 0.574306 -1.29032 
-1.27882 -0.0201297 -0.828646 -0.606985 -0.787736 -1.23876 0.0744697 -0.424896 -0.280738 -1.30321 0.488638 -1.4905 
-1.29309 0.0318309 -0.926951 -0.518323 -0.732748 -1.25045 -0.0155506 -0.0872376 -0.841075 -0.882133 0.586899 -1.7656 
-1.27223 0.025096 -0.944174 -0.510095 -0.780029 -1.19804 -0.46749 -0.068878 -0.660852 -0.317322 0.276475 -1.76733 
-1.25051 0.0180816 -0.962112 -0.501527 -0.829271 -1.14346 -0.606776 0.0589285 -0.631761 -0.0403797 0.142621 -1.70793 
-1.06982 -0.098377 -0.478073 -0.297965 -0.949447 -1.42672 -0.578839 0.0774401 -0.713989 0.0343608 0.158464 -1.75113 
-0.991396 -0.127591 0.151466 -0.0186583 -1.45667 -1.51862 -0.481029 0.105255 -0.723002 0.0486607 0.206152 -1.78163 
-0.846132 0.207591 0.283871 0.218162 -1.83473 -1.388 -0.377065 0.134821 -0.732583 0.0638603 0.256841 -1.81405 
-0.680921 0.686519 0.0455115 0.468995 -1.94375 -1.13593 -0.266706 0.166205 -0.742753 0.0799949 0.310647 -1.84846 
-0.514632 1.15686 -0.452458 0.644337 -1.76631 -0.957531 -0.153991 0.198259 -0.75314 0.096474 0.365603 -1.88361 
-0.395867 1.19237 -0.622365 0.694332 -1.43353 -0.984226 -0.0958518 0.134692 -0.773888 0.13891 0.365643 -1.88632 
-0.292829 1.1543 -0.710916 0.788495 -1.09547 -1.01427 -0.0354176 0.0686162 -0.795455 0.183021 0.365685 -1.88914 
-0.210634 1.06896 -0.775245 0.981315 -0.739198 -1.11937 0.0262382 0.00120449 -0.817459 0.228024 0.365728 -1.89202 
-0.0886329 0.925032 -0.518323 0.988378 -0.606432 -0.757107 0.150471 0.0492366 -0.815077 0.219222 0.390623 -1.97804 
0.00592716 0.87934 -0.50675 1.0566 -0.614917 -0.7843 0.0103826 -0.1005 -0.581276 0.122842 0.292221 -1.68417 
0.107593 0.830214 -0.494307 1.12996 -0.624039 -0.813537 -0.128054 -0.175216 -0.469913 -0.0705345 0.275353 -1.30461 
0.214917 0.778354 -0.481172 1.20739 -0.633668 -0.844401 -0.244885 -0.197984 -0.431391 -0.304302 0.318017 -0.907625 
0.32599 0.724682 -0.467577 1.28753 -0.643635 -0.876343 -0.334404 -0.170053 -0.458097 -0.471416 0.405018 -0.601677 
0.43892 0.670113 -0.453756 1.36901 -0.653767 -0.908819 -0.3774 -0.103909 -0.533739 -0.630632 0.541016 -0.32834 
0.552615 0.615175 -0.439841 1.45105 -0.663969 -0.941515 -0.395636 0.0135069 -0.683617 -0.717293 0.715313 -0.141691 
0.665842 0.560462 -0.425983 1.53274 -0.674128 -0.974076 -0.400176 0.223764 -0.99275 -0.735224 0.950257 -0.0474013 
0.554711 0.557423 -0.217936 1.20847 -0.795579 -0.813953 -0.299398 0.279587 -0.998089 -0.785593 0.999605 -0.0497602 
0.418702 0.649997 -0.174054 0.993032 -0.964791 -0.734965 -0.19287 0.338594 -1.00373 -0.838836 1.05177 -0.0522537 
0.273945 0.812765 -0.293542 0.87567 -1.11951 -0.717681 -0.0807797 0.400682 -1.00967 -0.894859 1.10666 -0.0548775 
0.136143 1.04854 -0.616083 0.848056 -1.20328 -0.765772 0.036431 0.465607 -1.01588 -0.953442 1.16405 -0.057621 
0.0602702 1.03415 -0.57572 0.940145 -1.1875 -0.752838 0.132146 0.368689 -0.656223 -1.20361 0.895666 0.196446 
-0.0203579 1.01887 -0.532828 1.038 -1.17073 -0.739093 0.203778 0.479718 -0.633877 -1.45489 0.761738 0.369324 
-0.103558 1.00309 -0.488567 1.13899 -1.15343 -0.724909 0.231347 0.744107 -0.881938 -1.58589 0.631694 0.382902 
-0.0102164 0.963263 -0.518094 1.0778 -1.11818 -0.771221 0.207233 0.536861 -0.790373 -1.38106 0.746555 0.221843 
0.0867294 0.921895 -0.548761 1.01426 -1.08156 -0.819322 0.122467 0.554177 -1.09389 -1.04198 0.917117 -0.117325 
0.196502 0.770682 -0.265648 0.950369 -1.01088 -0.432434 0.196145 0.548184 -1.07714 -1.15401 0.932603 -0.214065 
0.300535 0.669147 -0.120138 0.853383 -0.973288 -0.0594975 0.270551 0.542131 -1.06023 -1.26714 0.948241 -0.311761 
0.396611 0.582333 -0.0431611 0.735638 -0.986165 0.312778 0.345075 0.536068 -1.04329 -1.38045 0.963905 -0.409612 
0.48116 0.515354 -0.0289258 0.636475 -1.05548 0.655669 0.419464 0.530017 -1.02637 -1.49356 0.97954 -0.507287 
0.441552 0.563054 -0.0539363 0.586403 -1.02185 0.714032 0.59771 0.289284 -0.564191 -1.80934 1.35179 -0.0470644 
0.401092 0.611781 -0.0794857 0.535252 -0.987505 0.773653 0.595066 0.0774821 -0.371618 -1.67509 1.02753 -0.227034 
0.359883 0.661409 -0.105507 0.483156 -0.952523 0.834375 0.60438 -0.0334719 -0.311144 -1.44044 0.770231 -0.546045 
0.318304 0.711484 -0.131763 0.430591 -0.917225 0.895645 0.664544 -0.0839847 -0.300656 -1.12489 0.651985 -0.968684 
0.276786 0.761484 -0.15798 0.378104 -0.881981 0.956823 0.798058 -0.0988366 -0.295896 -0.893733 0.67525 -1.32702 
0.265563 0.805831 -0.233302 0.334438 -0.836179 0.998707 0.900159 -0.0481775 -0.459981 -0.57813 0.841028 -1.77143 
0.254368 0.850069 -0.308442 0.290879 -0.790489 1.04049 1.06231 0.0259619 -0.625323 -0.472603 1.0756 -2.00846 
0.243022 0.894901 -0.384588 0.246735 -0.744186 1.08283 1.27871 0.0789918 -0.726168 -0.497999 1.28944 -2.10794 
0.231483 0.940497 -0.462034 0.201838 -0.697094 1.1259 1.5257 0.118702 -0.770257 -0.567853 1.47314 -2.14111 
0.219761 0.986819 -0.540711 0.156228 -0.649252 1.16965 1.77409 0.164916 -0.784262 -0.630909 1.63284 -2.14111 
0.326218 1.04591 -0.607171 0.436062 -0.67481 0.81557 1.82969 0.133444 -0.828321 -0.676142 1.74019 -2.1911 
0.423469 1.14642 -0.731707 0.656894 -0.740391 0.527398 1.88548 0.101867 -0.872528 -0.721527 1.8479 -2.24126 
0.400153 1.06696 -0.458585 0.483185 -0.906902 0.646604 2.02257 0.0674613 -0.848905 -0.75646 1.88921 -2.23426 
0.364693 1.01815 -0.244168 0.35033 -1.07381 0.724921 2.16052 0.0328371 -0.825132 -0.791615 1.93079 -2.22722 
0.291211 1.07599 -0.266403 0.348821 -1.12588 0.798984 2.06101 0.215034 -0.788 -0.69979 1.8113 -2.19577 
0.215116 1.13588 -0.28943 0.347258 -1.1798 0.875681 1.99361 0.534236 -1.0344 -0.658259 1.80095 -2.2423 
0.237724 1.16583 -0.297597 0.424253 -1.19897 0.842004 2.06714 0.438945 -0.705369 -0.689953 1.68732 -2.08745 
0.260939 1.19658 -0.305984 0.503315 -1.21866 0.807423 2.13204 0.399672 -0.473407 -0.732246 1.60284 -1.93658 
0.28475 1.22812 -0.314586 0.584408 -1.23885 0.771955 2.18588 0.393509 -0.28599 -0.776439 1.52764 -1.77924 
0.309165 1.26047 -0.323406 0.667557 -1.25955 0.735586 2.22904 0.413408 -0.126702 -0.824382 1.45433 -1.6092 
0.3342 1.29363 -0.332451 0.752816 -1.28078 0.698295 2.26516 0.451106 0.01837 -0.884575 1.37983 -1.41217 
0.359793 1.32753 -0.341697 0.839979 -1.30249 0.660171 2.235 0.58815 -0.0476964 -0.853621 1.38019 -1.39627 
0.385932 1.36216 -0.35114 0.928997 -1.32466 0.621235 2.19961 0.743094 -0.132598 -0.832265 1.38445 -1.37786 
0.412597 1.39748 -0.360773 1.01981 -1.34727 0.581516 2.16138 0.912818 -0.23803 -0.823999 1.39542 -1.35129 
0.43975 1.43345 -0.370583 1.11228 -1.3703 0.541069 2.11894 1.10375 -0.379764 -0.827152 1.41881 -1.32339 
0.483288 1.4316 -0.399013 1.15652 -1.44447 0.579732 2.12589 0.911688 -0.285631 -0.705144 1.46078 -1.4178 
0.528676 1.42967 -0.428652 1.20264 -1.5218 0.620039 2.11921 0.731475 -0.234114 -0.597752 1.53783 -1.51902 
0.575849 1.42766 -0.459456 1.25058 -1.60217 0.66193 2.09618 0.56343 -0.225349 -0.510571 1.6463 -1.61638 
0.62465 1.42559 -0.491323 1.30016 -1.68531 0.705267 2.04886 0.429575 -0.28041 -0.443777 1.78783 -1.72067 
0.674937 1.42345 -0.524161 1.35126 -1.77098 0.749924 1.96936 0.336793 -0.409951 -0.400993 1.95476 -1.82749 
0.703605 0.907636 0.0416167 1.45921 -1.59955 1.02085 2.00766 0.438263 -0.362104 -0.33409 2.0213 -1.87422 
0.738259 0.930016 0.042738 1.5624 -1.62909 0.99269 1.95877 0.437191 -0.236666 -0.372443 1.90494 -1.71977 
0.774075 0.953145 0.0438969 1.66905 -1.65961 0.963585 1.90071 0.449244 -0.127262 -0.416498 1.77904 -1.52812 
0.811122 0.977071 0.0450956 1.77937 -1.69119 0.933478 1.83252 0.482245 -0.0385104 -0.469059 1.64443 -1.30285 
0.849512 1.00186 0.0463378 1.89369 -1.72391 0.902281 1.75048 0.526387 0.030792 -0.53343 1.49539 -1.02863 
0.762688 0.333698 0.823651 1.74342 -1.41729 1.14242 1.79305 0.533708 0.0776747 -0.490134 1.50146 -0.998574 
0.779716 0.464057 0.663207 1.75158 -1.39281 1.13144 1.83711 0.541285 0.126198 -0.445323 1.50775 -0.967468 
0.792562 0.547798 0.503581 1.76923 -1.36432 1.07585 1.88281 0.549145 0.176528 -0.398843 1.51428 -0.935205 
0.806232 0.622332 0.31857 1.80612 -1.34404 0.982299 1.93028 0.557309 0.228812 -0.350559 1.52105 -0.901688 
0.815007 0.674002 0.129737 1.85664 -1.32333 0.862354 1.97963 0.565796 0.283161 -0.300368 1.52809 -0.866848 
0.818508 0.714088 -0.0700341 1.924 -1.30705 0.720044 2.03093 0.574617 0.339648 -0.248202 1.53542 -0.830638 
0.819214 0.783982 -0.337739 2.01616 -1.32152 0.538317 2.08423 0.583783 0.398346 -0.193995 1.54302 -0.79301 
0.859417 0.787554 -0.330071 2.13525 -1.35371 0.529699 1.85425 0.90106 0.314472 -0.378965 1.37969 -0.748577 
0.900332 0.791188 -0.322266 2.25644 -1.38647 0.520928 1.61383 1.24685 0.0662827 -0.590016 1.3423 -0.673606 
1.00008 0.757438 -0.31805 2.26644 -1.42749 0.544808 1.56217 1.04849 0.345221 -0.66485 1.25316 -0.630544 
1.10232 0.722845 -0.313729 2.27668 -1.46954 0.569285 1.4869 0.864111 0.575405 -0.763364 1.19755 -0.605172 
1.20673 0.687516 -0.309316 2.28715 -1.51247 0.594283 1.38051 0.67903 0.764478 -0.885299 1.17205 -0.599924 
1.31316 0.651504 -0.304817 2.29781 -1.55624 0.619764 1.2382 0.490338 0.90811 -1.02627 1.16857 -0.63156 
1.42159 0.614819 -0.300235 2.30867 -1.60083 0.645721 1.06378 0.313247 0.998303 -1.17925 1.16457 -0.712555 
1.53219 0.577395 -0.29556 2.31976 -1.64631 0.672201 0.870982 0.160865 1.03042 -1.32738 1.13345 -0.826255 
1.64524 0.539142 -0.290782 2.33109 -1.6928 0.699267 0.683906 0.0562861 1.00663 -1.45131 1.06472 -0.94028 
1.76088 0.500017 -0.285894 2.34267 -1.74036 0.726951 0.523432 0.00952899 0.942034 -1.54535 0.973641 -1.03011 
1.7427 0.56259 -0.2963 2.37279 -1.76775 0.676954 0.595048 0.0305048 0.757744 -1.3486 0.983502 -1.05862 
1.72378 0.627725 -0.307131 2.40415 -1.79626 0.624909 0.626362 0.0589008 0.564452 -1.18904 1.00354 -1.06521 
1.70409 0.695499 -0.318401 2.43677 -1.82593 0.570755 0.629738 0.0910558 0.368401 -1.0526 1.03123 -1.04971 
1.68363 0.765961 -0.330119 2.47069 -1.85678 0.514454 0.612829 0.124789 0.178495 -0.933222 1.06254 -1.01722 
1.66235 0.839217 -0.342301 2.50595 -1.88885 0.45592 0.578398 0.156229 -0.00253684 -0.821764 1.09803 -0.961743 
1.64022 0.915399 -0.354969 2.54262 -1.9222 0.395048 0.528015 0.182124 -0.16664 -0.713755 1.13566 -0.881369 
1.6172 0.99465 -0.368148 2.58077 -1.95689 0.331725 0.463492 0.19578 -0.296537 -0.606865 1.166 -0.781341 
1.59321 1.07724 -0.381882 2.62053 -1.99305 0.265732 0.381928 0.192853 -0.386772 -0.491267 1.1919 -0.648015 
1.56816 1.16345 -0.396218 2.66202 -2.03079 0.196848 0.285952 0.161608 -0.407436 -0.36503 1.19223 -0.499046 
1.78941 0.755718 0.296078 2.65797 -1.60211 0.505117 0.363137 0.189265 -0.378361 -0.440138 1.28455 -0.575653 
1.6801 0.868064 0.24218 2.54152 -1.47494 0.62556 0.441374 0.217299 -0.34889 -0.51627 1.37812 -0.653304 
1.5785 0.936034 0.162173 2.42837 -1.39033 0.720693 0.520565 0.245675 -0.31906 -0.59333 1.47284 -0.731902 
1.49031 0.954647 0.0761936 2.33382 -1.32855 0.784581 0.600669 0.274378 -0.288886 -0.671279 1.56864 -0.811406 
1.42592 0.906603 0.0373165 2.25802 -1.25954 0.838031 0.681876 0.303477 -0.258296 -0.750301 1.66577 -0.892005 
1.36803 0.816709 0.00380725 2.21069 -1.19392 0.859662 0.764146 0.332956 -0.227306 -0.830357 1.76417 -0.973659 
1.31806 0.677223 0.00540672 2.18669 -1.11653 0.864467 0.847528 0.362834 -0.195898 -0.911495 1.86389 -1.05642 
1.31864 0.37088 0.353398 2.08033 -0.956584 1.00855 0.938417 0.398506 -0.175257 -0.971658 1.90518 -1.15297 
1.28866 0.0505769 0.625663 1.99825 -0.821239 1.07285 1.03048 0.434639 -0.15435 -1.0326 1.947 -1.25078 
1.19458 -0.294358 0.813829 2.02894 -0.67384 0.967384 1.12309 0.470986 -0.133319 -1.0939 1.98907 -1.34916 
1.11332 -0.134783 0.64001 2.11571 -0.61447 0.941473 1.11301 0.547044 -0.139569 -1.09773 1.99668 -1.29068 
1.0427 0.00492184 0.492185 2.18267 -0.556999 0.937668 1.10275 0.624474 -0.145932 -1.10163 2.00443 -1.23115 
0.976096 0.146302 0.332248 2.26301 -0.510429 0.924165 1.09233 0.703086 -0.152391 -1.10559 2.01229 -1.17071 
0.918931 0.278518 0.196136 2.29544 -0.456828 0.960609 1.08176 0.782897 -0.158949 -1.10961 2.02028 -1.10935 
0.871074 0.407415 0.0801869 2.25156 -0.394074 1.07399 1.07101 0.863979 -0.165612 -1.1137 2.02839 -1.04701 
0.832298 0.541203 -0.0246017 2.08065 -0.331115 1.31334 1.0601 0.946319 -0.172377 -1.11784 2.03663 -0.983702 
0.796833 0.699719 -0.170944 1.85709 -0.300235 1.60504 1.04908 1.02945 -0.179208 -1.12203 2.04495 -0.91979 
0.838046 0.701378 -0.158751 1.97426 -0.303893 1.62262 0.949423 1.19959 -0.262784 -1.25156 2.03239 -0.741127 
0.865903 0.723129 -0.177674 1.97726 -0.352193 1.57648 0.956544 0.874661 0.0277492 -1.29474 1.97196 -0.654843 
0.894771 0.745669 -0.197284 1.98037 -0.402247 1.52867 0.942723 0.567705 0.257032 -1.37563 1.92967 -0.582714 
0.924612 0.768968 -0.217555 1.98359 -0.453987 1.47925 0.897854 0.278673 0.439662 -1.48568 1.89245 -0.505304 
0.955536 0.793114 -0.238562 1.98692 -0.507606 1.42804 0.804023 0.0232421 0.577403 -1.61376 1.84289 -0.395283 
0.987886 0.818373 -0.260538 1.9904 -0.563697 1.37446 0.639355 -0.163262 0.661423 -1.7356 1.76934 -0.209091 
1.02219 0.845154 -0.283838 1.99409 -0.62317 1.31765 0.409223 -0.228187 0.668369 -1.80818 1.69404 0.0864081 
1.05888 0.873804 -0.308765 1.99804 -0.686792 1.25688 0.184282 -0.129948 0.552667 -1.76491 1.68533 0.455738 
1.09819 0.9045 -0.33547 2.00228 -0.754956 1.19177 0.0118842 0.080099 0.280815 -1.59292 1.71046 0.745381 
1.10171 0.859269 -0.264069 1.89409 -0.723282 1.35834 0.0974753 0.115398 0.323024 -1.69707 1.78556 0.696465 
1.10588 0.740446 -0.134673 1.81686 -0.680807 1.49938 0.185021 0.151504 0.366196 -1.80361 1.86237 0.646432 
1.1053 0.545985 0.0452315 1.78451 -0.618195 1.58961 0.274373 0.188354 0.41026 -1.91233 1.94077 0.595366 
1.08601 0.273509 0.274304 1.7834 -0.518097 1.62039 0.36532 0.225862 0.455109 -2.023 2.02056 0.54339 
1.12422 0.282253 0.26876 1.78013 -0.57703 1.57096 0.311063 0.111443 0.414093 -2.09535 1.80309 0.352932 
1.16402 0.29136 0.262986 1.77672 -0.638408 1.51949 0.240827 0.046467 0.313861 -2.11455 1.57155 0.191229 
1.20566 0.300888 0.256945 1.77316 -0.702621 1.46564 0.152668 0.0312357 0.155269 -2.08595 1.31804 0.0277417 
1.24929 0.310873 0.250614 1.76943 -0.769918 1.4092 0.0553283 0.0844846 -0.0775905 -1.98821 1.0778 -0.158049 
1.29487 0.321302 0.244002 1.76553 -0.840207 1.35025 -0.0426218 0.220548 -0.415884 -1.78079 0.876432 -0.429513 
1.34127 0.331921 0.237269 1.76156 -0.911779 1.29023 -0.137795 0.551456 -1.08468 -1.30973 0.779349 -0.999698 
1.42605 0.23543 0.131353 2.06335 -1.03129 0.995916 -0.139688 0.607303 -1.18685 -1.34474 0.782951 -0.916396 
1.49453 0.180007 -0.0218086 2.27309 -1.19588 0.775273 -0.141586 0.663296 -1.28928 -1.37984 0.786562 -0.832875 
1.54599 0.186679 -0.260419 2.42759 -1.40378 0.595541 -0.143476 0.719056 -1.39129 -1.4148 0.790159 -0.749701 
1.68503 0.165058 -0.208663 2.45613 -1.41433 0.694484 -0.189535 1.07603 -1.8404 -1.35342 0.74294 -0.785744 
1.82351 0.143523 -0.157115 2.48454 -1.42484 0.793031 -0.210733 1.23652 -1.91496 -1.50124 0.69957 -0.550649 
1.84289 0.0605445 -0.215565 2.47555 -1.43757 0.715382 -0.222045 1.18488 -1.88444 -1.5577 0.639765 -0.508428 
1.86297 -0.0253858 -0.276094 2.46623 -1.45076 0.634971 -0.216003 1.1218 -1.83572 -1.64595 0.609048 -0.43272 
1.88367 -0.113992 -0.338508 2.45662 -1.46436 0.552056 -0.188806 1.05618 -1.78265 -1.75352 0.61217 -0.341332 
1.90488 -0.204797 -0.402471 2.44678 -1.4783 0.467084 -0.136754 0.999483 -1.74215 -1.86123 0.650352 -0.259035 
1.92647 -0.297193 -0.467554 2.43676 -1.49248 0.380622 -0.0568782 0.963828 -1.73024 -1.9583 0.720477 -0.202219 
1.94828 -0.390544 -0.53331 2.42664 -1.50681 0.293267 0.0517018 0.956144 -1.75096 -2.05147 0.81827 -0.167216 
1.97018 -0.484297 -0.59935 2.41647 -1.5212 0.205536 0.185811 0.975132 -1.79151 -2.15448 0.941717 -0.136727 
1.9428 -0.452774 -0.573523 2.5791 -1.58673 0.189916 0.0719157 1.12294 -1.8915 -1.94776 1.1174 0.0924146 
1.97146 -0.470032 -0.558216 2.69889 -1.67301 0.188621 0.0373633 1.21821 -1.90559 -1.75181 1.29375 0.346091 
