0.644132 -0.188023 -0.600823 -0.934224 1.06954 -2.03634 1.2333 -0.361594 0.0362828 0.584058 -0.509114 1.39025 
0.713076 -0.171491 -0.660881 -0.984571 1.14394 -2.04739 1.20901 -0.344468 0.00396813 0.589123 -0.489836 1.36082 
0.78202 -0.15496 -0.720939 -1.03492 1.21835 -2.05844 1.1864 -0.328029 -0.0162554 0.586369 -0.47746 1.33759 
0.850963 -0.138428 -0.780997 -1.08526 1.29275 -2.06948 1.16589 -0.315164 -0.0199328 0.572011 -0.473615 1.32374 
0.919907 -0.121896 -0.841055 -1.13561 1.36715 -2.08053 1.14723 -0.308224 -0.00335887 0.543052 -0.479807 1.32208 
0.900966 -0.112565 -0.832299 -1.11893 1.34934 -2.0629 1.1805 -0.376213 0.0468628 0.608925 -0.478267 1.22199 
0.882024 -0.103235 -0.823543 -1.10225 1.33154 -2.04528 1.22333 -0.441841 0.0921963 0.688745 -0.482738 1.10272 
0.863083 -0.0939043 -0.814786 -1.08557 1.31373 -2.02766 1.27985 -0.504765 0.132855 0.781194 -0.498246 0.963036 
0.844142 -0.0845738 -0.80603 -1.06889 1.29592 -2.01003 1.3564 -0.564392 0.169009 0.880568 -0.532106 0.804684 
0.824835 -0.0890544 -0.811847 -1.02936 1.28612 -2.00525 1.36918 -0.658863 0.225044 0.938406 -0.496913 0.731331 
0.805528 -0.093535 -0.817664 -0.989827 1.27632 -2.00048 1.3792 -0.745506 0.260688 1.03162 -0.45634 0.624389 
0.786221 -0.0980156 -0.823481 -0.950296 1.26652 -1.9957 1.37929 -0.822761 0.276398 1.16763 -0.410355 0.480969 
0.761081 -0.108518 -0.815371 -0.936152 1.24467 -1.99698 1.51936 -0.791733 0.208133 1.24328 -0.520564 0.332507 
0.735942 -0.11902 -0.807262 -0.922007 1.22283 -1.99825 1.6725 -0.75511 0.13422 1.26585 -0.642935 0.221187 
0.710802 -0.129522 -0.799152 -0.907863 1.20098 -1.99953 1.82238 -0.712935 0.0540023 1.25733 -0.760966 0.133631 
0.685662 -0.140024 -0.791042 -0.893718 1.17913 -2.00081 1.95221 -0.665271 -0.0334549 1.2364 -0.860253 0.0627365 
0.662942 -0.149701 -0.787318 -0.88641 1.15349 -1.97904 2.00618 -0.585174 -0.182255 1.277 -0.899331 -0.0194853 
0.640223 -0.159377 -0.783594 -0.879101 1.12786 -1.95726 2.01801 -0.491169 -0.356612 1.34043 -0.911013 -0.0996917 
0.617503 -0.169053 -0.779869 -0.871793 1.10223 -1.93548 1.9877 -0.374711 -0.57297 1.44439 -0.901476 -0.196615 
0.594784 -0.17873 -0.776145 -0.864485 1.07659 -1.91371 1.91814 -0.206329 -0.886597 1.61966 -0.88808 -0.353499 
0.5511 -0.203548 -0.753865 -0.817252 1.08453 -1.85869 1.84087 -0.346091 -0.630879 1.59546 -0.850475 -0.1905 
0.507416 -0.228367 -0.731585 -0.770018 1.09248 -1.80368 1.73391 -0.433798 -0.470127 1.62503 -0.797222 -0.0832526 
0.464167 -0.252938 -0.709527 -0.723256 1.10035 -1.74921 1.56049 -0.513902 -0.327601 1.69387 -0.693976 0.042939 
0.420919 -0.277509 -0.687469 -0.676493 1.10822 -1.69474 1.39801 -0.57089 -0.222061 1.76896 -0.597947 0.138489 
0.386578 -0.273322 -0.69082 -0.693095 1.10493 -1.69038 1.55333 -0.449204 -0.280379 1.49273 -0.757429 0.355815 
0.352237 -0.269135 -0.694171 -0.709698 1.10164 -1.68602 1.56092 -0.310472 -0.373762 1.38325 -0.827302 0.502142 
0.317896 -0.264949 -0.697521 -0.726301 1.09835 -1.68167 1.55229 -0.151394 -0.512289 1.31963 -0.88745 0.604498 
0.283555 -0.260762 -0.700872 -0.742903 1.09506 -1.67731 1.53833 0.0405302 -0.721841 1.29434 -0.936487 0.654637 
0.251301 -0.266423 -0.697706 -0.690523 1.09991 -1.6479 1.57474 -0.0743055 -0.532868 1.22843 -1.01822 0.823204 
0.219047 -0.272084 -0.694539 -0.638143 1.10476 -1.61849 1.61836 -0.154409 -0.408512 1.19717 -1.10436 0.943116 
0.187939 -0.277543 -0.691485 -0.587625 1.10944 -1.59013 1.67116 -0.210923 -0.325962 1.18139 -1.2013 1.0469 
0.156832 -0.283003 -0.688432 -0.537107 1.11412 -1.56176 1.73055 -0.248193 -0.276469 1.17707 -1.30279 1.13135 
0.127055 -0.288229 -0.685509 -0.48875 1.1186 -1.5346 1.79766 -0.266492 -0.256957 1.17624 -1.41767 1.22333 
0.0972779 -0.293455 -0.682586 -0.440392 1.12307 -1.50745 1.86555 -0.266915 -0.266881 1.18046 -1.53235 1.30629 
0.0688808 -0.298439 -0.679798 -0.394275 1.12734 -1.48156 1.93081 -0.245509 -0.312903 1.1875 -1.64596 1.38752 
0.0404836 -0.303422 -0.67701 -0.348158 1.13161 -1.45567 1.988 -0.206977 -0.389612 1.19711 -1.75054 1.46424 
0.0133609 -0.308183 -0.674347 -0.304111 1.13569 -1.43093 2.03451 -0.144287 -0.510809 1.20788 -1.8444 1.5378 
-0.0137617 -0.312943 -0.671685 -0.260065 1.13977 -1.4062 2.06848 -0.0564923 -0.681986 1.21599 -1.92145 1.59677 
-0.0398099 -0.317515 -0.669128 -0.217763 1.14369 -1.38245 1.99923 -0.0881197 -0.61546 1.23959 -1.85662 1.45497 
-0.065858 -0.322086 -0.666571 -0.175461 1.1476 -1.3587 1.92764 -0.116866 -0.555976 1.26504 -1.78068 1.31463 
-0.0919135 -0.326658 -0.664014 -0.133148 1.15152 -1.33494 1.85611 -0.142216 -0.506016 1.29291 -1.69642 1.17534 
-0.117969 -0.331231 -0.661456 -0.090834 1.15544 -1.31118 1.78032 -0.163201 -0.464409 1.32563 -1.60227 1.03648 
-0.144011 -0.335801 -0.658899 -0.0485419 1.15936 -1.28743 1.70322 -0.179285 -0.433246 1.36398 -1.502 0.896709 
-0.170053 -0.340372 -0.656343 -0.00624977 1.16327 -1.26369 1.62178 -0.189387 -0.410983 1.40962 -1.3949 0.754792 
-0.196015 -0.344928 -0.653795 0.0359112 1.16717 -1.24002 1.5427 -0.194218 -0.396383 1.45919 -1.29406 0.625366 
-0.221976 -0.349485 -0.651246 0.0780721 1.17108 -1.21634 1.462 -0.193739 -0.387731 1.51549 -1.19146 0.491737 
-0.24768 -0.353996 -0.648722 0.119815 1.17494 -1.19291 1.3847 -0.189292 -0.383456 1.57589 -1.09545 0.361637 
-0.273384 -0.358507 -0.646199 0.161558 1.17881 -1.16947 1.30859 -0.18022 -0.383234 1.64339 -1.00216 0.224858 
-0.323885 -0.36737 -0.641242 0.24357 1.1864 -1.12342 1.17324 -0.163708 -0.371239 1.76696 -0.847326 -0.00241154 
-0.373105 -0.376009 -0.63641 0.323504 1.1938 -1.07854 1.05298 -0.155783 -0.336266 1.86419 -0.715412 -0.17099 
-0.420914 -0.384399 -0.631717 0.401144 1.20099 -1.03494 0.940605 -0.162221 -0.272302 1.91304 -0.590101 -0.25951 
-0.467439 -0.392565 -0.62715 0.476699 1.20799 -0.99252 0.829145 -0.193447 -0.16401 1.83335 -0.46324 -0.164766 
-0.490382 -0.396591 -0.624897 0.51396 1.21144 -0.971599 0.77184 -0.218606 -0.091143 1.69304 -0.406521 0.0108458 
-0.513326 -0.400618 -0.622645 0.55122 1.21489 -0.950677 0.71404 -0.241069 -0.0211759 1.50426 -0.362037 0.234508 
-0.511337 -0.398552 -0.610455 0.542158 1.20196 -0.928488 0.747166 -0.235415 0.0344404 1.29749 -0.435222 0.45079 
-0.509347 -0.396486 -0.598264 0.533097 1.18904 -0.906299 0.775791 -0.225139 0.0856364 1.15178 -0.518046 0.609337 
-0.507358 -0.394421 -0.586074 0.524036 1.17611 -0.88411 0.800393 -0.210266 0.132418 1.046 -0.60614 0.731068 
-0.505369 -0.392355 -0.573884 0.514974 1.16318 -0.861921 0.821388 -0.190802 0.174729 0.966787 -0.697209 0.829216 
-0.503291 -0.390197 -0.56115 0.505509 1.14968 -0.838743 0.841657 -0.167135 0.221436 0.898699 -0.81283 0.939842 
-0.501213 -0.388039 -0.548417 0.496043 1.13618 -0.815564 0.859336 -0.136063 0.260717 0.851076 -0.930903 1.03442 
-0.499135 -0.385881 -0.535683 0.486577 1.12268 -0.792385 0.874474 -0.0975575 0.292085 0.818471 -1.04994 1.11886 
-0.497057 -0.383723 -0.52295 0.477112 1.10918 -0.769207 0.887137 -0.0517576 0.315045 0.797612 -1.1687 1.19688 
-0.492918 -0.379424 -0.497585 0.458257 1.08229 -0.723037 0.899973 -0.0240456 0.313553 0.777851 -1.11638 1.07752 
-0.488779 -0.375125 -0.47222 0.439402 1.05539 -0.676867 0.915318 0.0127612 0.298952 0.780982 -1.06286 0.946072 
-0.484769 -0.37096 -0.447643 0.421133 1.02933 -0.632131 0.931705 0.0569023 0.272232 0.808065 -1.01035 0.803961 
-0.480758 -0.366795 -0.423066 0.402864 1.00327 -0.587395 0.948595 0.110974 0.233992 0.858188 -0.963233 0.650014 
-0.478212 -0.364151 -0.407463 0.391266 0.986725 -0.558994 0.959001 0.150419 0.202772 0.90343 -0.935267 0.542555 
-0.475666 -0.361507 -0.39186 0.379667 0.97018 -0.530592 0.968851 0.194202 0.166951 0.957437 -0.912043 0.430556 
-0.47312 -0.358863 -0.376257 0.368069 0.953635 -0.502191 0.977841 0.242288 0.126602 1.01921 -0.894382 0.314696 
-0.469543 -0.355148 -0.354337 0.351775 0.930393 -0.462292 0.988573 0.313225 0.067808 1.10942 -0.883114 0.159888 
-0.465966 -0.351433 -0.332418 0.335481 0.907151 -0.422393 0.996646 0.391081 0.00133214 1.20649 -0.883427 0.00358452 
-0.462639 -0.347978 -0.312033 0.320327 0.885536 -0.385287 1.00143 0.468297 -0.066172 1.29836 -0.894417 -0.138394 
-0.459313 -0.344524 -0.291648 0.305174 0.863921 -0.348181 1.00349 0.550892 -0.140161 1.38924 -0.915774 -0.276668 
-0.456225 -0.341317 -0.272724 0.291107 0.843856 -0.313735 1.00312 0.627083 -0.207468 1.4624 -0.943858 -0.386689 
-0.453137 -0.33811 -0.2538 0.277041 0.82379 -0.279289 1.00048 0.706782 -0.279673 1.53127 -0.97856 -0.491604 
-0.44737 -0.33212 -0.218459 0.25077 0.786317 -0.214959 0.990608 0.85123 -0.408931 1.62997 -1.05368 -0.644573 
-0.443479 -0.337628 -0.179898 0.204391 0.743115 -0.147551 0.983148 1.03029 -0.65185 1.72914 -1.14023 -0.790961 
-0.439853 -0.34276 -0.143964 0.16117 0.702855 -0.0847345 0.976164 1.19101 -0.886957 1.78834 -1.21735 -0.889347 
-0.436459 -0.347563 -0.110333 0.120719 0.665174 -0.0259419 0.973213 1.3134 -1.07631 1.8074 -1.26796 -0.92033 
-0.433252 -0.352102 -0.0785498 0.0824917 0.629565 0.0296182 0.975451 1.34393 -1.11377 1.7818 -1.27713 -0.839655 
-0.431701 -0.354298 -0.0631745 0.0639988 0.612339 0.056496 0.980494 1.28533 -1.00362 1.73352 -1.25584 -0.70615 
-0.430149 -0.356494 -0.0477993 0.045506 0.595113 0.0833737 0.986043 1.23802 -0.913362 1.68489 -1.24119 -0.58118 
-0.429109 -0.357966 -0.037493 0.0331099 0.583566 0.10139 0.99141 1.19183 -0.827775 1.63569 -1.22827 -0.465157 
-0.428069 -0.359438 -0.0271866 0.0207137 0.572019 0.119407 0.996942 1.15176 -0.751963 1.58584 -1.22069 -0.353021 
-0.427029 -0.36091 -0.0168803 0.00831761 0.560472 0.137424 1.00259 1.1162 -0.682854 1.53551 -1.21811 -0.243679 
-0.425975 -0.362403 -0.00642923 -0.00425259 0.548763 0.155694 0.998517 1.15852 -0.740921 1.58584 -1.23973 -0.338493 
-0.42492 -0.363895 0.00402183 -0.0168228 0.537053 0.173963 0.993998 1.20133 -0.797886 1.63165 -1.266 -0.429463 
-0.423866 -0.365388 0.0144729 -0.029393 0.525344 0.192233 0.989055 1.24387 -0.852454 1.6725 -1.29618 -0.515932 
-0.422423 -0.36743 0.0287724 -0.046592 0.509324 0.21723 0.980823 1.30279 -0.925468 1.723 -1.3435 -0.630733 
-0.42098 -0.369472 0.043072 -0.0637911 0.493303 0.242227 0.971769 1.35605 -0.98427 1.7628 -1.39472 -0.732973 
-0.41965 -0.371354 0.0562503 -0.0796416 0.478538 0.265265 0.965968 1.36517 -0.968551 1.78024 -1.42777 -0.773605 
-0.41832 -0.373236 0.0694286 -0.095492 0.463773 0.288302 0.959848 1.36476 -0.933982 1.79414 -1.45856 -0.803975 
-0.41579 -0.376818 0.0945098 -0.125659 0.435673 0.332147 0.956572 1.29959 -0.767528 1.79596 -1.47949 -0.774764 
-0.413335 -0.380293 0.118838 -0.15492 0.408416 0.374675 0.971074 1.17567 -0.534021 1.75957 -1.44805 -0.645979 
-0.412127 -0.382001 0.130802 -0.16931 0.395012 0.395589 0.98765 1.09079 -0.395274 1.71635 -1.41316 -0.534616 
-0.41092 -0.38371 0.142765 -0.183699 0.381608 0.416502 1.00416 1.01286 -0.269877 1.6691 -1.38407 -0.427329 
-0.410121 -0.384841 0.150682 -0.193221 0.372738 0.430342 1.02287 0.937786 -0.157502 1.60723 -1.35501 -0.303427 
-0.409323 -0.385971 0.158599 -0.202744 0.363868 0.444183 1.0407 0.8675 -0.0510063 1.5402 -1.33499 -0.178498 
-0.408524 -0.387102 0.166516 -0.212266 0.354998 0.458023 1.05749 0.801646 0.0506795 1.46898 -1.32447 -0.052538 
-0.40792 -0.387957 0.172502 -0.219466 0.348291 0.468487 1.07438 0.737863 0.1503 1.38446 -1.32479 0.0906433 
-0.407316 -0.388812 0.178488 -0.226666 0.341584 0.478951 1.0892 0.680278 0.245764 1.29766 -1.33913 0.234558 
-0.406712 -0.389667 0.184474 -0.233865 0.334878 0.489416 1.10158 0.62954 0.336875 1.21056 -1.36791 0.377912 
-0.406108 -0.390522 0.19046 -0.241065 0.328171 0.49988 1.11107 0.586478 0.423233 1.12501 -1.41135 0.51952 
-0.405294 -0.391673 0.198522 -0.250762 0.319138 0.513974 1.09339 0.593198 0.37965 1.20869 -1.35024 0.376564 
-0.404481 -0.392825 0.206585 -0.260459 0.310106 0.528067 1.07154 0.609261 0.333517 1.29462 -1.30781 0.234108 
-0.403667 -0.393976 0.214647 -0.270156 0.301073 0.542161 1.04584 0.632928 0.286997 1.37915 -1.28356 0.0950748 
-0.402555 -0.395551 0.22567 -0.283413 0.288724 0.56143 1.00787 0.664924 0.236913 1.47392 -1.27411 -0.0641324 
-0.401443 -0.397125 0.236692 -0.296671 0.276374 0.580699 0.964339 0.702494 0.19241 1.55515 -1.28602 -0.208884 
-0.399403 -0.400012 0.256905 -0.320983 0.253728 0.616033 0.880692 0.746214 0.158163 1.63411 -1.32449 -0.383026 
-0.397495 -0.402713 0.27582 -0.343733 0.232536 0.649099 0.79647 0.764252 0.158843 1.65255 -1.36149 -0.482154 
-0.395682 -0.405279 0.293787 -0.365343 0.212406 0.680506 0.716248 0.755083 0.1795 1.63041 -1.37913 -0.530924 
-0.393942 -0.407742 0.311031 -0.386083 0.193086 0.710651 0.641401 0.726322 0.204843 1.58519 -1.37477 -0.553497 
-0.392262 -0.410119 0.327672 -0.4061 0.174441 0.739743 0.579197 0.672022 0.234462 1.52539 -1.33414 -0.55177 
-0.390637 -0.412419 0.343777 -0.42547 0.156398 0.767896 0.524588 0.605667 0.259468 1.46216 -1.2667 -0.543363 
-0.389067 -0.414642 0.359345 -0.444194 0.138956 0.79511 0.477381 0.52708 0.28126 1.4005 -1.16817 -0.529417 
-0.38831 -0.415713 0.366845 -0.453214 0.130553 0.80822 0.455008 0.484998 0.289687 1.37189 -1.10788 -0.522464 
-0.387553 -0.416784 0.374344 -0.462234 0.122151 0.82133 0.432843 0.443638 0.296003 1.34599 -1.04325 -0.51736 
-0.386828 -0.41781 0.381528 -0.470875 0.114102 0.833889 0.41165 0.395789 0.303227 1.32216 -0.963632 -0.509228 
-0.386103 -0.418836 0.388712 -0.479516 0.106054 0.846447 0.389504 0.349166 0.30811 1.30234 -0.878809 -0.503849 
-0.385414 -0.419811 0.395537 -0.487725 0.0984074 0.858378 0.365365 0.304404 0.30785 1.28851 -0.787045 -0.503516 
-0.384726 -0.420786 0.402362 -0.495933 0.0907608 0.870308 0.339612 0.261956 0.304294 1.28198 -0.689721 -0.508711 
-0.38408 -0.4217 0.408764 -0.503633 0.0835887 0.881499 0.311427 0.222825 0.294317 1.28801 -0.585195 -0.524742 
-0.383434 -0.422614 0.415165 -0.511332 0.0764166 0.89269 0.281013 0.187545 0.279721 1.31247 -0.475387 -0.556928 
-0.382842 -0.423453 0.421038 -0.518396 0.069836 0.902957 0.282429 0.200605 0.295267 1.25447 -0.505224 -0.508134 
-0.382249 -0.424292 0.426912 -0.525461 0.0632554 0.913225 0.283286 0.214897 0.309756 1.2022 -0.536238 -0.464733 
-0.381092 -0.42593 0.438379 -0.539254 0.0504077 0.933271 0.283027 0.240962 0.337336 1.11422 -0.59136 -0.390368 
-0.379973 -0.427513 0.449464 -0.552586 0.0379886 0.952648 0.281491 0.272415 0.358438 1.04527 -0.65116 -0.334784 
-0.378901 -0.429031 0.460092 -0.56537 0.0260806 0.971228 0.27871 0.309054 0.372894 0.992056 -0.714232 -0.294601 
-0.37788 -0.430476 0.470212 -0.577542 0.0147425 0.988919 0.274628 0.333868 0.393024 0.937501 -0.757995 -0.245441 
-0.37691 -0.431849 0.479821 -0.5891 0.0039761 1.00572 0.27004 0.353831 0.41475 0.883993 -0.794004 -0.193899 
-0.375992 -0.433148 0.488921 -0.600044 -0.00621882 1.02162 0.265081 0.368275 0.439143 0.828623 -0.822689 -0.137473 
-0.375124 -0.434377 0.497522 -0.610389 -0.0158549 1.03666 0.259142 0.367898 0.474221 0.757889 -0.835186 -0.0603104 
-0.374302 -0.43554 0.505666 -0.620185 -0.0249801 1.0509 0.250459 0.352343 0.521006 0.663644 -0.834374 0.0437466 
-0.373521 -0.436646 0.513411 -0.6295 -0.0336567 1.06444 0.235544 0.322084 0.579414 0.534684 -0.825127 0.182899 
