-0.136182 -3.82391 4.67323 -9.49444 3.54157 -13.2544 
-0.0866276 -3.7229 4.62945 -9.43241 3.59374 -13.1352 
-0.0370731 -3.62188 4.58568 -9.37038 3.6459 -13.016 
0.0124813 -3.52087 4.5419 -9.30834 3.69807 -12.8968 
0.0620357 -3.41985 4.49812 -9.24631 3.75023 -12.7776 
0.11159 -3.31884 4.45435 -9.18428 3.8024 -12.6584 
0.161145 -3.21782 4.41057 -9.12225 3.85456 -12.5392 
0.210699 -3.11681 4.36679 -9.06022 3.90673 -12.42 
0.260253 -3.0158 4.32301 -8.99819 3.95889 -12.3008 
0.309808 -2.91478 4.27924 -8.93615 4.01106 -12.1816 
0.359362 -2.81377 4.23546 -8.87412 4.06322 -12.0624 
0.408917 -2.71275 4.19168 -8.81209 4.11539 -11.9432 
0.458471 -2.61174 4.14791 -8.75006 4.16755 -11.8239 
0.508026 -2.51072 4.10413 -8.68803 4.21972 -11.7047 
0.55758 -2.40971 4.06035 -8.626 4.27188 -11.5855 
0.607135 -2.30869 4.01658 -8.56396 4.32405 -11.4663 
0.656689 -2.20768 3.9728 -8.50193 4.37621 -11.3471 
0.706243 -2.10667 3.92902 -8.4399 4.42838 -11.2279 
0.755798 -2.00565 3.88524 -8.37787 4.48054 -11.1087 
0.805352 -1.90464 3.84147 -8.31584 4.53271 -10.9895 
0.854907 -1.80362 3.79769 -8.25381 4.58487 -10.8703 
0.904461 -1.70261 3.75391 -8.19177 4.63704 -10.7511 
0.954016 -1.60159 3.71014 -8.12974 4.6892 -10.6319 
1.00357 -1.50058 3.66636 -8.06771 4.74137 -10.5127 
1.04924 -1.43319 3.65902 -8.14019 4.84741 -10.5797 
1.09491 -1.3658 3.65167 -8.21268 4.95346 -10.6467 
1.14058 -1.29841 3.64433 -8.28516 5.0595 -10.7136 
1.18625 -1.23102 3.63699 -8.35765 5.16555 -10.7806 
1.23192 -1.16363 3.62964 -8.43013 5.27159 -10.8476 
1.27759 -1.09624 3.6223 -8.50262 5.37764 -10.9146 
1.32326 -1.02885 3.61496 -8.5751 5.48368 -10.9816 
1.36893 -0.961462 3.60762 -8.64758 5.58973 -11.0486 
1.4146 -0.894073 3.60027 -8.72007 5.69577 -11.1155 
1.46027 -0.826683 3.59293 -8.79255 5.80182 -11.1825 
1.50594 -0.759293 3.58559 -8.86504 5.90787 -11.2495 
1.55161 -0.691904 3.57824 -8.93752 6.01391 -11.3165 
1.59728 -0.624514 3.5709 -9.01001 6.11996 -11.3835 
1.64295 -0.557124 3.56356 -9.08249 6.226 -11.4504 
1.68862 -0.489735 3.55621 -9.15498 6.33204 -11.5174 
1.73429 -0.422345 3.54887 -9.22746 6.43809 -11.5844 
1.69403 -0.363059 3.53925 -9.38819 6.45467 -11.5462 
1.65377 -0.303773 3.52963 -9.54893 6.47125 -11.508 
1.61351 -0.244488 3.52001 -9.70966 6.48783 -11.4698 
1.57325 -0.185202 3.5104 -9.8704 6.50441 -11.4316 
1.53298 -0.125916 3.50078 -10.0311 6.52099 -11.3934 
1.49272 -0.0666303 3.49116 -10.1919 6.53757 -11.3552 
1.45246 -0.00734451 3.48154 -10.3526 6.55414 -11.3171 
1.4122 0.0519413 3.47192 -10.5133 6.57072 -11.2789 
1.37194 0.111227 3.4623 -10.6741 6.5873 -11.2407 
1.33168 0.170513 3.45269 -10.8348 6.60388 -11.2025 
1.29142 0.229799 3.44307 -10.9955 6.62046 -11.1643 
1.25116 0.289084 3.43345 -11.1563 6.63704 -11.1261 
1.2109 0.34837 3.42383 -11.317 6.65362 -11.0879 
1.17063 0.407656 3.41421 -11.4777 6.6702 -11.0497 
1.13037 0.466942 3.40459 -11.6385 6.68678 -11.0115 
1.09011 0.526228 3.39498 -11.7992 6.70336 -10.9733 
1.04985 0.585513 3.38536 -11.9599 6.71994 -10.9351 
1.00959 0.644799 3.37574 -12.1207 6.73652 -10.8969 
0.969329 0.704085 3.36612 -12.2814 6.7531 -10.8588 
0.929068 0.763371 3.3565 -12.4421 6.76967 -10.8206 
0.888807 0.822656 3.34688 -12.6029 6.78625 -10.7824 
0.848546 0.881942 3.33726 -12.7636 6.80283 -10.7442 
0.808285 0.941228 3.32765 -12.9243 6.81941 -10.706 
0.768024 1.00051 3.31803 -13.0851 6.83599 -10.6678 
0.727763 1.0598 3.30841 -13.2458 6.85257 -10.6296 
0.687501 1.11909 3.29879 -13.4065 6.86915 -10.5914 
0.64724 1.17837 3.28917 -13.5673 6.88573 -10.5532 
0.606979 1.23766 3.27955 -13.728 6.90231 -10.515 
0.566718 1.29694 3.26994 -13.8887 6.91889 -10.4768 
0.526457 1.35623 3.26032 -14.0495 6.93547 -10.4386 
0.486196 1.41551 3.2507 -14.2102 6.95205 -10.4005 
0.445935 1.4748 3.24108 -14.371 6.96862 -10.3623 
0.405674 1.53409 3.23146 -14.5317 6.9852 -10.3241 
0.365413 1.59337 3.22184 -14.6924 7.00178 -10.2859 
0.325152 1.65266 3.21222 -14.8532 7.01836 -10.2477 
0.28489 1.71194 3.20261 -15.0139 7.03494 -10.2095 
0.244629 1.77123 3.19299 -15.1746 7.05152 -10.1713 
0.204368 1.83051 3.18337 -15.3354 7.0681 -10.1331 
0.164107 1.8898 3.17375 -15.4961 7.08468 -10.0949 
0.123846 1.94909 3.16413 -15.6568 7.10126 -10.0567 
0.083585 2.00837 3.15451 -15.8176 7.11784 -10.0185 
0.0433239 2.06766 3.1449 -15.9783 7.13442 -9.98035 
0.00306278 2.12694 3.13528 -16.139 7.151 -9.94215 
-0.0371983 2.18623 3.12566 -16.2998 7.16758 -9.90396 
-0.0774594 2.24552 3.11604 -16.4605 7.18415 -9.86577 
-0.117721 2.3048 3.10642 -16.6212 7.20073 -9.82758 
-0.157982 2.36409 3.0968 -16.782 7.21731 -9.78939 
-0.198243 2.42337 3.08719 -16.9427 7.23389 -9.7512 
-0.238504 2.48266 3.07757 -17.1034 7.25047 -9.713 
-0.278765 2.54194 3.06795 -17.2642 7.26705 -9.67481 
-0.319026 2.60123 3.05833 -17.4249 7.28363 -9.63662 
-0.37642 2.5952 3.12131 -17.37 7.4334 -9.6659 
-0.433814 2.58917 3.18429 -17.3152 7.58317 -9.69518 
-0.491207 2.58315 3.24726 -17.2603 7.73295 -9.72447 
-0.548601 2.57712 3.31024 -17.2055 7.88272 -9.75375 
-0.605995 2.57109 3.37322 -17.1506 8.03249 -9.78303 
-0.663389 2.56506 3.4362 -17.0958 8.18226 -9.81231 
-0.720783 2.55904 3.49917 -17.0409 8.33203 -9.84159 
-0.778176 2.55301 3.56215 -16.9861 8.48181 -9.87088 
-0.83557 2.54698 3.62513 -16.9312 8.63158 -9.90016 
-0.892964 2.54095 3.68811 -16.8764 8.78135 -9.92944 
-0.950358 2.53493 3.75109 -16.8215 8.93112 -9.95872 
-1.00775 2.5289 3.81406 -16.7666 9.08089 -9.988 
-1.06515 2.52287 3.87704 -16.7118 9.23067 -10.0173 
-1.12254 2.51684 3.94002 -16.6569 9.38044 -10.0466 
-1.17993 2.51082 4.003 -16.6021 9.53021 -10.0758 
-1.23733 2.50479 4.06598 -16.5472 9.67998 -10.1051 
-1.29472 2.49876 4.12895 -16.4924 9.82975 -10.1344 
-1.35211 2.49273 4.19193 -16.4375 9.97953 -10.1637 
-1.40951 2.4867 4.25491 -16.3827 10.1293 -10.193 
-1.4669 2.48068 4.31789 -16.3278 10.2791 -10.2223 
-1.5243 2.47465 4.38086 -16.2729 10.4288 -10.2515 
-1.58169 2.46862 4.44384 -16.2181 10.5786 -10.2808 
-1.63908 2.46259 4.50682 -16.1632 10.7284 -10.3101 
-1.69648 2.45657 4.5698 -16.1084 10.8782 -10.3394 
-1.75387 2.45054 4.63278 -16.0535 11.0279 -10.3687 
-1.81126 2.44451 4.69575 -15.9987 11.1777 -10.398 
-1.86866 2.43848 4.75873 -15.9438 11.3275 -10.4272 
-1.92605 2.43246 4.82171 -15.889 11.4772 -10.4565 
-1.98345 2.42643 4.88469 -15.8341 11.627 -10.4858 
-2.04084 2.4204 4.94767 -15.7793 11.7768 -10.5151 
-2.09823 2.41437 5.01064 -15.7244 11.9266 -10.5444 
-2.15563 2.40835 5.07362 -15.6695 12.0763 -10.5736 
-2.21302 2.40232 5.1366 -15.6147 12.2261 -10.6029 
-2.27042 2.39629 5.19958 -15.5598 12.3759 -10.6322 
-2.32781 2.39026 5.26255 -15.505 12.5256 -10.6615 
-2.3852 2.38423 5.32553 -15.4501 12.6754 -10.6908 
-2.4426 2.37821 5.38851 -15.3953 12.8252 -10.7201 
-2.49999 2.37218 5.45149 -15.3404 12.975 -10.7493 
-2.55738 2.36615 5.51447 -15.2856 13.1247 -10.7786 
-2.61478 2.36012 5.57744 -15.2307 13.2745 -10.8079 
-2.67217 2.3541 5.64042 -15.1758 13.4243 -10.8372 
-2.72957 2.34807 5.7034 -15.121 13.5741 -10.8665 
-2.78696 2.34204 5.76638 -15.0661 13.7238 -10.8957 
-2.84435 2.33601 5.82936 -15.0113 13.8736 -10.925 
-2.90175 2.32999 5.89233 -14.9564 14.0234 -10.9543 
-2.95914 2.32396 5.95531 -14.9016 14.1731 -10.9836 
-3.01653 2.31793 6.01829 -14.8467 14.3229 -11.0129 
-3.07393 2.3119 6.08127 -14.7919 14.4727 -11.0422 
-3.13132 2.30588 6.14424 -14.737 14.6225 -11.0714 
-3.18872 2.29985 6.20722 -14.6822 14.7722 -11.1007 
-3.24611 2.29382 6.2702 -14.6273 14.922 -11.13 
-3.24712 2.28626 6.26602 -14.5323 14.7846 -11.0359 
-3.24812 2.27871 6.26184 -14.4372 14.6472 -10.9418 
-3.24913 2.27115 6.25767 -14.3422 14.5098 -10.8476 
-3.25014 2.2636 6.25349 -14.2472 14.3724 -10.7535 
-3.25115 2.25604 6.24931 -14.1522 14.2351 -10.6594 
-3.25215 2.24849 6.24513 -14.0571 14.0977 -10.5653 
-3.25316 2.24093 6.24095 -13.9621 13.9603 -10.4712 
-3.25417 2.23337 6.23678 -13.8671 13.8229 -10.377 
-3.25517 2.22582 6.2326 -13.772 13.6855 -10.2829 
-3.25618 2.21826 6.22842 -13.677 13.5481 -10.1888 
-3.25719 2.21071 6.22424 -13.582 13.4107 -10.0947 
-3.2582 2.20315 6.22006 -13.487 13.2733 -10.0006 
-3.2592 2.1956 6.21589 -13.3919 13.1359 -9.90645 
-3.26021 2.18804 6.21171 -13.2969 12.9986 -9.81233 
-3.26122 2.18048 6.20753 -13.2019 12.8612 -9.71821 
-3.26222 2.17293 6.20335 -13.1068 12.7238 -9.62409 
-3.26323 2.16537 6.19917 -13.0118 12.5864 -9.52997 
-3.26424 2.15782 6.195 -12.9168 12.449 -9.43585 
-3.26525 2.15026 6.19082 -12.8218 12.3116 -9.34173 
-3.26625 2.14271 6.18664 -12.7267 12.1742 -9.24761 
-3.26726 2.13515 6.18246 -12.6317 12.0368 -9.15349 
-3.26827 2.12759 6.17828 -12.5367 11.8995 -9.05937 
-3.26927 2.12004 6.17411 -12.4416 11.7621 -8.96525 
-3.27028 2.11248 6.16993 -12.3466 11.6247 -8.87113 
-3.27129 2.10493 6.16575 -12.2516 11.4873 -8.77701 
-3.2723 2.09737 6.16157 -12.1566 11.3499 -8.68289 
-3.2733 2.08982 6.15739 -12.0615 11.2125 -8.58878 
-3.27431 2.08226 6.15322 -11.9665 11.0751 -8.49466 
-3.27532 2.0747 6.14904 -11.8715 10.9377 -8.40054 
-3.27632 2.06715 6.14486 -11.7764 10.8003 -8.30642 
-3.27733 2.05959 6.14068 -11.6814 10.663 -8.2123 
-3.27834 2.05204 6.1365 -11.5864 10.5256 -8.11818 
-3.27935 2.04448 6.13233 -11.4914 10.3882 -8.02406 
-3.28035 2.03693 6.12815 -11.3963 10.2508 -7.92994 
-3.28136 2.02937 6.12397 -11.3013 10.1134 -7.83582 
-3.25196 2.09334 6.07869 -11.3499 10.0804 -7.66352 
-3.22255 2.15731 6.03341 -11.3985 10.0475 -7.49121 
-3.19315 2.22128 5.98812 -11.4472 10.0145 -7.31891 
-3.16375 2.28525 5.94284 -11.4958 9.98153 -7.14661 
-3.13434 2.34923 5.89756 -11.5444 9.94856 -6.97431 
-3.10494 2.4132 5.85228 -11.593 9.9156 -6.802 
-3.07554 2.47717 5.807 -11.6416 9.88263 -6.6297 
-3.04614 2.54114 5.76171 -11.6903 9.84966 -6.4574 
-3.01673 2.60511 5.71643 -11.7389 9.8167 -6.2851 
-2.98733 2.66908 5.67115 -11.7875 9.78373 -6.11279 
-2.95793 2.73305 5.62587 -11.8361 9.75076 -5.94049 
-2.92852 2.79702 5.58059 -11.8848 9.7178 -5.76819 
-2.89912 2.86099 5.53531 -11.9334 9.68483 -5.59589 
-2.86972 2.92496 5.49002 -11.982 9.65186 -5.42358 
-2.84031 2.98894 5.44474 -12.0306 9.61889 -5.25128 
-2.81091 3.05291 5.39946 -12.0792 9.58593 -5.07898 
-2.78151 3.11688 5.35418 -12.1279 9.55296 -4.90667 
-2.7521 3.18085 5.3089 -12.1765 9.51999 -4.73437 
-2.7227 3.24482 5.26361 -12.2251 9.48703 -4.56207 
-2.6933 3.30879 5.21833 -12.2737 9.45406 -4.38977 
-2.66389 3.37276 5.17305 -12.3223 9.42109 -4.21746 
-2.63449 3.43673 5.12777 -12.371 9.38812 -4.04516 
-2.60509 3.5007 5.08249 -12.4196 9.35516 -3.87286 
-2.57569 3.56468 5.03721 -12.4682 9.32219 -3.70056 
-2.54628 3.62865 4.99192 -12.5168 9.28922 -3.52825 
-2.51688 3.69262 4.94664 -12.5654 9.25626 -3.35595 
-2.48748 3.75659 4.90136 -12.6141 9.22329 -3.18365 
-2.45807 3.82056 4.85608 -12.6627 9.19032 -3.01135 
-2.42867 3.88453 4.8108 -12.7113 9.15735 -2.83904 
-2.39927 3.9485 4.76551 -12.7599 9.12439 -2.66674 
-2.36986 4.01247 4.72023 -12.8085 9.09142 -2.49444 
-2.34046 4.07644 4.67495 -12.8572 9.05845 -2.32213 
-2.31106 4.14041 4.62967 -12.9058 9.02549 -2.14983 
-2.28165 4.20439 4.58439 -12.9544 8.99252 -1.97753 
-2.25225 4.26836 4.5391 -13.003 8.95955 -1.80523 
-2.22285 4.33233 4.49382 -13.0516 8.92658 -1.63292 
-2.19344 4.3963 4.44854 -13.1003 8.89362 -1.46062 
-2.16404 4.46027 4.40326 -13.1489 8.86065 -1.28832 
-2.13464 4.52424 4.35798 -13.1975 8.82768 -1.11602 
-2.10523 4.58821 4.31269 -13.2461 8.79472 -0.943713 
-2.07583 4.65218 4.26741 -13.2948 8.76175 -0.771411 
-2.04643 4.71615 4.22213 -13.3434 8.72878 -0.599108 
-2.01703 4.78012 4.17685 -13.392 8.69582 -0.426805 
-1.98762 4.8441 4.13157 -13.4406 8.66285 -0.254503 
-1.95822 4.90807 4.08629 -13.4892 8.62988 -0.0822 
-1.92882 4.97204 4.041 -13.5379 8.59691 0.0901027 
-1.89941 5.03601 3.99572 -13.5865 8.56395 0.262405 
-1.87001 5.09998 3.95044 -13.6351 8.53098 0.434708 
-1.86747 5.1016 3.94435 -13.7558 8.53581 0.585416 
-1.86494 5.10321 3.93826 -13.8765 8.54065 0.736123 
-1.8624 5.10483 3.93217 -13.9972 8.54548 0.886831 
-1.85987 5.10644 3.92608 -14.1179 8.55031 1.03754 
-1.85733 5.10806 3.91999 -14.2385 8.55515 1.18825 
-1.85479 5.10967 3.9139 -14.3592 8.55998 1.33895 
-1.85226 5.11129 3.90781 -14.4799 8.56481 1.48966 
-1.84972 5.1129 3.90172 -14.6006 8.56965 1.64037 
-1.84719 5.11452 3.89563 -14.7213 8.57448 1.79108 
-1.84465 5.11613 3.88954 -14.842 8.57931 1.94178 
-1.84211 5.11775 3.88346 -14.9627 8.58415 2.09249 
-1.83958 5.11936 3.87737 -15.0834 8.58898 2.2432 
-1.83704 5.12098 3.87128 -15.2041 8.59381 2.39391 
-1.83451 5.12259 3.86519 -15.3247 8.59865 2.54462 
-1.83197 5.12421 3.8591 -15.4454 8.60348 2.69532 
-1.82943 5.12583 3.85301 -15.5661 8.60831 2.84603 
-1.8269 5.12744 3.84692 -15.6868 8.61315 2.99674 
-1.82436 5.12906 3.84083 -15.8075 8.61798 3.14745 
-1.82183 5.13067 3.83474 -15.9282 8.62281 3.29815 
-1.81929 5.13229 3.82865 -16.0489 8.62765 3.44886 
-1.81676 5.1339 3.82256 -16.1696 8.63248 3.59957 
-1.81422 5.13552 3.81647 -16.2903 8.63731 3.75028 
-1.81168 5.13713 3.81038 -16.4109 8.64215 3.90098 
-1.80915 5.13875 3.80429 -16.5316 8.64698 4.05169 
-1.80661 5.14036 3.7982 -16.6523 8.65181 4.2024 
-1.80408 5.14198 3.79211 -16.773 8.65665 4.35311 
-1.80154 5.14359 3.78602 -16.8937 8.66148 4.50382 
-1.799 5.14521 3.77993 -17.0144 8.66631 4.65452 
-1.79647 5.14682 3.77384 -17.1351 8.67115 4.80523 
-1.79393 5.14844 3.76775 -17.2558 8.67598 4.95594 
-1.7914 5.15005 3.76166 -17.3765 8.68081 5.10665 
-1.78886 5.15167 3.75557 -17.4972 8.68565 5.25735 
-1.78632 5.15329 3.74949 -17.6178 8.69048 5.40806 
-1.78379 5.1549 3.7434 -17.7385 8.69531 5.55877 
-1.78125 5.15652 3.73731 -17.8592 8.70014 5.70948 
-1.77872 5.15813 3.73122 -17.9799 8.70498 5.86018 
-1.77618 5.15975 3.72513 -18.1006 8.70981 6.01089 
-1.77364 5.16136 3.71904 -18.2213 8.71464 6.1616 
-1.77111 5.16298 3.71295 -18.342 8.71948 6.31231 
-1.76857 5.16459 3.70686 -18.4627 8.72431 6.46302 
-1.76604 5.16621 3.70077 -18.5834 8.72914 6.61372 
-1.7635 5.16782 3.69468 -18.704 8.73398 6.76443 
-1.76096 5.16944 3.68859 -18.8247 8.73881 6.91514 
-1.75843 5.17105 3.6825 -18.9454 8.74364 7.06585 
-1.75589 5.17267 3.67641 -19.0661 8.74848 7.21655 
-1.75336 5.17428 3.67032 -19.1868 8.75331 7.36726 
-1.75082 5.1759 3.66423 -19.3075 8.75814 7.51797 
-1.74829 5.17751 3.65814 -19.4282 8.76298 7.66868 
-1.74575 5.17913 3.65205 -19.5489 8.76781 7.81938 
-1.74321 5.18075 3.64596 -19.6696 8.77264 7.97009 
-1.74068 5.18236 3.63987 -19.7902 8.77748 8.1208 
-1.73814 5.18398 3.63378 -19.9109 8.78231 8.27151 
-1.73561 5.18559 3.62769 -20.0316 8.78714 8.42222 
-1.73307 5.18721 3.62161 -20.1523 8.79198 8.57292 
-1.73053 5.18882 3.61552 -20.273 8.79681 8.72363 
-1.728 5.19044 3.60943 -20.3937 8.80164 8.87434 
-1.72546 5.19205 3.60334 -20.5144 8.80648 9.02505 
-1.72293 5.19367 3.59725 -20.6351 8.81131 9.17575 
-1.72039 5.19528 3.59116 -20.7558 8.81614 9.32646 
-1.71785 5.1969 3.58507 -20.8764 8.82098 9.47717 
-1.71532 5.19851 3.57898 -20.9971 8.82581 9.62788 
-1.71278 5.20013 3.57289 -21.1178 8.83064 9.77858 
-1.71025 5.20174 3.5668 -21.2385 8.83548 9.92929 
-1.70771 5.20336 3.56071 -21.3592 8.84031 10.08 

