4008
2.00396 0.00937976 0.00769531
4.00762 0.0375011 0.0308475
6.0107 0.0843346 0.0695539
8.01288 0.149847 0.123909
10.0139 0.234002 0.194003
12.0134 0.33676 0.279926
14.0111 0.458077 0.381763
16.0068 0.597905 0.499596
18 0.756195 0.633503
19.9905 0.932892 0.783562
21.9781 1.12794 0.949844
23.9623 1.34127 1.13242
25.9429 1.57282 1.33136
27.9196 1.82253 1.54671
29.892 2.09032 1.77856
31.8599 2.37611 2.02694
33.823 2.67982 2.29191
35.7809 3.00138 2.57352
37.7333 3.34069 2.87182
39.6799 3.69766 3.18685
41.6204 4.0722 3.51865
43.5545 4.4642 3.86725
45.4819 4.87358 4.23269
47.4023 5.30021 4.615
49.3153 5.744 5.01419
51.2207 6.20482 5.4303
53.1181 6.68256 5.86333
55.0073 7.17711 6.31331
56.8879 7.68833 6.78024
58.7596 8.2161 7.26413
60.6221 8.76028 7.76499
62.4752 9.32075 8.2828
64.3184 9.89736 8.81757
66.1515 10.49 9.36929
67.9743 11.0984 9.93795
69.7863 11.7226 10.5235
71.5874 12.3624 11.126
73.3771 13.0175 11.7454
75.1553 13.6878 12.3816
76.9215 14.3733 13.0346
78.6756 15.0736 13.7045
80.4173 15.7887 14.391
82.1461 16.5184 15.0943
83.862 17.2624 15.8143
85.5645 18.0207 16.5508
87.2534 18.793 17.3039
88.9284 19.5791 18.0736
90.5892 20.3789 18.8597
92.2356 21.1921 19.6621
93.8673 22.0186 20.4809
95.4841 22.8582 21.3159
97.0856 23.7107 22.1671
98.6716 24.5758 23.0344
100.242 25.4534 23.9177
101.796 26.3432 24.8169
103.334 27.2451 25.7319
104.855 28.1588 26.6627
106.36 29.0841 27.6092
107.848 30.0208 28.5712
109.318 30.9687 29.5487
110.771 31.9275 30.5415
112.206 32.897 31.5495
113.624 33.8771 32.5727
115.023 34.8674 33.6109
116.403 35.8677 34.664
117.765 36.8778 35.7318
119.109 37.8974 36.8144
120.433 38.9264 37.9114
121.738 39.9645 39.0228
123.024 41.0114 40.1485
124.29 42.0669 41.2884
125.536 43.1307 42.4422
126.762 44.2026 43.6099
127.968 45.2824 44.7912
129.154 46.3698 45.9862
130.319 47.4645 47.1945
131.463 48.5663 48.4161
132.587 49.675 49.6509
133.689 50.7903 50.8986
134.77 51.9119 52.159
135.83 53.0395 53.4321
136.869 54.173 54.7177
137.886 55.312 56.0156
138.881 56.4564 57.3256
139.854 57.6058 58.6476
140.805 58.7599 59.9814
141.735 59.9186 61.3269
142.641 61.0815 62.6838
143.526 62.2485 64.0519
144.388 63.4191 65.4312
145.228 64.5933 66.8214
146.044 65.7706 68.2223
146.838 66.9509 69.6338
147.61 68.1339 71.0557
148.358 69.3193 72.4878
149.083 70.5068 73.9298
149.786 71.6963 75.3817
150.465 72.8874 76.8433
151.121 74.0799 78.3142
151.754 75.2734 79.7944
152.363 76.4679 81.2837
152.949 77.6629 82.7818
153.512 78.8583 84.2886
154.051 80.0537 85.8039
154.567 81.249 87.3275
155.059 82.4438 88.8591
155.528 83.6379 90.3987
155.974 84.8311 91.9459
156.395 86.0231 93.5006
156.794 87.2136 95.0627
157.169 88.4024 96.6319
157.52 89.5893 98.2079
157.848 90.7739 99.7907
158.152 91.9561 101.38
158.433 93.1356 102.976
158.69 94.3122 104.577
158.924 95.4855 106.185
159.134 96.6555 107.798
159.321 97.8217 109.417
159.485 98.984 111.042
159.625 100.142 112.671
159.742 101.296 114.305
159.837 102.445 115.944
159.907 103.59 117.588
159.955 104.729 119.236
159.98 105.863 120.888
159.982 106.991 122.544
159.961 108.114 124.204
159.917 109.23 125.867
159.851 110.341 127.534
159.762 111.445 129.204
159.65 112.542 130.878
159.516 113.633 132.553
159.36 114.716 134.232
159.181 115.793 135.913
158.981 116.861 137.596
158.758 117.922 139.282
158.513 118.976 140.969
158.247 120.021 142.658
157.959 121.057 144.349
157.649 122.086 146.041
157.318 123.105 147.734
156.966 124.116 149.428
156.592 125.118 151.123
156.198 126.11 152.819
155.782 127.093 154.515
155.346 128.067 156.212
154.89 129.03 157.908
154.412 129.984 159.605
153.915 130.927 161.302
153.397 131.86 162.998
152.86 132.783 164.694
152.302 133.695 166.389
151.725 134.596 168.083
151.128 135.487 169.776
150.512 136.366 171.469
149.877 137.234 173.16
149.223 138.09 174.849
148.55 138.935 176.537
147.858 139.768 178.223
147.148 140.589 179.908
146.419 141.398 181.59
145.672 142.195 183.27
144.908 142.98 184.948
144.125 143.752 186.624
143.325 144.511 188.297
142.508 145.258 189.967
141.673 145.992 191.635
140.821 146.713 193.299
139.953 147.421 194.961
139.068 148.116 196.619
138.166 148.797 198.274
137.248 149.465 199.926
136.314 150.119 201.574
135.364 150.76 203.218
134.399 151.387 204.858
133.418 152 206.495
132.422 152.599 208.127
131.411 153.183 209.756
130.385 153.754 211.38
129.344 154.31 213
128.289 154.852 214.615
127.22 155.379 216.226
126.137 155.892 217.832
125.04 156.39 219.433
123.929 156.873 221.03
122.805 157.342 222.622
121.668 157.795 224.208
120.518 158.234 225.79
119.355 158.657 227.366
118.18 159.066 228.937
116.992 159.459 230.502
115.792 159.836 232.062
114.581 160.198 233.617
113.357 160.545 235.166
112.122 160.877 236.709
110.876 161.192 238.247
109.619 161.492 239.778
108.352 161.777 241.304
107.073 162.045 242.823
105.784 162.298 244.337
104.485 162.535 245.845
103.176 162.756 247.346
101.858 162.961 248.841
100.53 163.15 250.33
99.1923 163.323 251.812
97.8458 163.48 253.288
96.4905 163.621 254.758
95.1266 163.745 256.221
93.7543 163.853 257.677
92.3738 163.945 259.127
90.9853 164.021 260.57
89.5891 164.081 262.006
88.1853 164.123 263.436
86.7742 164.15 264.858
85.356 164.16 266.274
83.931 164.154 267.683
82.4992 164.131 269.085
81.0611 164.092 270.48
79.6166 164.036 271.868
78.1662 163.964 273.249
76.71 163.875 274.623
75.2482 163.769 275.99
73.7811 163.647 277.349
72.3088 163.509 278.702
70.8315 163.353 280.047
69.3496 163.181 281.385
67.8632 162.993 282.716
66.3724 162.787 284.039
64.8776 162.565 285.356
63.379 162.327 286.664
61.8767 162.072 287.966
60.371 161.8 289.26
58.862 161.511 290.547
57.3501 161.206 291.826
55.8354 160.884 293.098
54.3181 160.545 294.363
52.7984 160.19 295.62
51.2766 159.818 296.87
49.7528 159.429 298.112
48.2273 159.024 299.347
46.7003 158.602 300.574
45.172 158.164 301.794
43.6426 157.709 303.006
42.1123 157.237 304.211
40.5813 156.749 305.409
39.0498 156.244 306.598
37.5181 155.722 307.781
35.9864 155.185 308.956
34.4547 154.63 310.123
32.9235 154.059 311.283
31.3928 153.472 312.435
29.8629 152.868 313.58
28.3339 152.248 314.718
26.8062 151.611 315.848
25.2798 150.958 316.97
23.7551 150.289 318.085
22.2321 149.603 319.193
20.7112 148.902 320.293
19.1924 148.183 321.385
17.6761 147.449 322.47
16.1624 146.699 323.548
14.6515 145.932 324.618
13.1436 145.149 325.681
11.639 144.351 326.737
10.1377 143.536 327.785
8.64015 142.705 328.826
7.14639 141.859 329.859
5.65666 140.996 330.885
4.17115 140.118 331.904
2.69008 139.224 332.915
1.21364 138.314 333.92
-0.25798 137.388 334.916
-1.72457 136.447 335.906
-3.18593 135.491 336.888
-4.64187 134.518 337.864
-6.09218 133.53 338.832
-7.53668 132.527 339.792
-8.97515 131.509 340.746
-10.4074 130.475 341.692
-11.8333 129.426 342.632
-13.2525 128.362 343.564
-14.665 127.282 344.489
-16.0704 126.188 345.407
-17.4687 125.079 346.319
-18.8595 123.954 347.223
-20.2428 122.815 348.12
-21.6184 121.661 349.01
-22.9859 120.493 349.893
-24.3453 119.309 350.77
-25.6963 118.112 351.639
-27.0388 116.899 352.502
-28.3726 115.673 353.358
-29.6974 114.432 354.207
-31.0131 113.176 355.049
-32.3195 111.907 355.885
-33.6164 110.624 356.713
-34.9035 109.326 357.535
-36.1809 108.015 358.351
-37.4481 106.69 359.16
-38.7051 105.351 359.962
-39.9516 103.999 360.758
-41.1876 102.633 361.547
-42.4127 101.253 362.329
-43.6267 99.8606 363.106
-44.8296 98.4546 363.875
-46.0212 97.0356 364.639
-47.2011 95.6035 365.395
-48.3693 94.1585 366.146
-49.5256 92.7007 366.89
-50.6698 91.2302 367.628
-51.8016 89.7471 368.36
-52.921 88.2516 369.085
-54.0277 86.7437 369.805
-55.1216 85.2235 370.518
-56.2025 83.6912 371.225
-57.2702 82.1469 371.925
-58.3245 80.5907 372.62
-59.3652 79.0228 373.309
-60.3922 77.4432 373.992
-61.4053 75.8521 374.669
-62.4043 74.2496 375.34
-63.3891 72.6359 376.005
-64.3594 71.0111 376.664
-65.3151 69.3754 377.317
-66.2561 67.7288 377.965
-67.182 66.0715 378.607
-68.0929 64.4036 379.243
-68.9885 62.7254 379.873
-69.8686 61.0369 380.498
-70.7331 59.3382 381.117
-71.5818 57.6297 381.731
-72.4145 55.9113 382.339
-73.2312 54.1833 382.941
-74.0315 52.4458 383.538
-74.8154 50.6989 384.13
-75.5827 48.9429 384.716
-76.3333 47.1779 385.297
-77.0669 45.4041 385.873
-77.7834 43.6216 386.443
-78.4827 41.8306 387.008
-79.1646 40.0313 387.568
-79.829 38.2238 388.123
-80.4757 36.4084 388.673
-81.1045 34.5852 389.217
-81.7154 32.7544 389.757
-82.3081 30.9162 390.291
-82.8825 29.0707 390.82
-83.4385 27.2183 391.345
-83.976 25.3589 391.865
-84.4948 23.4929 392.379
-84.9947 21.6205 392.889
-85.4756 19.7418 393.395
-85.9374 17.8571 393.895
-86.38 15.9665 394.391
-86.8032 14.0702 394.882
-87.207 12.1685 395.368
-87.5911 10.2616 395.85
-87.9554 8.34972 396.328
-88.2999 6.43301 396.8
-88.6243 4.51173 397.269
-88.9287 2.58608 397.733
-89.2129 0.656297 398.192
-89.4767 -1.2774 398.648
-89.7201 -3.21478 399.099
-89.9429 -5.15561 399.545
-90.145 -7.09967 399.988
-90.3265 -9.04673 400.426
-90.487 -10.9965 400.86
-90.6266 -12.9489 401.29
-90.7451 -14.9035 401.716
-90.8425 -16.8601 402.138
-90.9187 -18.8185 402.556
-90.9735 -20.7785 402.97
-91.007 -22.7398 403.38
-91.0189 -24.7021 403.787
-91.0093 -26.6653 404.189
-90.9781 -28.6289 404.588
-90.9252 -30.5929 404.983
-90.8505 -32.5568 405.375
-90.754 -34.5206 405.763
-90.6355 -36.4838 406.147
-90.4952 -38.4463 406.527
-90.3328 -40.4078 406.905
-90.1483 -42.368 407.278
-89.9418 -44.3266 407.649
-89.7131 -46.2834 408.016
-89.4622 -48.2381 408.379
-89.189 -50.1904 408.74
-88.8937 -52.1401 409.097
-88.576 -54.0868 409.451
-88.236 -56.0304 409.802
-87.8737 -57.9704 410.149
-87.489 -59.9067 410.494
-87.0819 -61.839 410.836
-86.6525 -63.7669 411.174
-86.2007 -65.6902 411.51
-85.7265 -67.6086 411.843
-85.2299 -69.5219 412.173
-84.711 -71.4296 412.5
-84.1696 -73.3316 412.825
-83.6059 -75.2276 413.147
-83.0199 -77.1172 413.466
-82.4116 -79.0002 413.783
-81.781 -80.8763 414.097
-81.1281 -82.7452 414.408
-80.453 -84.6065 414.717
-79.7558 -86.4601 415.024
-79.0364 -88.3056 415.328
-78.295 -90.1427 415.63
-77.5315 -91.9712 415.93
-76.746 -93.7907 416.228
-75.9386 -95.6009 416.523
-75.1094 -97.4016 416.816
-74.2585 -99.1924 417.108
-73.3858 -100.973 417.397
-72.4916 -102.743 417.684
-71.5758 -104.503 417.969
-70.6386 -106.251 418.252
-69.6801 -107.989 418.534
-68.7003 -109.714 418.814
-67.6994 -111.428 419.092
-66.6775 -113.13 419.368
-65.6347 -114.819 419.643
-64.5711 -116.495 419.916
-63.4868 -118.158 420.187
-62.382 -119.808 420.457
-61.2568 -121.445 420.726
-60.1114 -123.067 420.993
-58.9458 -124.676 421.259
-57.7602 -126.27 421.523
-56.5549 -127.849 421.786
-55.3298 -129.413 422.048
-54.0853 -130.962 422.309
-52.8214 -132.495 422.569
-51.5384 -134.013 422.828
-50.2364 -135.514 423.085
-48.9156 -136.999 423.342
-47.5761 -138.468 423.598
-46.2182 -139.919 423.853
-44.8421 -141.354 424.107
-43.4479 -142.771 424.361
-42.0358 -144.17 424.613
-40.6062 -145.552 424.865
-39.1591 -146.915 425.117
-37.6948 -148.26 425.368
-36.2135 -149.586 425.618
-34.7154 -150.894 425.868
-33.2008 -152.182 426.117
-31.6699 -153.451 426.366
-30.1229 -154.7 426.615
-28.5601 -155.93 426.864
-26.9817 -157.139 427.112
-25.3879 -158.329 427.36
-23.7791 -159.498 427.608
-22.1554 -160.646 427.856
-20.5171 -161.773 428.104
-18.8646 -162.879 428.352
-17.198 -163.964 428.6
-15.5176 -165.027 428.848
-13.8237 -166.069 429.096
-12.1165 -167.089 429.344
-10.3965 -168.087 429.593
-8.66375 -169.062 429.842
-6.91864 -170.015 430.091
-5.16144 -170.946 430.341
-3.39245 -171.853 430.591
-1.61195 -172.738 430.842
0.179752 -173.6 431.093
1.98236 -174.439 431.345
3.79556 -175.254 431.598
5.61906 -176.045 431.851
7.45255 -176.813 432.105
9.29571 -177.558 432.36
11.1482 -178.278 432.615
13.0098 -178.974 432.871
14.8801 -179.646 433.129
16.7589 -180.294 433.387
18.6457 -180.918 433.646
20.5403 -181.517 433.906
22.4423 -182.091 434.168
24.3515 -182.641 434.43
26.2674 -183.166 434.694
28.1898 -183.666 434.959
30.1184 -184.141 435.225
32.0528 -184.591 435.493
33.9926 -185.016 435.762
35.9376 -185.416 436.032
37.8874 -185.791 436.304
39.8416 -186.141 436.577
41.8001 -186.465 436.851
43.7623 -186.764 437.128
45.7279 -187.038 437.406
47.6968 -187.286 437.685
49.6684 -187.509 437.966
51.6424 -187.706 438.249
53.6186 -187.878 438.534
55.5966 -188.025 438.821
57.576 -188.146 439.109
59.5566 -188.241 439.399

2.00399 0.00735369 0.00303221
4.00785 0.0293804 0.0122046
6.01146 0.0660275 0.0276305
8.01469 0.117241 0.0494223
10.0174 0.182964 0.0776917
12.0195 0.263139 0.11255
14.0208 0.357708 0.154107
16.0213 0.466609 0.202473
18.0208 0.589781 0.257756
20.0191 0.727158 0.320065
22.0161 0.878677 0.389507
24.0118 1.04427 0.466188
26.006 1.22387 0.550214
27.9985 1.4174 0.641689
29.9893 1.62479 0.740719
31.9782 1.84598 0.847405
33.9651 2.08088 0.961851
35.9499 2.32942 1.08416
37.9324 2.59152 1.21443
39.9125 2.8671 1.35275
41.8901 3.15608 1.49924
43.8652 3.45838 1.65399
45.8374 3.77391 1.81709
47.8068 4.1026 1.98865
49.7733 4.44435 2.16874
51.7366 4.79907 2.35748
53.6966 5.16667 2.55496
55.6534 5.54707 2.76126
57.6066 5.94017 2.97647
59.5563 6.34588 3.20069
61.5022 6.7641 3.43401
63.4443 7.19473 3.67652
65.3825 7.63768 3.9283
67.3165 8.09285 4.18943
69.2464 8.56013 4.46001
71.172 9.03943 4.74012
73.0932 9.53063 5.02983
75.0098 10.0336 5.32924
76.9217 10.5484 5.63842
78.8289 11.0747 5.95746
80.7311 11.6124 6.28643
82.6284 12.1616 6.62541
84.5205 12.722 6.97447
86.4074 13.2936 7.33369
88.2889 13.8762 7.70315
90.1649 14.4697 8.08292
92.0354 15.074 8.47307
93.9001 15.689 8.87367
95.7591 16.3145 9.28478
97.6121 16.9505 9.70649
99.4591 17.5968 10.1388
101.3 18.2533 10.5819
103.135 18.9199 11.0358
104.963 19.5964 11.5005
106.785 20.2828 11.9761
108.6 20.9788 12.4627
110.408 21.6844 12.9604
112.21 22.3994 13.4691
114.005 23.1237 13.9889
115.792 23.8572 14.52
117.573 24.5998 15.0623
119.346 25.3512 15.616
121.112 26.1114 16.1809
122.871 26.8802 16.7573
124.622 27.6575 17.3452
126.365 28.4432 17.9446
128.101 29.2371 18.5555
129.829 30.039 19.178
131.549 30.8489 19.8122
133.261 31.6665 20.458
134.964 32.4918 21.1156
136.66 33.3246 21.7849
138.347 34.1648 22.4661
140.025 35.0121 23.1591
141.696 35.8665 23.8639
143.357 36.7278 24.5807
145.01 37.5958 25.3094
146.654 38.4704 26.05
148.289 39.3515 26.8027
149.915 40.2389 27.5674
151.531 41.1324 28.3441
153.139 42.032 29.133
154.738 42.9373 29.9339
156.327 43.8483 30.7469
157.906 44.7649 31.5721
159.476 45.6868 32.4095
161.037 46.6139 33.259
162.587 47.5461 34.1208
164.128 48.4831 34.9947
165.659 49.4249 35.8809
167.18 50.3712 36.7792
168.691 51.322 37.6899
170.192 52.277 38.6128
171.682 53.236 39.5479
173.162 54.199 40.4953
174.632 55.1657 41.455
176.092 56.136 42.4269
177.541 57.1096 43.4111
178.979 58.0866 44.4076
180.407 59.0666 45.4163
181.823 60.0495 46.4373
183.229 61.0352 47.4705
184.625 62.0235 48.516
186.009 63.0141 49.5737
187.382 64.007 50.6437
188.744 65.002 51.7258
190.095 65.9988 52.8201
191.434 66.9974 53.9266
192.762 67.9975 55.0453
194.079 68.999 56.1761
195.385 70.0018 57.3191
196.679 71.0055 58.4741
197.961 72.0101 59.6412
199.232 73.0154 60.8204
200.491 74.0212 62.0115
201.739 75.0274 63.2147
202.974 76.0337 64.4298
204.198 77.04 65.6569
205.41 78.0461 66.8958
206.61 79.0519 68.1466
207.798 80.0572 69.4093
208.974 81.0617 70.6837
210.138 82.0654 71.9698
211.29 83.068 73.2677
212.429 84.0693 74.5772
213.556 85.0693 75.8983
214.671 86.0677 77.2309
215.774 87.0643 78.5751
216.864 88.059 79.9307
217.942 89.0515 81.2978
219.008 90.0418 82.6762
220.061 91.0297 84.0659
221.102 92.0149 85.4668
222.13 92.9972 86.879
223.145 93.9766 88.3022
224.148 94.9529 89.7365
225.138 95.9258 91.1818
226.116 96.8952 92.6381
227.081 97.8609 94.1052
228.033 98.8228 95.5831
228.972 99.7806 97.0717
229.899 100.734 98.571
230.813 101.683 100.081
231.714 102.628 101.601
232.602 103.568 103.132
233.478 104.503 104.673
234.34 105.433 106.225
235.19 106.358 107.786
236.027 107.277 109.358
236.851 108.191 110.94
237.662 109.099 112.531
238.46 110.002 114.133
239.246 110.898 115.744
240.018 111.787 117.365
240.777 112.671 118.996
241.524 113.548 120.636
242.258 114.418 122.285
242.978 115.281 123.944
243.686 116.137 125.612
244.381 116.986 127.289
245.063 117.827 128.975
245.732 118.661 130.67
246.389 119.487 132.374
247.032 120.306 134.087
247.662 121.116 135.808
248.28 121.918 137.537
248.885 122.712 139.275
249.477 123.497 141.021
250.056 124.273 142.776
250.622 125.041 144.538
251.176 125.8 146.308
251.717 126.549 148.086
252.245 127.289 149.872
252.761 128.02 151.665
253.264 128.741 153.466
253.754 129.453 155.274
254.231 130.155 157.09
254.697 130.846 158.912
255.149 131.528 160.742
255.589 132.199 162.578
256.017 132.859 164.421
256.432 133.509 166.271
256.835 134.149 168.127
257.225 134.777 169.989
257.603 135.394 171.858
257.969 136.001 173.733
258.323 136.596 175.613
258.665 137.179 177.5
258.994 137.751 179.392
259.312 138.311 181.29
259.617 138.86 183.193
259.911 139.397 185.101
260.192 139.921 187.015
260.462 140.433 188.933
260.72 140.933 190.856
260.967 141.421 192.785
261.201 141.896 194.717
261.424 142.358 196.654
261.636 142.808 198.596
261.836 143.245 200.541
262.025 143.668 202.491
262.203 144.079 204.444
262.369 144.476 206.402
262.524 144.86 208.362
262.668 145.231 210.327
262.801 145.588 212.294
262.923 145.931 214.265
263.034 146.261 216.238
263.134 146.576 218.215
263.224 146.878 220.194
263.303 147.166 222.175
263.372 147.439 224.159
263.43 147.699 226.146
263.477 147.944 228.134
263.515 148.175 230.124
263.542 148.391 232.117
263.559 148.592 234.11
263.566 148.779 236.106
263.564 148.951 238.102
263.551 149.109 240.1
263.529 149.251 242.099
263.497 149.378 244.098
263.456 149.491 246.099
263.405 149.588 248.1
263.345 149.67 250.101
263.276 149.737 252.103
263.197 149.789 254.105
263.11 149.825 256.107
263.014 149.846 258.108
262.908 149.851 260.109
262.795 149.841 262.11
262.672 149.815 264.11
262.541 149.773 266.11
262.402 149.716 268.108
262.255 149.643 270.105
262.099 149.554 272.101
261.936 149.449 274.096
261.765 149.329 276.089
261.585 149.192 278.08
261.399 149.04 280.069
261.204 148.871 282.057
261.002 148.687 284.042
260.793 148.486 286.025
260.577 148.269 288.006
260.354 148.037 289.983
260.124 147.788 291.959
259.887 147.523 293.931
259.643 147.241 295.9
259.393 146.944 297.866
259.136 146.63 299.828
258.873 146.3 301.787
258.604 145.954 303.743
258.329 145.591 305.695
258.048 145.212 307.642
257.762 144.817 309.586
257.469 144.406 311.525
257.171 143.978 313.46
256.868 143.535 315.391
256.56 143.074 317.317
256.246 142.598 319.238
255.927 142.105 321.154
255.604 141.596 323.065
255.276 141.071 324.971
254.943 140.53 326.872
254.606 139.972 328.767
254.265 139.398 330.656
253.92 138.808 332.54
253.57 138.202 334.418
253.217 137.58 336.29
252.86 136.941 338.156
252.5 136.287 340.015
252.136 135.616 341.868
251.768 134.929 343.715
251.398 134.227 345.555
251.024 133.508 347.388
250.648 132.774 349.214
250.269 132.023 351.033
249.887 131.257 352.845
249.503 130.475 354.65
249.117 129.677 356.447
248.729 128.864 358.237
248.338 128.035 360.019
247.946 127.19 361.794
247.552 126.33 363.56
247.156 125.454 365.319
246.759 124.563 367.069
246.361 123.657 368.811
245.961 122.735 370.545
245.561 121.798 372.271
245.159 120.845 373.988
244.757 119.878 375.696
244.355 118.896 377.396
243.952 117.898 379.087
243.549 116.886 380.769
243.145 115.859 382.441
242.742 114.817 384.105
242.339 113.76 385.759
241.936 112.689 387.405
241.534 111.603 389.04
241.132 110.503 390.666
240.731 109.388 392.283
240.331 108.259 393.889
239.932 107.116 395.486
239.534 105.959 397.073
239.137 104.788 398.65
238.742 103.603 400.217
238.348 102.404 401.774
237.957 101.191 403.321
237.567 99.9648 404.857
237.179 98.7249 406.383
236.793 97.4716 407.898
236.41 96.2049 409.403
236.029 94.925 410.897
235.651 93.632 412.381
235.275 92.3259 413.854
234.903 91.0069 415.316
234.533 89.6751 416.767
234.167 88.3305 418.207
233.804 86.9734 419.636
233.444 85.6037 421.054
233.088 84.2217 422.461
232.735 82.8274 423.857
232.387 81.421 425.241
232.042 80.0025 426.614
231.702 78.5721 427.976
231.366 77.1299 429.326
231.034 75.6761 430.665
230.706 74.2107 431.992
230.384 72.7338 433.307
230.066 71.2456 434.611
229.753 69.7463 435.904
229.445 68.2359 437.184
229.142 66.7146 438.453
228.845 65.1824 439.71
228.553 63.6396 440.955
228.266 62.0863 442.189
227.986 60.5225 443.41
227.711 58.9484 444.619
227.442 57.3642 445.817
227.179 55.77 447.002
226.922 54.1659 448.176
226.672 52.552 449.337
226.428 50.9286 450.486
226.19 49.2957 451.624
225.959 47.6534 452.749
225.735 46.0019 453.862
225.518 44.3414 454.962
225.308 42.672 456.051
225.105 40.9938 457.127
224.91 39.307 458.191
224.722 37.6116 459.243
224.541 35.908 460.283
224.368 34.1961 461.31
224.202 32.4762 462.325
224.045 30.7483 463.328
223.895 29.0127 464.319
223.753 27.2695 465.297
223.62 25.5189 466.263
223.495 23.7608 467.217
223.378 21.9957 468.159
223.27 20.2235 469.088
223.17 18.4444 470.005
223.079 16.6586 470.91
222.997 14.8662 471.802
222.923 13.0674 472.683
222.859 11.2624 473.551
222.803 9.45117 474.407
222.757 7.63402 475.251
222.72 5.81105 476.082
222.693 3.98243 476.901
222.675 2.14829 477.709
222.667 0.308805 478.504
222.668 -1.53588 479.287
222.679 -3.38561 480.058
222.7 -5.24023 480.817
222.73 -7.09958 481.564
222.771 -8.96351 482.299
222.822 -10.8319 483.022
222.883 -12.7045 483.733
222.954 -14.5812 484.432
223.036 -16.4619 485.119
223.128 -18.3464 485.795
223.231 -20.2345 486.458
223.344 -22.1261 487.11
223.468 -24.021 487.75
223.603 -25.9191 488.379
223.748 -27.8203 488.996
223.905 -29.7242 489.601
224.072 -31.6309 490.195
224.25 -33.5401 490.778
224.44 -35.4517 491.348
224.641 -37.3655 491.908
224.853 -39.2814 492.456
225.076 -41.1992 492.993
225.311 -43.1187 493.519
225.557 -45.0398 494.033
225.814 -46.9624 494.537
226.084 -48.8862 495.029
226.365 -50.8112 495.51
226.657 -52.7371 495.981
226.961 -54.6639 496.44
227.278 -56.5912 496.889
227.606 -58.5191 497.327
227.946 -60.4473 497.754
228.298 -62.3757 498.17
228.661 -64.3041 498.576
229.038 -66.2323 498.972
229.426 -68.1603 499.357
229.826 -70.0878 499.732
230.239 -72.0147 500.096
230.663 -73.9409 500.451
231.101 -75.8661 500.795
231.55 -77.7902 501.129
232.012 -79.7132 501.453
232.486 -81.6347 501.767
232.973 -83.5547 502.072
233.472 -85.473 502.366
233.984 -87.3895 502.651
234.508 -89.3039 502.927
235.045 -91.2162 503.193
235.595 -93.1262 503.449
236.157 -95.0338 503.697
236.732 -96.9387 503.935
237.32 -98.8409 504.164
237.921 -100.74 504.383
238.534 -102.636 504.594
239.16 -104.529 504.796
239.799 -106.419 504.989
240.45 -108.305 505.174
241.115 -110.187 505.35
241.792 -112.066 505.517
242.483 -113.941 505.676
243.186 -115.811 505.827
243.902 -117.677 505.969
244.631 -119.539 506.104
245.373 -121.396 506.23
246.128 -123.249 506.348
246.896 -125.097 506.459
247.677 -126.939 506.562
248.471 -128.777 506.657
249.278 -130.609 506.745
250.097 -132.436 506.825
250.93 -134.258 506.899
251.776 -136.073 506.964
252.634 -137.883 507.023
253.506 -139.687 507.075
254.391 -141.484 507.12
255.288 -143.276 507.158
256.198 -145.061 507.19
257.122 -146.839 507.215
258.058 -148.611 507.234
259.007 -150.376 507.246
259.969 -152.134 507.252
260.944 -153.885 507.252
261.932 -155.628 507.246
262.933 -157.365 507.234
263.946 -159.093 507.217
264.972 -160.814 507.193
266.011 -162.528 507.165
267.063 -164.233 507.131
268.128 -165.931 507.091
269.205 -167.62 507.047
270.295 -169.301 506.997
271.397 -170.974 506.943
272.512 -172.638 506.883
273.64 -174.293 506.819
274.78 -175.94 506.751
275.933 -177.578 506.678
277.098 -179.206 506.601
278.275 -180.826 506.519
279.465 -182.436 506.434
280.667 -184.037 506.344
281.882 -185.628 506.251
283.109 -187.21 506.154
284.347 -188.782 506.054
285.599 -190.344 505.95
286.862 -191.896 505.843
288.137 -193.438 505.732
289.424 -194.97 505.619
290.723 -196.491 505.502
292.034 -198.002 505.383
293.357 -199.503 505.261
294.692 -200.992 505.137
296.038 -202.471 505.01
297.396 -203.939 504.881
298.766 -205.396 504.749
300.147 -206.842 504.616
301.539 -208.277 504.481
302.943 -209.701 504.344
304.358 -211.113 504.205
305.785 -212.513 504.065
307.222 -213.902 503.923
308.671 -215.28 503.781
310.131 -216.645 503.637
311.602 -217.999 503.492
313.083 -219.34 503.346
314.575 -220.67 503.2
316.078 -221.987 503.052
317.592 -223.292 502.905
319.116 -224.585 502.757

2.00399 0.00711653 0.000871859
4.00788 0.0284268 0.00358244
6.01156 0.0638704 0.00827396
8.01494 0.113385 0.0150883
10.0179 0.176908 0.0241668
12.0204 0.254373 0.0356506
14.0223 0.345712 0.0496804
16.0234 0.450859 0.0663962
18.0238 0.569741 0.0859378
20.0233 0.702287 0.108445
22.0218 0.848424 0.134055
24.0192 1.00808 0.162908
26.0155 1.18117 0.195141
28.0105 1.36762 0.230891
30.0041 1.56735 0.270296
31.9963 1.78028 0.31349
33.987 2.00632 0.360611
35.976 2.2454 0.411793
37.9633 2.49743 0.467171
39.9488 2.76231 0.526878
41.9325 3.03997 0.591048
43.9142 3.3303 0.659814
45.8938 3.63323 0.733308
47.8712 3.94864 0.811661
49.8465 4.27647 0.895004
51.8194 4.61659 0.983468
53.79 4.96893 1.07718
55.7581 5.33338 1.17627
57.7236 5.70983 1.28087
59.6866 6.0982 1.39111
61.6468 6.49838 1.5071
63.6042 6.91026 1.62898
65.5588 7.33374 1.75688
67.5104 7.76871 1.89091
69.459 8.21507 2.0312
71.4046 8.6727 2.17787
73.3469 9.1415 2.33105
75.2861 9.62136 2.49086
77.2219 10.1122 2.65742
79.1543 10.6138 2.83084
81.0833 11.1261 3.01125
83.0088 11.6491 3.19876
84.9306 12.1825 3.3935
86.8488 12.7263 3.59557
88.7633 13.2804 3.8051
90.674 13.8445 4.02219
92.5807 14.4187 4.24697
94.4836 15.0027 4.47954
96.3824 15.5965 4.72002
98.2772 16.2 4.96852
100.168 16.8129 5.22515
102.054 17.4352 5.49001
103.936 18.0668 5.76322
105.814 18.7075 6.04487
107.688 19.3572 6.33509
109.557 20.0157 6.63397
111.421 20.683 6.94162
113.281 21.3588 7.25814
115.136 22.0431 7.58363
116.987 22.7357 7.91819
118.832 23.4366 8.26193
120.673 24.1454 8.61494
122.509 24.8622 8.97732
124.34 25.5867 9.34917
126.166 26.3189 9.73058
127.987 27.0586 10.1216
129.803 27.8056 10.5225
131.614 28.5598 10.9331
133.419 29.321 11.3537
135.22 30.0892 11.7843
137.014 30.8641 12.225
138.804 31.6456 12.6759
140.588 32.4336 13.1371
142.366 33.228 13.6087
144.139 34.0285 14.0907
145.906 34.835 14.5833
147.668 35.6473 15.0864
149.423 36.4654 15.6003
151.173 37.2891 16.1249
152.917 38.1181 16.6604
154.656 38.9524 17.2068
156.388 39.7918 17.7642
158.114 40.6361 18.3327
159.834 41.4851 18.9123
161.549 42.3388 19.5031
163.257 43.197 20.1052
164.958 44.0594 20.7187
166.654 44.926 21.3435
168.343 45.7965 21.9798
170.026 46.6709 22.6277
171.702 47.5489 23.2872
173.372 48.4303 23.9583
175.035 49.3151 24.6412
176.692 50.203 25.3358
178.343 51.0939 26.0422
179.986 51.9876 26.7606
181.623 52.8839 27.4908
183.253 53.7827 28.233
184.876 54.6838 28.9873
186.493 55.587 29.7536
188.102 56.4922 30.5321
189.705 57.3991 31.3227
191.301 58.3077 32.1255
192.889 59.2177 32.9406
194.471 60.129 33.7679
196.045 61.0413 34.6075
197.612 61.9546 35.4595
199.172 62.8686 36.3239
200.725 63.7831 37.2007
202.27 64.698 38.0899
203.808 65.6132 38.9916
205.339 66.5283 39.9057
206.862 67.4433 40.8324
208.378 68.3579 41.7716
209.886 69.2721 42.7234
211.387 70.1855 43.6877
212.88 71.098 44.6646
214.365 72.0095 45.654
215.843 72.9198 46.6561
217.313 73.8286 47.6708
218.775 74.7358 48.6981
220.229 75.6412 49.7381
221.675 76.5446 50.7906
223.114 77.4458 51.8558
224.544 78.3447 52.9336
225.967 79.2411 54.0239
227.381 80.1348 55.127
228.788 81.0255 56.2426
230.186 81.9132 57.3707
231.576 82.7976 58.5115
232.958 83.6785 59.6648
234.332 84.5557 60.8307
235.697 85.4292 62.009
237.055 86.2986 63.1999
238.403 87.1638 64.4032
239.744 88.0246 65.619
241.076 88.8808 66.8472
242.4 89.7323 68.0877
243.715 90.5788 69.3406
245.022 91.4201 70.6059
246.32 92.2561 71.8833
247.609 93.0866 73.1731
248.89 93.9114 74.475
250.162 94.7303 75.789
251.426 95.5431 77.1151
252.681 96.3497 78.4533
253.927 97.1498 79.8034
255.165 97.9433 81.1655
256.393 98.7299 82.5394
257.613 99.5096 83.9251
258.824 100.282 85.3226
260.026 101.047 86.7318
261.219 101.805 88.1525
262.403 102.554 89.5848
263.579 103.296 91.0286
264.745 104.03 92.4837
265.902 104.755 93.9502
267.05 105.472 95.4278
268.19 106.181 96.9166
269.32 106.88 98.4165
270.441 107.571 99.9273
271.553 108.252 101.449
272.655 108.924 102.982
273.749 109.587 104.525
274.833 110.239 106.078
275.909 110.882 107.643
276.975 111.515 109.217
278.031 112.137 110.802
279.079 112.749 112.397
280.117 113.351 114.002
281.146 113.942 115.617
282.166 114.521 117.242
283.176 115.09 118.877
284.177 115.648 120.521
285.169 116.194 122.174
286.151 116.728 123.837
287.124 117.251 125.509
288.088 117.762 127.19
289.043 118.26 128.88
289.988 118.747 130.579
290.923 119.221 132.287
291.85 119.683 134.003
292.767 120.132 135.727
293.674 120.568 137.46
294.572 120.991 139.201
295.461 121.401 140.949
296.341 121.798 142.706
297.211 122.181 144.47
298.072 122.551 146.242
298.923 122.907 148.02
299.765 123.249 149.806
300.598 123.577 151.599
301.421 123.891 153.399
302.235 124.191 155.206
303.04 124.476 157.019
303.836 124.747 158.838
304.622 125.003 160.663
305.399 125.244 162.495
306.167 125.471 164.332
306.925 125.682 166.175
307.675 125.879 168.023
308.415 126.06 169.877
309.146 126.226 171.735
309.867 126.376 173.599
310.58 126.511 175.467
311.284 126.63 177.339
311.978 126.733 179.216
312.664 126.82 181.097
313.34 126.892 182.983
314.007 126.947 184.871
314.666 126.986 186.764
315.316 127.009 188.659
315.956 127.015 190.558
316.588 127.005 192.46
317.211 126.979 194.364
317.825 126.936 196.271
318.431 126.876 198.181
319.028 126.799 200.092
319.616 126.706 202.006
320.196 126.596 203.921
320.767 126.469 205.838
321.329 126.324 207.756
321.883 126.163 209.675
322.429 125.985 211.595
322.966 125.789 213.516
323.495 125.576 215.437
324.016 125.346 217.358
324.528 125.098 219.28
325.032 124.833 221.201
325.528 124.551 223.122
326.017 124.251 225.042
326.497 123.934 226.962
326.969 123.599 228.88
327.433 123.246 230.798
327.89 122.877 232.714
328.339 122.489 234.628
328.78 122.084 236.54
329.214 121.661 238.451
329.64 121.221 240.359
330.059 120.763 242.264
330.47 120.287 244.167
330.874 119.793 246.067
331.271 119.282 247.963
331.66 118.754 249.857
332.043 118.207 251.747
332.418 117.643 253.633
332.787 117.062 255.515
333.148 116.463 257.392
333.503 115.846 259.266
333.852 115.212 261.135
334.193 114.56 262.999
334.528 113.89 264.857
334.857 113.204 266.711
335.18 112.499 268.559
335.496 111.778 270.402
335.806 111.039 272.239
336.109 110.282 274.07
336.407 109.509 275.894
336.699 108.718 277.712
336.986 107.91 279.524
337.266 107.085 281.328
337.541 106.243 283.126
337.81 105.383 284.916
338.074 104.507 286.699
338.333 103.614 288.474
338.587 102.705 290.242
338.835 101.778 292.001
339.078 100.835 293.753
339.317 99.8751 295.496
339.55 98.8989 297.23
339.779 97.9063 298.956
340.004 96.8973 300.673
340.223 95.8721 302.381
340.439 94.8308 304.079
340.65 93.7734 305.768
340.857 92.7 307.448
341.06 91.6108 309.118
341.259 90.5058 310.778
341.454 89.3851 312.428
341.645 88.2489 314.067
341.833 87.0973 315.696
342.017 85.9303 317.315
342.198 84.748 318.923
342.376 83.5507 320.52
342.55 82.3384 322.106
342.721 81.1111 323.681
342.889 79.8692 325.245
343.055 78.6125 326.797
343.218 77.3414 328.338
343.378 76.0559 329.867
343.536 74.7561 331.384
343.691 73.4422 332.889
343.844 72.1143 334.383
343.995 70.7725 335.863
344.144 69.4169 337.332
344.291 68.0478 338.788
344.436 66.6652 340.231
344.579 65.2693 341.662
344.721 63.8603 343.08
344.862 62.4381 344.485
345.001 61.0031 345.877
345.139 59.5554 347.255
345.276 58.095 348.621
345.412 56.6222 349.973
345.547 55.1371 351.312
345.681 53.6399 352.637
345.815 52.1306 353.949
345.948 50.6095 355.247
346.081 49.0767 356.531
346.214 47.5324 357.801
346.346 45.9767 359.057
346.479 44.4097 360.299
346.612 42.8317 361.527
346.744 41.2428 362.741
346.878 39.6431 363.941
347.011 38.0329 365.127
347.146 36.4122 366.298
347.281 34.7812 367.454
347.417 33.1402 368.596
347.553 31.4892 369.724
347.691 29.8284 370.837
347.83 28.1581 371.936
347.97 26.4782 373.019
348.112 24.7891 374.088
348.255 23.0909 375.143
348.4 21.3837 376.182
348.547 19.6678 377.207
348.695 17.9432 378.217
348.846 16.2102 379.212
348.999 14.4689 380.192
349.153 12.7194 381.157
349.311 10.962 382.107
349.47 9.19687 383.042
349.632 7.42409 383.963
349.797 5.64385 384.868
349.965 3.85634 385.758
350.135 2.06171 386.634
350.309 0.260133 387.494
350.486 -1.54822 388.339
350.666 -3.36319 389.17
350.849 -5.18461 389.985
351.036 -7.01231 390.786
351.226 -8.84612 391.571
351.42 -10.6859 392.342
351.618 -12.5314 393.097
351.819 -14.3826 393.838
352.025 -16.2392 394.564
352.234 -18.1011 395.275
352.448 -19.9681 395.971
352.667 -21.8401 396.652
352.889 -23.7168 397.318
353.116 -25.5982 397.97
353.348 -27.4841 398.607
353.585 -29.3743 399.23
353.826 -31.2686 399.837
354.072 -33.1669 400.43
354.324 -35.0691 401.009
354.58 -36.9749 401.573
354.842 -38.8842 402.123
355.109 -40.7969 402.658
355.381 -42.7127 403.179
355.659 -44.6316 403.685
355.942 -46.5534 404.178
356.232 -48.4779 404.656
356.527 -50.4049 405.12
356.827 -52.3344 405.57
357.134 -54.2662 406.006
357.447 -56.2 406.428
357.766 -58.1359 406.837
358.092 -60.0735 407.231
358.424 -62.0128 407.612
358.762 -63.9536 407.98
359.107 -65.8958 408.333
359.458 -67.8392 408.674
359.816 -69.7836 409.001
360.181 -71.729 409.315
360.552 -73.6752 409.615
360.931 -75.622 409.902
361.317 -77.5693 410.177
361.71 -79.5169 410.438
362.11 -81.4648 410.687
362.517 -83.4127 410.923
362.932 -85.3606 411.146
363.354 -87.3083 411.357
363.784 -89.2556 411.555
364.221 -91.2025 411.741
364.666 -93.1487 411.915
365.118 -95.0942 412.076
365.579 -97.0389 412.226
366.047 -98.9825 412.363
366.524 -100.925 412.489
367.008 -102.866 412.603
367.501 -104.806 412.705
368.001 -106.744 412.796
368.51 -108.681 412.876
369.028 -110.616 412.944
369.553 -112.549 413.002
370.088 -114.48 413.048
370.63 -116.409 413.083
371.181 -118.335 413.108
371.741 -120.259 413.122
372.31 -122.181 413.125
372.887 -124.1 413.118
373.474 -126.016 413.101
374.069 -127.93 413.073
374.673 -129.84 413.036
375.286 -131.747 412.989
375.908 -133.651 412.932
376.539 -135.552 412.865
377.18 -137.45 412.789
377.83 -139.343 412.703
378.489 -141.234 412.608
379.157 -143.12 412.504
379.835 -145.003 412.391
380.522 -146.881 412.27
381.219 -148.756 412.139
381.925 -150.626 412
382.64 -152.492 411.853
383.366 -154.354 411.697
384.101 -156.211 411.534
384.846 -158.063 411.362
385.6 -159.911 411.182
386.365 -161.754 410.995
387.139 -163.592 410.8
387.923 -165.425 410.598
388.717 -167.253 410.389
389.521 -169.076 410.172
390.335 -170.894 409.949
391.159 -172.706 409.719
391.993 -174.513 409.482
392.837 -176.314 409.239
393.691 -178.109 408.989
394.556 -179.899 408.733
395.431 -181.683 408.471
396.315 -183.461 408.203
397.211 -185.233 407.929
398.116 -186.999 407.65
399.032 -188.759 407.366
399.958 -190.512 407.076
400.894 -192.259 406.781
401.841 -194 406.481
402.798 -195.734 406.176
403.765 -197.461 405.867
404.743 -199.182 405.553
405.731 -200.896 405.235
406.73 -202.604 404.913
407.74 -204.304 404.586
408.759 -205.997 404.256
409.79 -207.683 403.922
410.83 -209.362 403.585
411.882 -211.034 403.244
412.943 -212.698 402.9
414.016 -214.356 402.554
415.099 -216.005 402.204
416.192 -217.647 401.851
417.296 -219.282 401.496
418.41 -220.908 401.139
419.535 -222.527 400.78
420.671 -224.139 400.418
421.817 -225.742 400.055
422.973 -227.337 399.69
424.14 -228.925 399.323
425.318 -230.504 398.955
426.506 -232.075 398.586
427.705 -233.638 398.215
428.914 -235.192 397.844
430.133 -236.738 397.472
431.363 -238.276 397.1
432.604 -239.805 396.727
433.855 -241.326 396.355
435.116 -242.838 395.982
436.388 -244.341 395.609
437.67 -245.835 395.236
438.962 -247.321 394.864
440.265 -248.798 394.493
441.578 -250.266 394.123
442.901 -251.725 393.753
444.234 -253.175 393.385
445.578 -254.616 393.018
446.932 -256.048 392.652
448.296 -257.47 392.289
449.67 -258.883 391.927
451.054 -260.287 391.567
452.448 -261.682 391.209
453.852 -263.067 390.854
455.265 -264.443 390.501
456.689 -265.809 390.151
458.123 -267.165 389.803
459.566 -268.512 389.459
461.019 -269.849 389.118
462.482 -271.177 388.78
463.955 -272.495 388.446
465.437 -273.802 388.116
466.928 -275.1 387.789
468.429 -276.389 387.467
469.939 -277.667 387.148
471.459 -278.935 386.835
472.988 -280.193 386.525
474.526 -281.441 386.221
476.073 -282.679 385.921

2.00399 0.00613025 -0.00521165
4.00784 0.0244767 -0.0207994
6.01145 0.0549716 -0.0466915
8.01467 0.0975458 -0.0828146
10.0174 0.152129 -0.129094
12.0195 0.218648 -0.185454
14.0209 0.29703 -0.251818
16.0214 0.3872 -0.328107
18.0209 0.489082 -0.414241
20.0194 0.602597 -0.510139
22.0167 0.727668 -0.615721
24.0128 0.864214 -0.730901
26.0074 1.01215 -0.855597
28.0006 1.1714 -0.989723
29.9921 1.34188 -1.13319
31.9821 1.5235 -1.28592
33.9702 1.71618 -1.44781
35.9565 1.91983 -1.61879
37.9408 2.13436 -1.79875
39.9231 2.35969 -1.98761
41.9034 2.59572 -2.18528
43.8814 2.84237 -2.39167
45.8572 3.09954 -2.60667
47.8306 3.36714 -2.8302
49.8016 3.64508 -3.06216
51.7702 3.93326 -3.30246
53.7362 4.2316 -3.551
55.6996 4.53999 -3.80769
57.6604 4.85834 -4.07242
59.6185 5.18656 -4.3451
61.5737 5.52454 -4.62563
63.5262 5.8722 -4.91392
65.4758 6.22943 -5.20986
67.4224 6.59614 -5.51335
69.3661 6.97222 -5.82429
71.3068 7.35759 -6.14258
73.2444 7.75213 -6.46813
75.1789 8.15575 -6.80083
77.1103 8.56835 -7.14057
79.0386 8.98984 -7.48726
80.9637 9.4201 -7.8408
82.8856 9.85904 -8.20107
84.8042 10.3066 -8.56798
86.7196 10.7626 -8.94143
88.6316 11.2269 -9.32132
90.5404 11.6996 -9.70753
92.4459 12.1804 -10.1
94.3481 12.6693 -10.4985
96.2469 13.1661 -10.9031
98.1423 13.6709 -11.3136
100.034 14.1834 -11.7299
101.923 14.7035 -12.1519
103.809 15.2312 -12.5795
105.691 15.7664 -13.0126
107.569 16.309 -13.4511
109.445 16.8588 -13.8949
111.317 17.4157 -14.3438
113.185 17.9797 -14.7979
115.051 18.5507 -15.2569
116.912 19.1285 -15.7208
118.771 19.7131 -16.1894
120.627 20.3043 -16.6628
122.479 20.9021 -17.1406
124.328 21.5063 -17.623
126.173 22.1169 -18.1096
128.016 22.7337 -18.6006
129.855 23.3567 -19.0956
131.691 23.9857 -19.5947
133.524 24.6207 -20.0978
135.354 25.2615 -20.6047
137.181 25.9081 -21.1153
139.004 26.5603 -21.6295
140.825 27.218 -22.1472
142.643 27.8813 -22.6684
144.458 28.5499 -23.1929
146.27 29.2237 -23.7206
148.079 29.9027 -24.2513
149.886 30.5868 -24.7852
151.689 31.2758 -25.3219
153.49 31.9697 -25.8614
155.289 32.6684 -26.4036
157.084 33.3717 -26.9484
158.877 34.0796 -27.4957
160.668 34.7921 -28.0454
162.456 35.5089 -28.5974
164.242 36.23 -29.1516
166.025 36.9553 -29.7078
167.807 37.6847 -30.2661
169.585 38.4181 -30.8262
171.362 39.1554 -31.3882
173.137 39.8966 -31.9518
174.909 40.6414 -32.517
176.68 41.3899 -33.0837
178.448 42.142 -33.6518
180.215 42.8975 -34.2211
181.98 43.6563 -34.7917
183.743 44.4185 -35.3633
185.504 45.1837 -35.9359
187.264 45.9521 -36.5094
189.022 46.7235 -37.0837
190.779 47.4977 -37.6587
192.534 48.2748 -38.2342
194.288 49.0545 -38.8103
196.041 49.8369 -39.3867
197.792 50.6218 -39.9634
199.542 51.4092 -40.5403
201.291 52.1989 -41.1173
203.04 52.9909 -41.6943
204.787 53.785 -42.2712
206.533 54.5812 -42.8478
208.279 55.3794 -43.4242
210.023 56.1795 -44.0002
211.767 56.9814 -44.5756
213.511 57.785 -45.1505
215.254 58.5903 -45.7246
216.996 59.3971 -46.2979
218.739 60.2053 -46.8704
220.48 61.0149 -47.4418
222.222 61.8258 -48.0122
223.963 62.6378 -48.5813
225.705 63.451 -49.1492
227.446 64.2651 -49.7156
229.188 65.0802 -50.2806
230.929 65.8961 -50.844
232.671 66.7127 -51.4057
234.413 67.53 -51.9656
236.155 68.3478 -52.5236
237.898 69.1661 -53.0796
239.641 69.9847 -53.6335
241.385 70.8037 -54.1852
243.13 71.6228 -54.7347
244.875 72.4421 -55.2818
246.621 73.2614 -55.8263
248.367 74.0806 -56.3683
250.115 74.8996 -56.9076
251.864 75.7184 -57.4442
253.614 76.5369 -57.9778
255.364 77.3549 -58.5084
257.116 78.1724 -59.036
258.87 78.9892 -59.5604
260.624 79.8054 -60.0815
262.38 80.6208 -60.5992
264.137 81.4352 -61.1134
265.896 82.2487 -61.624
267.657 83.0612 -62.131
269.419 83.8724 -62.6341
271.182 84.6824 -63.1334
272.948 85.4911 -63.6286
274.715 86.2983 -64.1198
276.484 87.1039 -64.6068
278.255 87.908 -65.0894
280.028 88.7103 -65.5677
281.803 89.5108 -66.0415
283.58 90.3094 -66.5106
285.36 91.1059 -66.9751
287.141 91.9004 -67.4348
288.925 92.6927 -67.8895
290.711 93.4827 -68.3392
292.499 94.2703 -68.7839
294.29 95.0554 -69.2233
296.083 95.8379 -69.6573
297.878 96.6178 -70.086
299.677 97.3948 -70.5091
301.477 98.169 -70.9266
303.28 98.9403 -71.3384
305.086 99.7084 -71.7443
306.895 100.473 -72.1443
308.706 101.235 -72.5383
310.52 101.994 -72.9261
312.337 102.748 -73.3077
314.156 103.5 -73.6829
315.979 104.247 -74.0517
317.804 104.991 -74.4139
319.632 105.731 -74.7694
321.463 106.467 -75.1182
323.297 107.199 -75.4601
325.134 107.927 -75.7951
326.974 108.651 -76.123
328.817 109.37 -76.4437
330.662 110.085 -76.7571
332.511 110.795 -77.0632
334.363 111.5 -77.3617
336.218 112.201 -77.6527
338.076 112.897 -77.936
339.937 113.587 -78.2115
341.801 114.273 -78.4792
343.668 114.953 -78.7388
345.538 115.629 -78.9904
347.411 116.298 -79.2337
349.287 116.962 -79.4688
351.166 117.621 -79.6954
353.048 118.274 -79.9136
354.933 118.921 -80.1232
356.821 119.562 -80.3241
358.712 120.197 -80.5162
360.606 120.826 -80.6995
362.503 121.448 -80.8737
364.403 122.064 -81.0389
366.305 122.674 -81.1949
368.211 123.277 -81.3416
370.119 123.874 -81.4789
372.03 124.463 -81.6068
373.944 125.046 -81.7252
375.86 125.622 -81.8338
377.779 126.191 -81.9328
379.701 126.752 -82.0219
381.625 127.306 -82.1011
383.552 127.853 -82.1702
385.481 128.392 -82.2293
387.413 128.923 -82.2781
389.347 129.447 -82.3167
391.283 129.963 -82.3449
393.222 130.47 -82.3627
395.162 130.97 -82.3699
397.105 131.462 -82.3665
399.05 131.945 -82.3524
400.997 132.42 -82.3276
402.945 132.886 -82.2918
404.896 133.344 -82.2451
406.848 133.793 -82.1874
408.802 134.234 -82.1186
410.757 134.665 -82.0386
412.714 135.088 -81.9473
414.672 135.501 -81.8447
416.632 135.905 -81.7308
418.592 136.3 -81.6054
420.554 136.685 -81.4684
422.517 137.061 -81.3198
424.481 137.427 -81.1596
426.445 137.784 -80.9877
428.41 138.131 -80.8039
430.376 138.468 -80.6083
432.342 138.795 -80.4008
434.309 139.112 -80.1813
436.276 139.418 -79.9499
438.243 139.715 -79.7063
440.21 140.001 -79.4506
442.177 140.277 -79.1827
444.143 140.542 -78.9026
446.109 140.796 -78.6102
448.075 141.04 -78.3055
450.04 141.273 -77.9885
452.004 141.495 -77.659
453.967 141.707 -77.3171
455.93 141.907 -76.9627
457.891 142.096 -76.5959
459.85 142.274 -76.2164
461.808 142.441 -75.8245
463.765 142.596 -75.4199
465.72 142.74 -75.0027
467.673 142.873 -74.5728
469.624 142.993 -74.1303
471.572 143.103 -73.6751
473.518 143.2 -73.2072
475.462 143.286 -72.7266
477.403 143.36 -72.2332
479.341 143.422 -71.7271
481.276 143.473 -71.2083
483.208 143.511 -70.6767
485.136 143.537 -70.1324
487.061 143.551 -69.5753
488.982 143.553 -69.0055
490.9 143.543 -68.4229
492.813 143.52 -67.8277
494.722 143.486 -67.2196
496.627 143.439 -66.5989
498.528 143.379 -65.9655
500.423 143.307 -65.3194
502.314 143.223 -64.6607
504.2 143.126 -63.9893
506.08 143.016 -63.3053
507.955 142.894 -62.6088
509.825 142.759 -61.8997
511.689 142.612 -61.1781
513.546 142.452 -60.444
515.398 142.28 -59.6975
517.244 142.094 -58.9386
519.083 141.896 -58.1673
520.915 141.686 -57.3838
522.741 141.462 -56.5879
524.559 141.226 -55.7799
526.371 140.977 -54.9597
528.175 140.715 -54.1274
529.971 140.441 -53.2831
531.76 140.154 -52.4268
533.541 139.854 -51.5586
535.314 139.541 -50.6786
537.079 139.215 -49.7868
538.836 138.877 -48.8832
540.584 138.526 -47.9681
542.323 138.162 -47.0414
544.053 137.785 -46.1032
545.774 137.396 -45.1536
547.487 136.994 -44.1927
549.189 136.579 -43.2205
550.882 136.152 -42.2373
552.566 135.712 -41.2429
554.239 135.26 -40.2376
555.903 134.795 -39.2215
557.556 134.317 -38.1945
559.199 133.827 -37.1569
560.831 133.325 -36.1087
562.453 132.81 -35.05
564.064 132.283 -33.981
565.664 131.743 -32.9017
567.253 131.192 -31.8122
568.831 130.628 -30.7127
570.397 130.051 -29.6032
571.952 129.463 -28.4839
573.495 128.863 -27.3549
575.026 128.25 -26.2163
576.545 127.626 -25.0682
578.052 126.99 -23.9107
579.547 126.342 -22.744
581.03 125.682 -21.5682
582.5 125.01 -20.3834
583.957 124.327 -19.1896
585.402 123.633 -17.9872
586.834 122.926 -16.7761
588.253 122.209 -15.5565
589.659 121.48 -14.3286
591.052 120.74 -13.0924
592.432 119.988 -11.8481
593.798 119.226 -10.5958
595.151 118.453 -9.33563
596.49 117.668 -8.06778
597.815 116.873 -6.79235
599.127 116.067 -5.50947
600.425 115.251 -4.21928
601.709 114.424 -2.92192
602.979 113.586 -1.61751
604.235 112.738 -0.306197
605.477 111.88 1.01188
606.704 111.011 2.33659
607.918 110.133 3.6678
609.117 109.244 5.00536
610.301 108.346 6.34914
611.471 107.437 7.699
612.627 106.519 9.0548
613.767 105.592 10.4164
614.894 104.655 11.7837
616.005 103.708 13.1565
617.102 102.752 14.5347
618.184 101.787 15.9181
619.251 100.813 17.3067
620.304 99.8299 18.7003
621.341 98.8379 20.0987
622.364 97.8372 21.5018
623.372 96.8278 22.9095
624.364 95.8098 24.3216
625.342 94.7834 25.738
626.305 93.7486 27.1586
627.253 92.7056 28.5833
628.186 91.6544 30.0118
629.104 90.5953 31.4442
630.007 89.5282 32.8802
630.895 88.4533 34.3197
631.768 87.3708 35.7625
632.626 86.2806 37.2087
633.469 85.183 38.658
634.297 84.078 40.1103
635.11 82.9657 41.5655
635.909 81.8463 43.0234
636.692 80.7199 44.484
637.461 79.5865 45.9471
638.215 78.4463 47.4126
638.954 77.2993 48.8804
639.678 76.1458 50.3503
640.387 74.9857 51.8223
641.082 73.8192 53.2962
641.763 72.6465 54.772
642.428 71.4675 56.2494
643.08 70.2824 57.7285
643.716 69.0914 59.209
644.339 67.8944 60.6909
644.947 66.6917 62.1741
645.54 65.4833 63.6585
646.12 64.2694 65.1439
646.685 63.0499 66.6303
647.236 61.8251 68.1176
647.774 60.5949 69.6056
648.297 59.3596 71.0943
648.806 58.1192 72.5836
649.302 56.8738 74.0734
649.784 55.6235 75.5635
650.252 54.3684 77.054
650.706 53.1085 78.5447
651.148 51.8441 80.0355
651.575 50.5751 81.5264
651.99 49.3017 83.0172
652.391 48.0239 84.5079
652.78 46.7418 85.9984
653.155 45.4556 87.4887
653.517 44.1652 88.9786
653.867 42.8709 90.468
654.203 41.5726 91.957
654.528 40.2704 93.4454
654.839 38.9645 94.9332
655.139 37.6549 96.4202
655.426 36.3417 97.9065
655.7 35.0249 99.392
655.963 33.7047 100.877
656.214 32.3811 102.36
656.453 31.0541 103.843
656.68 29.724 105.324
656.896 28.3906 106.805
657.1 27.0541 108.284
657.293 25.7146 109.762
657.475 24.3722 111.239
657.645 23.0268 112.714
657.805 21.6786 114.188
657.953 20.3275 115.661
658.091 18.9738 117.132
658.219 17.6174 118.602
658.335 16.2584 120.07
658.442 14.8969 121.537
658.538 13.5328 123.002
658.624 12.1664 124.465
658.7 10.7975 125.927
658.767 9.42635 127.387
658.823 8.05289 128.845
658.87 6.67719 130.301
658.908 5.29932 131.756
658.936 3.91931 133.209
658.955 2.5372 134.66
658.965 1.15305 136.109
658.966 -0.233099 137.556
658.959 -1.62121 139.002
658.943 -3.01125 140.445
658.918 -4.40317 141.887
658.885 -5.79693 143.326
658.844 -7.1925 144.764
658.795 -8.58984 146.2
658.738 -9.98892 147.633
658.673 -11.3897 149.065
658.6 -12.7922 150.495
658.521 -14.1962 151.922
658.433 -15.6019 153.348
658.339 -17.0092 154.771
658.237 -18.4181 156.193
658.129 -19.8284 157.613
658.014 -21.2403 159.03
657.892 -22.6537 160.446
657.764 -24.0685 161.859
657.629 -25.4847 163.271
657.488 -26.9023 164.68
657.342 -28.3214 166.087
657.189 -29.7418 167.493
657.03 -31.1635 168.896
656.866 -32.5866 170.298
656.697 -34.011 171.697
656.522 -35.4367 173.095
656.342 -36.8637 174.49
656.158 -38.292 175.884
655.968 -39.7215 177.275
655.773 -41.1523 178.665
655.574 -42.5843 180.053
655.371 -44.0175 181.438
655.163 -45.452 182.822
654.952 -46.8877 184.204
654.736 -48.3245 185.585
654.516 -49.7625 186.963
654.293 -51.2018 188.339
654.067 -52.6422 189.714
653.836 -54.0837 191.087
653.603 -55.5265 192.458
653.367 -56.9703 193.828
653.128 -58.4154 195.196
652.885 -59.8616 196.562
652.641 -61.3089 197.926
652.394 -62.7574 199.289
652.144 -64.207 200.65
651.893 -65.6578 202.009
651.639 -67.1097 203.367
651.383 -68.5627 204.723
651.126 -70.0169 206.078
650.867 -71.4722 207.431
650.607 -72.9286 208.783
650.345 -74.3862 210.133
650.083 -75.8449 211.482
649.819 -77.3048 212.829
649.555 -78.7658 214.175
649.289 -80.2279 215.52
649.024 -81.6912 216.863
648.758 -83.1556 218.205
648.491 -84.6212 219.545
648.225 -86.0879 220.885
647.958 -87.5558 222.223
647.692 -89.0248 223.56
647.427 -90.4949 224.895
647.161 -91.9662 226.23
646.897 -93.4387 227.563
646.633 -94.9123 228.895
646.37 -96.3871 230.227
646.109 -97.8631 231.557
645.848 -99.3402 232.886
645.589 -100.818 234.214
645.332 -102.298 235.541
645.076 -103.778 236.867
644.822 -105.26 238.192

2.00395 0.0125604 -0.00461828
4.00754 0.0501186 -0.0185209
6.01043 0.112485 -0.0417772
8.01227 0.199464 -0.0744529
10.0127 0.310854 -0.116611
12.0115 0.446448 -0.16831
14.0081 0.606034 -0.229607
16.0025 0.789394 -0.300555
17.9941 0.996305 -0.381203
19.9828 1.22654 -0.471598
21.9682 1.47986 -0.571784
23.95 1.75604 -0.681802
25.928 2.05484 -0.801688
27.9018 2.376 -0.931478
29.8712 2.71928 -1.0712
31.836 3.08442 -1.22089
33.7958 3.47118 -1.38057
35.7505 3.87929 -1.55027
37.6997 4.30848 -1.73
39.6433 4.75851 -1.91978
41.5809 5.22908 -2.11963
43.5125 5.71995 -2.32955
45.4378 6.23082 -2.54957
47.3565 6.76144 -2.77969
49.2685 7.31151 -3.01992
51.1736 7.88077 -3.27024
53.0715 8.46894 -3.53068
54.9622 9.07572 -3.80123
56.8454 9.70085 -4.08187
58.721 10.344 -4.37262
60.5888 11.005 -4.67345
62.4486 11.6834 -4.98437
64.3004 12.379 -5.30535
66.1439 13.0916 -5.63638
67.9792 13.8207 -5.97745
69.8059 14.5663 -6.32855
71.624 15.3278 -6.68964
73.4335 16.1051 -7.06072
75.2341 16.8979 -7.44176
77.0259 17.7059 -7.83273
78.8086 18.5288 -8.2336
80.5823 19.3663 -8.64436
82.3468 20.2181 -9.06497
84.1021 21.084 -9.49541
85.8481 21.9636 -9.93563
87.5847 22.8567 -10.3856
89.3119 23.763 -10.8453
91.0297 24.6823 -11.3147
92.7379 25.6141 -11.7938
94.4366 26.5584 -12.2824
96.1258 27.5147 -12.7807
97.8054 28.4828 -13.2885
99.4753 29.4624 -13.8057
101.136 30.4534 -14.3325
102.786 31.4553 -14.8686
104.427 32.4679 -15.4141
106.059 33.491 -15.969
107.68 34.5243 -16.5331
109.293 35.5675 -17.1064
110.895 36.6204 -17.689
112.488 37.6827 -18.2807
114.071 38.7542 -18.8814
115.645 39.8346 -19.4912
117.21 40.9236 -20.11
118.765 42.021 -20.7378
120.31 43.1266 -21.3744
121.846 44.24 -22.0199
123.373 45.3612 -22.6742
124.89 46.4897 -23.3372
126.399 47.6255 -24.0089
127.898 48.7682 -24.6893
129.388 49.9176 -25.3782
130.869 51.0735 -26.0756
132.341 52.2356 -26.7815
133.804 53.4038 -27.4959
135.259 54.5777 -28.2186
136.705 55.7573 -28.9496
138.142 56.9422 -29.6888
139.57 58.1322 -30.4363
140.991 59.3272 -31.1919
142.403 60.5269 -31.9555
143.806 61.7311 -32.7272
145.202 62.9396 -33.5069
146.59 64.1522 -34.2945
147.969 65.3686 -35.0899
149.341 66.5888 -35.8932
150.705 67.8125 -36.7041
152.062 69.0394 -37.5228
153.411 70.2695 -38.349
154.753 71.5025 -39.1829
156.088 72.7382 -40.0242
157.415 73.9764 -40.873
158.736 75.217 -41.7291
160.049 76.4598 -42.5926
161.357 77.7045 -43.4634
162.657 78.9511 -44.3413
163.951 80.1993 -45.2264
165.239 81.4489 -46.1186
166.521 82.6999 -47.0178
167.796 83.952 -47.924
169.066 85.205 -48.837
170.33 86.4588 -49.7569
171.588 87.7133 -50.6836
172.841 88.9682 -51.6169
174.089 90.2235 -52.557
175.332 91.4788 -53.5036
176.569 92.7342 -54.4567
177.802 93.9894 -55.4163
179.03 95.2443 -56.3822
180.254 96.4988 -57.3545
181.473 97.7526 -58.3331
182.688 99.0057 -59.3178
183.899 100.258 -60.3087
185.106 101.509 -61.3057
186.309 102.759 -62.3086
187.509 104.008 -63.3175
188.705 105.255 -64.3322
189.898 106.5 -65.3527
191.088 107.744 -66.3789
192.275 108.986 -67.4108
193.459 110.226 -68.4483
194.64 111.464 -69.4912
195.82 112.699 -70.5397
196.996 113.932 -71.5934
198.171 115.163 -72.6525
199.344 116.391 -73.7168
200.515 117.616 -74.7862
201.685 118.838 -75.8607
202.853 120.057 -76.9402
204.019 121.273 -78.0246
205.185 122.486 -79.1138
206.35 123.696 -80.2078
207.514 124.901 -81.3065
208.677 126.104 -82.4097
209.84 127.302 -83.5175
211.003 128.497 -84.6297
212.165 129.687 -85.7463
213.328 130.874 -86.8671
214.491 132.056 -87.9921
215.655 133.234 -89.1211
216.819 134.408 -90.2542
217.983 135.577 -91.3912
219.149 136.741 -92.532
220.316 137.901 -93.6766
221.484 139.056 -94.8247
222.653 140.205 -95.9764
223.825 141.35 -97.1316
224.997 142.489 -98.2901
226.172 143.623 -99.4518
227.349 144.752 -100.617
228.528 145.875 -101.785
229.71 146.993 -102.956
230.894 148.104 -104.129
232.082 149.21 -105.306
233.272 150.31 -106.485
234.465 151.404 -107.666
235.661 152.492 -108.85
236.861 153.573 -110.037
238.064 154.648 -111.225
239.271 155.717 -112.415
240.482 156.778 -113.608
241.697 157.834 -114.802
242.917 158.882 -115.998
244.14 159.924 -117.195
245.369 160.958 -118.394
246.602 161.985 -119.594
247.839 163.006 -120.796
249.082 164.018 -121.998
250.33 165.024 -123.202
251.583 166.022 -124.406
252.842 167.012 -125.61
254.106 167.994 -126.816
255.376 168.969 -128.021
256.652 169.936 -129.227
257.934 170.894 -130.433
259.222 171.845 -131.638
260.516 172.787 -132.844
261.817 173.721 -134.049
263.124 174.646 -135.253
264.438 175.563 -136.457
265.759 176.471 -137.66
267.086 177.371 -138.862
268.421 178.261 -140.062
269.763 179.143 -141.261
271.113 180.015 -142.459
272.469 180.879 -143.654
273.834 181.733 -144.848
275.206 182.577 -146.04
276.585 183.412 -147.229
277.973 184.238 -148.416
279.369 185.054 -149.601
280.773 185.86 -150.782
282.185 186.656 -151.96
283.605 187.442 -153.136
285.034 188.218 -154.307
286.471 188.984 -155.475
287.917 189.739 -156.639
289.371 190.484 -157.799
290.834 191.219 -158.955
292.306 191.943 -160.106
293.787 192.656 -161.252
295.277 193.358 -162.394
296.776 194.05 -163.53
298.284 194.73 -164.661
299.801 195.4 -165.786
301.327 196.058 -166.906
302.863 196.705 -168.019
304.408 197.34 -169.126
305.962 197.964 -170.227
307.526 198.576 -171.32
309.099 199.177 -172.407
310.682 199.766 -173.486
312.274 200.343 -174.558
313.875 200.908 -175.621
315.486 201.461 -176.677
317.107 202.001 -177.725
318.737 202.53 -178.764
320.377 203.046 -179.794
322.026 203.55 -180.815
323.685 204.041 -181.826
325.353 204.52 -182.828
327.031 204.986 -183.82
328.718 205.439 -184.802
330.414 205.879 -185.773
332.12 206.307 -186.734
333.836 206.721 -187.684
335.56 207.123 -188.622
337.294 207.511 -189.549
339.037 207.886 -190.464
340.79 208.248 -191.366
342.551 208.597 -192.257
344.321 208.932 -193.134
346.1 209.253 -193.999
347.888 209.561 -194.85
349.685 209.856 -195.687
351.49 210.136 -196.511
353.304 210.403 -197.321
355.126 210.657 -198.116
356.956 210.896 -198.896
358.794 211.122 -199.661
360.64 211.333 -200.411
362.495 211.531 -201.145
364.356 211.715 -201.864
366.226 211.885 -202.566
368.102 212.04 -203.251
369.986 212.182 -203.92
371.877 212.31 -204.571
373.775 212.423 -205.205
375.679 212.522 -205.822
377.59 212.608 -206.42
379.506 212.678 -207
381.429 212.735 -207.562
383.358 212.778 -208.105
385.292 212.806 -208.628
387.232 212.821 -209.133
389.176 212.821 -209.617
391.126 212.807 -210.082
393.079 212.778 -210.526
395.038 212.736 -210.95
397 212.68 -211.353
398.966 212.609 -211.734
400.935 212.525 -212.095
402.908 212.427 -212.434
404.884 212.314 -212.751
406.862 212.188 -213.047
408.842 212.048 -213.319
410.824 211.894 -213.57
412.808 211.726 -213.797
414.794 211.545 -214.002
416.78 211.35 -214.183
418.767 211.142 -214.341
420.754 210.92 -214.475
422.741 210.685 -214.585
424.728 210.437 -214.672
426.714 210.176 -214.733
428.698 209.901 -214.771
430.682 209.614 -214.784
432.663 209.314 -214.772
434.642 209.001 -214.735
436.619 208.676 -214.672
438.592 208.338 -214.585
440.562 207.988 -214.472
442.528 207.626 -214.333
444.49 207.251 -214.169
446.447 206.865 -213.978
448.399 206.467 -213.762
450.346 206.058 -213.52
452.287 205.637 -213.251
454.221 205.205 -212.956
456.149 204.762 -212.635
458.07 204.309 -212.287
459.983 203.844 -211.913
461.888 203.369 -211.513
463.785 202.884 -211.085
465.673 202.389 -210.631
467.552 201.884 -210.15
469.421 201.369 -209.643
471.28 200.845 -209.109
473.128 200.311 -208.548
474.966 199.769 -207.961
476.792 199.218 -207.347
478.607 198.658 -206.706
480.409 198.09 -206.038
482.198 197.514 -205.344
483.975 196.93 -204.624
485.738 196.339 -203.877
487.487 195.74 -203.104
489.222 195.134 -202.304
490.942 194.522 -201.479
492.647 193.903 -200.627
494.337 193.277 -199.749
496.011 192.646 -198.846
497.668 192.009 -197.917
499.309 191.367 -196.962
500.933 190.719 -195.982
502.539 190.067 -194.977
504.127 189.41 -193.947
505.698 188.748 -192.893
507.249 188.083 -191.813
508.782 187.414 -190.709
510.296 186.741 -189.581
511.79 186.065 -188.429
513.264 185.387 -187.253
514.718 184.706 -186.054
516.151 184.022 -184.832
517.564 183.337 -183.586
518.955 182.65 -182.318
520.325 181.961 -181.028
521.673 181.272 -179.715
522.999 180.582 -178.38
524.303 179.891 -177.024
525.584 179.2 -175.647
526.842 178.509 -174.248
528.077 177.818 -172.829
529.289 177.128 -171.39
530.477 176.44 -169.931
531.642 175.752 -168.452
532.782 175.066 -166.954
533.899 174.382 -165.437
534.991 173.7 -163.901
536.058 173.02 -162.347
537.101 172.343 -160.775
538.119 171.67 -159.186
539.111 170.999 -157.579
540.079 170.332 -155.956
541.021 169.669 -154.316
541.938 169.01 -152.661
542.829 168.355 -150.99
543.695 167.705 -149.303
544.535 167.06 -147.602
545.349 166.42 -145.886
546.137 165.785 -144.156
546.899 165.156 -142.413
547.635 164.533 -140.656
548.345 163.917 -138.887
549.029 163.306 -137.105
549.687 162.703 -135.311
550.319 162.106 -133.505
550.924 161.516 -131.688
551.504 160.934 -129.86
552.057 160.359 -128.022
552.585 159.792 -126.173
553.086 159.233 -124.315
553.561 158.682 -122.448
554.011 158.14 -120.572
554.434 157.606 -118.687
554.832 157.081 -116.795
555.204 156.565 -114.894
555.55 156.058 -112.987
555.871 155.56 -111.072
556.166 155.073 -109.151
556.436 154.594 -107.224
556.681 154.126 -105.291
556.9 153.668 -103.352
557.095 153.22 -101.409
557.265 152.782 -99.4604
557.41 152.355 -97.5079
557.531 151.938 -95.5514
557.627 151.532 -93.5913
557.699 151.137 -91.6279
557.747 150.753 -89.6616
557.771 150.38 -87.6928
557.772 150.019 -85.7217
557.749 149.669 -83.7486
557.703 149.33 -81.774
557.634 149.003 -79.7981
557.542 148.688 -77.8212
557.427 148.384 -75.8436
557.29 148.092 -73.8657
557.131 147.813 -71.8878
556.95 147.545 -69.91
556.747 147.289 -67.9328
556.523 147.046 -65.9563
556.277 146.815 -63.9809
556.01 146.596 -62.0069
555.723 146.389 -60.0344
555.415 146.195 -58.0637
555.087 146.013 -56.0952
554.738 145.844 -54.1289
554.37 145.687 -52.1652
553.983 145.543 -50.2043
553.576 145.412 -48.2464
553.15 145.293 -46.2918
552.706 145.187 -44.3406
552.243 145.094 -42.393
551.762 145.013 -40.4492
551.264 144.945 -38.5095
550.747 144.889 -36.574
550.213 144.847 -34.6428
549.663 144.817 -32.7163
549.095 144.8 -30.7944
548.511 144.795 -28.8774
547.91 144.804 -26.9655
547.294 144.824 -25.0587
546.662 144.858 -23.1573
546.015 144.904 -21.2613
545.352 144.963 -19.3708
544.675 145.035 -17.4861
543.983 145.119 -15.6072
543.277 145.216 -13.7342
542.557 145.325 -11.8673
541.823 145.447 -10.0065
541.076 145.581 -8.15186
540.315 145.728 -6.30356
539.542 145.887 -4.46165
538.756 146.058 -2.6262
537.958 146.242 -0.797274
537.147 146.438 1.02506
536.325 146.646 2.84074
535.491 146.866 4.64971
534.646 147.099 6.45194
533.79 147.343 8.24737
532.924 147.6 10.036
532.047 147.868 11.8177
531.159 148.148 13.5925
530.262 148.44 15.3605
529.355 148.744 17.1215
528.438 149.059 18.8755
527.513 149.386 20.6226
526.578 149.724 22.3628
525.635 150.074 24.096
524.683 150.435 25.8222
523.723 150.808 27.5415
522.756 151.191 29.2539
521.78 151.586 30.9593
520.797 151.992 32.6579
519.807 152.409 34.3496
518.81 152.837 36.0345
517.806 153.276 37.7126
516.796 153.725 39.384
515.779 154.185 41.0486
514.757 154.656 42.7065
513.728 155.137 44.3578
512.694 155.629 46.0026
511.655 156.13 47.6408
510.61 156.642 49.2726
509.561 157.165 50.898
508.507 157.697 52.5171
507.448 158.239 54.1299
506.385 158.791 55.7365
505.318 159.353 57.337
504.247 159.925 58.9314
503.172 160.506 60.5199
502.094 161.097 62.1025
501.013 161.697 63.6793
499.928 162.306 65.2505
498.841 162.925 66.816
497.751 163.553 68.376
496.658 164.19 69.9305
495.563 164.835 71.4797
494.466 165.49 73.0238
493.367 166.153 74.5626
492.266 166.825 76.0965
491.164 167.506 77.6254
490.06 168.195 79.1495
488.955 168.892 80.669
487.849 169.597 82.1838
486.741 170.311 83.6941
485.634 171.033 85.2001
484.525 171.762 86.7019
483.417 172.5 88.1995
482.308 173.245 89.6931
481.199 173.998 91.1828
480.09 174.758 92.6688
478.981 175.526 94.1511
477.873 176.301 95.63
476.765 177.084 97.1054
475.658 177.873 98.5775
474.552 178.669 100.047
473.446 179.473 101.513
472.342 180.283 102.976
471.24 181.1 104.436
470.138 181.923 105.894
469.039 182.753 107.349
467.941 183.589 108.802
466.844 184.431 110.253
465.75 185.28 111.702
464.658 186.135 113.149
463.569 186.995 114.594
462.481 187.861 116.037

2.00395 0.0122743 -0.00409136
4.00757 0.0490044 -0.0164299
6.01053 0.110047 -0.0371104
8.0125 0.195252 -0.0662248
10.0132 0.304465 -0.103863
12.0122 0.437526 -0.150111
14.0093 0.594271 -0.205054
16.0042 0.774527 -0.268774
17.9965 0.978121 -0.341349
19.9859 1.20487 -0.422856
21.9722 1.4546 -0.513368
23.9551 1.7271 -0.612958
25.9343 2.0222 -0.721694
27.9094 2.33969 -0.839643
29.8803 2.67936 -0.966868
31.8467 3.04103 -1.10343
33.8082 3.42446 -1.24939
35.7647 3.82946 -1.4048
37.7159 4.2558 -1.56972
39.6615 4.70327 -1.7442
41.6013 5.17164 -1.92828
43.535 5.66068 -2.12202
45.4624 6.17017 -2.32546
47.3834 6.69988 -2.53864
49.2976 7.24956 -2.7616
51.2048 7.81898 -2.99438
53.1049 8.4079 -3.23702
54.9976 9.01609 -3.48955
56.8827 9.64329 -3.75199
58.7601 10.2893 -4.02438
60.6295 10.9538 -4.30675
62.4908 11.6365 -4.59912
64.3438 12.3373 -4.90152
66.1882 13.0559 -5.21396
68.024 13.7919 -5.53646
69.851 14.5453 -5.86905
71.669 15.3156 -6.21173
73.4779 16.1027 -6.56452
75.2775 16.9062 -6.92744
77.0677 17.726 -7.30049
78.8484 18.5618 -7.68368
80.6193 19.4133 -8.07702
82.3805 20.2802 -8.4805
84.1317 21.1623 -8.89415
85.8729 22.0593 -9.31795
87.6039 22.971 -9.75191
89.3247 23.8971 -10.196
91.0351 24.8374 -10.6503
92.7351 25.7915 -11.1147
94.4246 26.7592 -11.5893
96.1034 27.7403 -12.074
97.7716 28.7345 -12.5688
99.429 29.7416 -13.0738
101.075 30.7612 -13.5888
102.711 31.7932 -14.114
104.336 32.8372 -14.6492
105.949 33.893 -15.1945
107.552 34.9604 -15.7499
109.144 36.0391 -16.3153
110.724 37.1288 -16.8907
112.293 38.2293 -17.4761
113.851 39.3404 -18.0716
115.398 40.4617 -18.6769
116.933 41.5931 -19.2922
118.457 42.7342 -19.9175
119.97 43.885 -20.5526
121.471 45.045 -21.1976
122.961 46.214 -21.8524
124.44 47.3919 -22.5171
125.908 48.5784 -23.1915
127.364 49.7732 -23.8758
128.809 50.976 -24.5697
130.242 52.1868 -25.2734
131.664 53.4051 -25.9868
133.075 54.6309 -26.7098
134.475 55.8638 -27.4424
135.863 57.1037 -28.1846
137.241 58.3502 -28.9364
138.607 59.6033 -29.6977
139.962 60.8626 -30.4686
141.306 62.1279 -31.2488
142.639 63.3991 -32.0386
143.961 64.6758 -32.8377
145.272 65.958 -33.6462
146.572 67.2453 -34.464
147.861 68.5375 -35.2911
149.139 69.8345 -36.1274
150.407 71.1361 -36.973
151.664 72.4419 -37.8278
152.91 73.7519 -38.6917
154.146 75.0659 -39.5648
155.372 76.3835 -40.4469
156.587 77.7047 -41.3381
157.791 79.0292 -42.2383
158.986 80.3569 -43.1474
160.17 81.6875 -44.0655
161.344 83.0208 -44.9925
162.509 84.3567 -45.9283
163.663 85.695 -46.8729
164.808 87.0355 -47.8263
165.943 88.3781 -48.7885
167.068 89.7224 -49.7594
168.184 91.0684 -50.7389
169.29 92.4159 -51.727
170.387 93.7647 -52.7238
171.474 95.1147 -53.729
172.553 96.4656 -54.7428
173.623 97.8173 -55.765
174.683 99.1696 -56.7957
175.735 100.522 -57.8348
176.778 101.875 -58.8822
177.813 103.229 -59.9379
178.839 104.582 -61.0018
179.857 105.935 -62.074
180.866 107.288 -63.1544
181.867 108.64 -64.2429
182.861 109.992 -65.3395
183.846 111.342 -66.4442
184.824 112.692 -67.5569
185.794 114.041 -68.6775
186.756 115.389 -69.8061
187.711 116.735 -70.9426
188.659 118.08 -72.087
189.599 119.423 -73.2391
190.533 120.764 -74.3991
191.46 122.103 -75.5667
192.38 123.441 -76.7421
193.293 124.776 -77.925
194.2 126.109 -79.1156
195.1 127.439 -80.3137
195.994 128.767 -81.5194
196.882 130.092 -82.7325
197.764 131.414 -83.953
198.64 132.733 -85.1809
199.511 134.049 -86.4162
200.376 135.362 -87.6587
201.236 136.672 -88.9085
202.09 137.978 -90.1655
202.939 139.281 -91.4297
203.783 140.58 -92.7009
204.622 141.875 -93.9793
205.457 143.166 -95.2646
206.287 144.454 -96.5569
207.112 145.737 -97.8562
207.934 147.016 -99.1623
208.751 148.29 -100.475
209.564 149.56 -101.795
210.373 150.826 -103.121
211.179 152.087 -104.455
211.981 153.343 -105.794
212.779 154.594 -107.141
213.575 155.84 -108.494
214.367 157.082 -109.853
215.156 158.318 -111.219
215.942 159.548 -112.591
216.726 160.774 -113.97
217.507 161.994 -115.355
218.286 163.208 -116.746
219.062 164.417 -118.143
219.837 165.619 -119.546
220.609 166.817 -120.956
221.38 168.008 -122.371
222.149 169.193 -123.792
222.917 170.372 -125.22
223.683 171.544 -126.653
224.448 172.711 -128.091
225.212 173.871 -129.536
225.975 175.024 -130.986
226.738 176.171 -132.442
227.5 177.311 -133.903
228.261 178.445 -135.37
229.022 179.572 -136.842
229.783 180.691 -138.32
230.544 181.804 -139.802
231.305 182.91 -141.29
232.067 184.008 -142.784
232.829 185.1 -144.282
233.592 186.184 -145.785
234.355 187.26 -147.293
235.119 188.329 -148.806
235.885 189.391 -150.324
236.652 190.444 -151.846
237.42 191.49 -153.373
238.189 192.529 -154.905
238.961 193.559 -156.441
239.734 194.581 -157.981
240.509 195.596 -159.526
241.286 196.602 -161.075
242.066 197.6 -162.628
242.848 198.59 -164.185
243.632 199.571 -165.746
244.42 200.544 -167.311
245.21 201.509 -168.88
246.003 202.465 -170.453
246.8 203.412 -172.029
247.6 204.351 -173.609
248.403 205.281 -175.192
249.21 206.202 -176.778
250.02 207.114 -178.368
250.835 208.017 -179.961
251.654 208.911 -181.556
252.477 209.795 -183.155
253.304 210.671 -184.757
254.135 211.537 -186.361
254.972 212.394 -187.968
255.813 213.242 -189.577
256.659 214.08 -191.189
257.51 214.909 -192.803
258.367 215.728 -194.419
259.228 216.537 -196.037
260.096 217.336 -197.657
260.969 218.126 -199.279
261.847 218.906 -200.903
262.732 219.676 -202.528
263.622 220.436 -204.154
264.519 221.186 -205.782
265.422 221.925 -207.411
266.332 222.655 -209.041
267.248 223.374 -210.672
268.171 224.083 -212.303
269.1 224.782 -213.935
270.037 225.47 -215.568
270.981 226.147 -217.201
271.932 226.814 -218.834
272.89 227.471 -220.467
273.856 228.116 -222.1
274.829 228.752 -223.732
275.81 229.376 -225.364
276.799 229.989 -226.996
277.796 230.592 -228.626
278.801 231.183 -230.256
279.814 231.764 -231.885
280.836 232.333 -233.512
281.866 232.892 -235.138
282.904 233.439 -236.762
283.951 233.975 -238.385
285.007 234.5 -240.005
286.072 235.013 -241.624
287.145 235.515 -243.24
288.228 236.006 -244.853
289.32 236.485 -246.464
290.421 236.953 -248.071
291.531 237.409 -249.676
292.651 237.854 -251.277
293.78 238.287 -252.875
294.919 238.708 -254.469
296.068 239.118 -256.06
297.227 239.516 -257.646
298.395 239.902 -259.227
299.573 240.277 -260.804
300.761 240.639 -262.377
301.96 240.99 -263.944
303.169 241.329 -265.507
304.387 241.655 -267.063
305.616 241.97 -268.614
306.856 242.273 -270.16
308.106 242.564 -271.699
309.366 242.843 -273.232
310.637 243.11 -274.758
311.919 243.364 -276.278
313.211 243.607 -277.79
314.514 243.837 -279.295
315.827 244.056 -280.793
317.152 244.262 -282.283
318.487 244.456 -283.764
319.833 244.638 -285.238
321.19 244.808 -286.703
322.557 244.965 -288.159
323.936 245.111 -289.606
325.326 245.244 -291.044
326.726 245.365 -292.473
328.137 245.473 -293.891
329.56 245.57 -295.3
330.993 245.654 -296.698
332.437 245.727 -298.085
333.892 245.787 -299.462
335.358 245.835 -300.827
336.835 245.871 -302.181
338.323 245.895 -303.524
339.821 245.906 -304.854
341.331 245.906 -306.172
342.851 245.894 -307.478
344.382 245.869 -308.771
345.924 245.833 -310.051
347.476 245.785 -311.317
349.039 245.724 -312.57
350.613 245.652 -313.809
352.197 245.569 -315.033
353.791 245.473 -316.244
355.396 245.366 -317.439
357.011 245.247 -318.619
358.637 245.116 -319.784
360.272 244.974 -320.934
361.917 244.82 -322.067
363.573 244.655 -323.185
365.238 244.479 -324.285
366.913 244.291 -325.37
368.598 244.092 -326.437
370.292 243.882 -327.486
371.995 243.661 -328.519
373.708 243.429 -329.533
375.43 243.186 -330.529
377.16 242.933 -331.507
378.9 242.668 -332.466
380.648 242.393 -333.406
382.405 242.108 -334.327
384.17 241.812 -335.228
385.944 241.506 -336.11
387.726 241.189 -336.971
389.515 240.863 -337.812
391.312 240.527 -338.633
393.117 240.18 -339.432
394.929 239.825 -340.211
396.748 239.459 -340.968
398.574 239.084 -341.704
400.407 238.7 -342.417
402.246 238.307 -343.109
404.091 237.904 -343.778
405.943 237.493 -344.425
407.801 237.073 -345.049
409.664 236.645 -345.649
411.533 236.208 -346.227
413.406 235.763 -346.781
415.285 235.31 -347.311
417.168 234.849 -347.817
419.056 234.38 -348.299
420.948 233.903 -348.757
422.844 233.42 -349.19
424.743 232.929 -349.599
426.646 232.43 -349.982
428.552 231.926 -350.34
430.461 231.414 -350.673
432.372 230.896 -350.981
434.286 230.372 -351.263
436.201 229.842 -351.519
438.119 229.305 -351.749
440.037 228.764 -351.953
441.957 228.216 -352.131
443.877 227.664 -352.282
445.798 227.107 -352.407
447.719 226.544 -352.505
449.64 225.977 -352.576
451.56 225.406 -352.621
453.48 224.831 -352.638
455.398 224.252 -352.629
457.315 223.669 -352.592
459.231 223.083 -352.528
461.144 222.493 -352.437
463.054 221.901 -352.318
464.962 221.305 -352.172
466.867 220.708 -351.999
468.769 220.108 -351.797
470.666 219.506 -351.569
472.56 218.902 -351.313
474.449 218.297 -351.029
476.334 217.691 -350.718
478.213 217.083 -350.379
480.087 216.475 -350.012
481.955 215.866 -349.618
483.817 215.257 -349.196
485.673 214.648 -348.747
487.522 214.039 -348.27
489.363 213.431 -347.766
491.198 212.824 -347.235
493.024 212.217 -346.676
494.843 211.612 -346.09
496.652 211.008 -345.476
498.453 210.406 -344.836
500.245 209.807 -344.169
502.028 209.209 -343.475
503.801 208.614 -342.754
505.563 208.022 -342.007
507.315 207.433 -341.233
509.057 206.847 -340.433
510.787 206.265 -339.607
512.506 205.687 -338.754
514.214 205.112 -337.876
515.909 204.542 -336.972
517.592 203.977 -336.043
519.262 203.417 -335.088
520.92 202.861 -334.108
522.564 202.311 -333.104
524.195 201.767 -332.074
525.813 201.228 -331.021
527.416 200.695 -329.943
529.004 200.169 -328.841
530.579 199.649 -327.715
532.138 199.136 -326.565
533.682 198.63 -325.393
535.211 198.131 -324.197
536.725 197.64 -322.979
538.222 197.156 -321.738
539.704 196.68 -320.475
541.169 196.213 -319.19
542.617 195.753 -317.884
544.049 195.302 -316.556
545.463 194.86 -315.207
546.861 194.427 -313.837
548.241 194.003 -312.448
549.603 193.589 -311.038
550.948 193.184 -309.608
552.274 192.789 -308.159
553.583 192.404 -306.691
554.873 192.029 -305.204
556.145 191.664 -303.698
557.397 191.31 -302.175
558.631 190.966 -300.634
559.846 190.633 -299.075
561.042 190.312 -297.5
562.219 190.001 -295.907
563.376 189.702 -294.299
564.514 189.414 -292.674
565.632 189.138 -291.034
566.731 188.874 -289.379
567.809 188.622 -287.709
568.868 188.382 -286.025
569.906 188.154 -284.326
570.925 187.938 -282.614
571.923 187.735 -280.888
572.901 187.545 -279.149
573.859 187.367 -277.398
574.797 187.203 -275.635
575.714 187.051 -273.859
576.61 186.912 -272.072
577.487 186.786 -270.274
578.342 186.674 -268.466
579.177 186.575 -266.647
579.992 186.489 -264.818
580.786 186.417 -262.979
581.56 186.359 -261.132
582.313 186.315 -259.275
583.045 186.284 -257.41
583.757 186.267 -255.537
584.449 186.264 -253.656
585.12 186.275 -251.768
585.771 186.3 -249.872
586.401 186.339 -247.971
587.011 186.392 -246.062
587.601 186.459 -244.148
588.171 186.541 -242.229
588.72 186.637 -240.304
589.249 186.747 -238.374
589.759 186.872 -236.44
590.248 187.011 -234.502
590.718 187.164 -232.56
591.168 187.332 -230.614
591.598 187.514 -228.665
592.009 187.711 -226.714
592.4 187.922 -224.76
592.772 188.148 -222.804
593.125 188.388 -220.846
593.459 188.643 -218.886
593.773 188.912 -216.925
594.069 189.195 -214.964
594.347 189.493 -213.001
594.605 189.806 -211.039
594.846 190.132 -209.076
595.068 190.474 -207.114
595.271 190.829 -205.153
595.457 191.199 -203.192
595.625 191.584 -201.232
595.776 191.983 -199.274
595.909 192.396 -197.318
596.024 192.823 -195.363
596.123 193.264 -193.411
596.204 193.72 -191.461
596.268 194.19 -189.514
596.316 194.674 -187.57
596.348 195.172 -185.629
596.363 195.684 -183.691
596.362 196.21 -181.758
596.345 196.749 -179.828
596.313 197.303 -177.902
596.264 197.87 -175.981
596.201 198.452 -174.064
596.122 199.047 -172.152
596.029 199.655 -170.245
595.92 200.277 -168.343
595.798 200.913 -166.446
595.66 201.562 -164.555
595.509 202.224 -162.67
595.343 202.9 -160.791
595.164 203.589 -158.917
594.972 204.291 -157.05
594.766 205.006 -155.189
594.547 205.734 -153.335
594.314 206.475 -151.488
594.07 207.229 -149.647
593.812 207.996 -147.814
593.543 208.776 -145.987
593.261 209.568 -144.168
592.968 210.372 -142.357
592.663 211.19 -140.552
592.346 212.019 -138.756
592.018 212.861 -136.967
591.679 213.715 -135.186
591.33 214.582 -133.413
590.969 215.46 -131.648
590.599 216.35 -129.892
590.218 217.253 -128.143

2.00395 0.00790819 -0.0102512
4.00757 0.0315339 -0.0410441
6.01052 0.0707263 -0.0924341
8.01248 0.125331 -0.164471
10.0131 0.195189 -0.257201
12.0121 0.280139 -0.370664
14.0091 0.380017 -0.504895
16.0038 0.494653 -0.659924
17.9959 0.623876 -0.835777
19.985 0.767511 -1.03247
21.9709 0.92538 -1.25003
23.9532 1.0973 -1.48846
25.9316 1.28309 -1.74776
27.9059 1.48257 -2.02794
29.8757 1.69553 -2.329
31.8407 1.92179 -2.65092
33.8006 2.16116 -2.99369
35.7551 2.41343 -3.3573
37.7039 2.67841 -3.74172
39.6468 2.95589 -4.14693
41.5835 3.24567 -4.5729
43.5136 3.54754 -5.01958
45.4369 3.86129 -5.48695
47.3531 4.1867 -5.97496
49.262 4.52357 -6.48356
51.1633 4.87168 -7.01269
53.0567 5.23081 -7.56231
54.9419 5.60074 -8.13235
56.8188 5.98124 -8.72274
58.687 6.37211 -9.33343
60.5464 6.77311 -9.96433
62.3966 7.18401 -10.6154
64.2374 7.60459 -11.2865
66.0687 8.03462 -11.9776
67.8901 8.47387 -12.6886
69.7015 8.9221 -13.4194
71.5025 9.3791 -14.1699
73.2931 9.84461 -14.94
75.073 10.3184 -15.7296
76.842 10.8003 -16.5386
78.5999 11.2899 -17.367
80.3464 11.7872 -18.2145
82.0814 12.2918 -19.0812
83.8048 12.8035 -19.9668
85.5162 13.322 -20.8712
87.2156 13.8472 -21.7944
88.9027 14.3788 -22.7362
90.5775 14.9165 -23.6965
92.2396 15.4601 -24.6751
93.889 16.0094 -25.672
95.5255 16.5642 -26.687
97.149 17.1241 -27.7199
98.7592 17.6889 -28.7706
100.356 18.2585 -29.839
101.94 18.8325 -30.925
103.509 19.4107 -32.0283
105.065 19.9929 -33.1489
106.608 20.5789 -34.2866
108.136 21.1684 -35.4413
109.65 21.7611 -36.6127
111.15 22.3569 -37.8008
112.635 22.9554 -39.0054
114.106 23.5565 -40.2263
115.563 24.16 -41.4634
117.005 24.7655 -42.7166
118.432 25.3728 -43.9856
119.844 25.9817 -45.2703
121.242 26.5921 -46.5705
122.624 27.2035 -47.8861
123.992 27.8159 -49.2169
125.344 28.4289 -50.5628
126.681 29.0424 -51.9235
128.003 29.6561 -53.299
129.31 30.2698 -54.689
130.601 30.8833 -56.0933
131.877 31.4963 -57.5119
133.137 32.1085 -58.9445
134.382 32.7199 -60.3909
135.612 33.3301 -61.851
136.826 33.939 -63.3247
138.024 34.5463 -64.8117
139.207 35.1518 -66.3118
140.374 35.7552 -67.825
141.526 36.3564 -69.3509
142.662 36.9552 -70.8895
143.782 37.5512 -72.4406
144.886 38.1444 -74.0039
145.975 38.7345 -75.5794
147.048 39.3213 -77.1668
148.106 39.9046 -78.766
149.148 40.4842 -80.3767
150.174 41.0598 -81.9989
151.185 41.6313 -83.6323
152.18 42.1984 -85.2768
153.159 42.761 -86.9321
154.123 43.3189 -88.5982
155.072 43.8718 -90.2748
156.004 44.4196 -91.9617
156.922 44.9621 -93.6588
157.824 45.499 -95.3659
158.71 46.0302 -97.0829
159.581 46.5555 -98.8094
160.437 47.0747 -100.546
161.278 47.5876 -102.291
162.103 48.0941 -104.045
162.914 48.5938 -105.809
163.709 49.0868 -107.581
164.489 49.5727 -109.362
165.254 50.0514 -111.151
166.004 50.5227 -112.949
166.74 50.9864 -114.754
167.46 51.4424 -116.568
168.166 51.8905 -118.389
168.858 52.3306 -120.218
169.534 52.7623 -122.054
170.197 53.1856 -123.897
170.845 53.6004 -125.748
171.478 54.0064 -127.605
172.098 54.4034 -129.469
172.703 54.7914 -131.34
173.294 55.1702 -133.217
173.871 55.5395 -135.1
174.435 55.8993 -136.989
174.984 56.2493 -138.884
175.52 56.5895 -140.785
176.043 56.9197 -142.691
176.552 57.2396 -144.603
177.048 57.5493 -146.52
177.53 57.8485 -148.442
177.999 58.137 -150.369
178.456 58.4148 -152.3
178.899 58.6817 -154.236
179.33 58.9375 -156.177
179.748 59.1822 -158.121
180.153 59.4155 -160.07
180.546 59.6373 -162.022
180.926 59.8475 -163.979
181.295 60.046 -165.938
181.651 60.2327 -167.902
181.995 60.4073 -169.868
182.328 60.5698 -171.838
182.649 60.7201 -173.81
182.958 60.858 -175.785
183.256 60.9833 -177.763
183.543 61.0961 -179.743
183.818 61.1961 -181.726
184.082 61.2832 -183.71
184.336 61.3574 -185.697
184.578 61.4185 -187.685
184.81 61.4663 -189.675
185.032 61.5009 -191.666
185.243 61.5219 -193.659
185.444 61.5295 -195.653
185.635 61.5234 -197.648
185.817 61.5035 -199.644
185.988 61.4698 -201.64
186.15 61.4221 -203.637
186.302 61.3604 -205.634
186.445 61.2845 -207.632
186.579 61.1943 -209.629
186.704 61.0898 -211.626
186.82 60.9708 -213.624
186.927 60.8373 -215.62
187.026 60.6892 -217.616
187.116 60.5263 -219.612
187.199 60.3486 -221.606
187.273 60.1561 -223.599
187.339 59.9485 -225.592
187.397 59.7259 -227.582
187.448 59.4882 -229.571
187.492 59.2353 -231.559
187.528 58.967 -233.545
187.557 58.6834 -235.528
187.579 58.3844 -237.51
187.595 58.0699 -239.489
187.604 57.7398 -241.465
187.606 57.394 -243.439
187.602 57.0326 -245.41
187.593 56.6554 -247.379
187.577 56.2624 -249.344
187.555 55.8534 -251.305
187.528 55.4286 -253.264
187.496 54.9877 -255.218
187.458 54.5309 -257.169
187.415 54.0579 -259.116
187.368 53.5687 -261.059
187.315 53.0634 -262.997
187.259 52.5419 -264.932
187.197 52.0041 -266.861
187.132 51.4499 -268.786
187.063 50.8795 -270.706
186.99 50.2926 -272.62
186.913 49.6894 -274.53
186.833 49.0696 -276.434
186.75 48.4335 -278.332
186.663 47.7808 -280.225
186.574 47.1116 -282.112
186.482 46.4259 -283.993
186.387 45.7236 -285.867
186.29 45.0048 -287.736
186.191 44.2694 -289.597
186.09 43.5174 -291.452
185.987 42.7488 -293.3
185.883 41.9636 -295.141
185.777 41.1618 -296.974
185.67 40.3434 -298.8
185.562 39.5084 -300.619
185.453 38.6568 -302.43
185.343 37.7887 -304.233
185.233 36.904 -306.027
185.123 36.0027 -307.814
185.012 35.0849 -309.592
184.902 34.1506 -311.361
184.792 33.1998 -313.122
184.683 32.2326 -314.874
184.574 31.2489 -316.616
184.466 30.2488 -318.349
184.359 29.2324 -320.073
184.253 28.1997 -321.787
184.149 27.1507 -323.492
184.046 26.0855 -325.186
183.946 25.0041 -326.87
183.847 23.9066 -328.544
183.75 22.793 -330.207
183.656 21.6634 -331.86
183.565 20.5179 -333.502
183.476 19.3565 -335.133
183.39 18.1793 -336.752
183.308 16.9864 -338.36
183.228 15.7779 -339.957
183.153 14.5537 -341.542
183.081 13.3141 -343.115
183.013 12.0591 -344.676
182.949 10.7888 -346.224
182.89 9.50334 -347.761
182.835 8.20274 -349.284
182.784 6.88715 -350.795
182.739 5.55666 -352.293
182.699 4.2114 -353.778
182.664 2.85148 -355.249
182.634 1.47702 -356.707
182.61 0.0881343 -358.152
182.592 -1.31504 -359.582
182.58 -2.73237 -360.999
182.575 -4.16372 -362.402
182.575 -5.60896 -363.79
182.582 -7.06793 -365.164
182.596 -8.5405 -366.523
182.617 -10.0265 -367.867
182.645 -11.5258 -369.197
182.68 -13.0382 -370.511
182.723 -14.5636 -371.81
182.774 -16.1017 -373.094
182.832 -17.6525 -374.362
182.898 -19.2157 -375.614
182.973 -20.7912 -376.85
183.056 -22.3787 -378.07
183.147 -23.9781 -379.274
183.247 -25.5892 -380.462
183.356 -27.2118 -381.633
183.474 -28.8457 -382.787
183.602 -30.4907 -383.925
183.738 -32.1465 -385.045
183.885 -33.813 -386.148
184.041 -35.49 -387.235
184.206 -37.1771 -388.303
184.382 -38.8743 -389.354
184.568 -40.5811 -390.388
184.765 -42.2976 -391.403
184.971 -44.0232 -392.401
185.189 -45.758 -393.38
185.417 -47.5015 -394.342
185.657 -49.2535 -395.285
185.907 -51.0138 -396.209
186.168 -52.7821 -397.115
186.441 -54.5582 -398.002
186.726 -56.3418 -398.87
187.022 -58.1326 -399.72
187.33 -59.9303 -400.55
187.649 -61.7347 -401.361
187.981 -63.5455 -402.153
188.325 -65.3623 -402.926
188.681 -67.185 -403.679
189.05 -69.0132 -404.412
189.431 -70.8465 -405.126
189.825 -72.6848 -405.82
190.231 -74.5277 -406.494
190.65 -76.3749 -407.148
191.083 -78.226 -407.783
191.528 -80.0809 -408.397
191.986 -81.9391 -408.991
192.458 -83.8003 -409.565
192.943 -85.6642 -410.119
193.442 -87.5305 -410.652
193.954 -89.3989 -411.165
194.479 -91.269 -411.657
195.018 -93.1405 -412.129
195.571 -95.013 -412.581
196.138 -96.8863 -413.012
196.719 -98.7599 -413.422
197.313 -100.634 -413.812
197.922 -102.507 -414.181
198.545 -104.38 -414.529
199.181 -106.251 -414.857
199.832 -108.122 -415.163
200.498 -109.99 -415.45
201.177 -111.857 -415.715
201.871 -113.721 -415.96
202.579 -115.582 -416.184
203.301 -117.44 -416.387
204.038 -119.295 -416.57
204.79 -121.146 -416.732
205.555 -122.992 -416.873
206.335 -124.834 -416.993
207.13 -126.671 -417.093
207.939 -128.503 -417.173
208.763 -130.329 -417.232
209.601 -132.149 -417.27
210.453 -133.962 -417.289
211.32 -135.769 -417.286
212.201 -137.569 -417.264
213.097 -139.361 -417.221
214.007 -141.145 -417.158
214.932 -142.921 -417.075
215.871 -144.689 -416.972
216.824 -146.447 -416.85
217.791 -148.196 -416.707
218.773 -149.936 -416.545
219.769 -151.665 -416.363
220.779 -153.384 -416.162
221.803 -155.093 -415.941
222.841 -156.79 -415.701
223.893 -158.476 -415.442
224.959 -160.15 -415.164
226.039 -161.812 -414.867
227.133 -163.461 -414.552
228.24 -165.098 -414.217
229.361 -166.721 -413.865
230.495 -168.331 -413.494
231.643 -169.927 -413.105
232.804 -171.509 -412.698
233.978 -173.077 -412.273
235.165 -174.629 -411.831
236.366 -176.167 -411.372
237.579 -177.689 -410.895
238.805 -179.195 -410.401
240.044 -180.685 -409.89
241.295 -182.159 -409.362
242.559 -183.616 -408.818
243.835 -185.056 -408.258
245.124 -186.478 -407.682
246.424 -187.883 -407.09
247.736 -189.271 -406.482
249.06 -190.64 -405.859
250.396 -191.99 -405.221
251.743 -193.322 -404.567
253.102 -194.635 -403.899
254.472 -195.929 -403.217
255.853 -197.204 -402.52
257.244 -198.458 -401.81
258.647 -199.693 -401.085
260.06 -200.907 -400.347
261.484 -202.101 -399.596
262.917 -203.274 -398.832
264.361 -204.426 -398.055
265.815 -205.557 -397.266
267.279 -206.667 -396.464
268.752 -207.755 -395.651
270.234 -208.822 -394.826
271.726 -209.866 -393.989
273.227 -210.889 -393.142
274.737 -211.889 -392.283
276.255 -212.866 -391.414
277.782 -213.821 -390.535
279.317 -214.753 -389.646
280.86 -215.662 -388.747
282.412 -216.548 -387.839
283.97 -217.41 -386.921
285.537 -218.249 -385.995
287.111 -219.065 -385.06
288.692 -219.856 -384.117
290.28 -220.624 -383.166
291.875 -221.368 -382.208
293.477 -222.088 -381.242
295.084 -222.784 -380.269
296.699 -223.455 -379.289
298.319 -224.103 -378.303
299.945 -224.725 -377.311
301.576 -225.324 -376.313
303.213 -225.897 -375.309
304.855 -226.446 -374.301
306.503 -226.971 -373.287
308.155 -227.47 -372.269
309.811 -227.945 -371.246
311.473 -228.395 -370.219
313.138 -228.82 -369.189
314.808 -229.221 -368.155
316.481 -229.596 -367.118
318.158 -229.947 -366.079
319.838 -230.272 -365.037
321.522 -230.573 -363.993
323.209 -230.849 -362.946
324.899 -231.1 -361.899
326.591 -231.326 -360.85
328.286 -231.527 -359.8
329.984 -231.703 -358.749
331.683 -231.855 -357.698
333.385 -231.981 -356.647
335.088 -232.083 -355.596
336.793 -232.161 -354.545
338.499 -232.214 -353.496
340.207 -232.242 -352.447
341.915 -232.246 -351.4
343.625 -232.225 -350.354
345.335 -232.181 -349.311
347.046 -232.111 -348.269
348.757 -232.018 -347.23
350.468 -231.901 -346.194
352.179 -231.76 -345.161
353.89 -231.595 -344.131
355.601 -231.406 -343.105
357.312 -231.194 -342.082
359.022 -230.958 -341.064
360.731 -230.699 -340.05
362.439 -230.417 -339.041
364.146 -230.111 -338.037
365.852 -229.783 -337.038
367.556 -229.432 -336.044
369.259 -229.058 -335.056
370.961 -228.662 -334.074
372.66 -228.243 -333.098
374.358 -227.802 -332.129
376.053 -227.339 -331.166
377.747 -226.854 -330.21
379.437 -226.347 -329.261
381.126 -225.819 -328.32
382.812 -225.27 -327.386
384.495 -224.699 -326.46
386.175 -224.107 -325.542
387.853 -223.495 -324.633
389.527 -222.861 -323.732
391.198 -222.208 -322.839
392.866 -221.534 -321.956
394.53 -220.84 -321.082
396.191 -220.126 -320.217
397.848 -219.393 -319.361
399.502 -218.64 -318.516
401.151 -217.868 -317.68
402.797 -217.077 -316.854
404.439 -216.267 -316.039
406.077 -215.439 -315.234
407.71 -214.592 -314.44
409.339 -213.727 -313.657
410.964 -212.844 -312.885
412.585 -211.943 -312.124
414.201 -211.025 -311.375
415.812 -210.09 -310.637
417.419 -209.137 -309.911
419.021 -208.168 -309.197
420.618 -207.182 -308.494
422.21 -206.18 -307.804
423.798 -205.162 -307.127
425.38 -204.127 -306.462
426.958 -203.078 -305.81
428.53 -202.012 -305.17
430.098 -200.932 -304.544
431.66 -199.837 -303.93
433.217 -198.727 -303.33
434.768 -197.603 -302.743
436.315 -196.464 -302.17
437.856 -195.312 -301.61
439.391 -194.145 -301.065
440.921 -192.966 -300.533
442.446 -191.773 -300.015
443.965 -190.567 -299.511
445.479 -189.349 -299.021
446.987 -188.118 -298.546
448.49 -186.874 -298.085
449.987 -185.619 -297.638
451.479 -184.352 -297.207
452.964 -183.074 -296.79
454.445 -181.784 -296.388
455.919 -180.484 -296
457.388 -179.173 -295.628
458.852 -177.851 -295.271
460.309 -176.519 -294.929
461.761 -175.177 -294.603
463.208 -173.825 -294.291
464.649 -172.464 -293.995
466.084 -171.094 -293.715
467.513 -169.714 -293.45
468.937 -168.326 -293.201
470.355 -166.93 -292.968
471.768 -165.525 -292.75
473.175 -164.112 -292.548
474.576 -162.692 -292.363
475.972 -161.264 -292.193
477.362 -159.829 -292.039
478.747 -158.386 -291.901
480.126 -156.938 -291.779

2.00395 0.00712605 -0.0104699
4.00759 0.0284071 -0.0419635
6.01058 0.0636946 -0.0946025
8.01261 0.112836 -0.168503
10.0134 0.175675 -0.263774
12.0125 0.252052 -0.38052
14.0097 0.341803 -0.518841
16.0046 0.444759 -0.678827
17.997 0.56075 -0.860567
19.9864 0.689601 -1.06414
21.9727 0.831133 -1.28962
23.9554 0.985163 -1.53708
25.9342 1.15151 -1.80657
27.9088 1.32998 -2.09816
29.8789 1.52037 -2.4119
31.8442 1.72251 -2.74782
33.8043 1.93618 -3.10597
35.7589 2.16119 -3.48638
37.7078 2.39732 -3.88907
39.6506 2.64438 -4.31407
41.5869 2.90214 -4.76138
43.5166 3.1704 -5.23102
45.4391 3.44894 -5.72299
47.3544 3.73753 -6.23727
49.262 4.03596 -6.77386
51.1617 4.344 -7.33275
53.0531 4.66142 -7.9139
54.936 4.98798 -8.51729
56.8101 5.32347 -9.14289
58.675 5.66763 -9.79065
60.5305 6.02025 -10.4605
62.3763 6.38106 -11.1525
64.2122 6.74984 -11.8664
66.0377 7.12634 -12.6023
67.8528 7.51032 -13.36
69.657 7.90152 -14.1396
71.4502 8.2997 -14.9408
73.232 8.7046 -15.7637
75.0022 9.11599 -16.6081
76.7606 9.53359 -17.474
78.5069 9.95716 -18.3611
80.2408 10.3864 -19.2695
81.9622 10.8212 -20.199
83.6707 11.2611 -21.1495
85.3662 11.706 -22.1209
87.0483 12.1555 -23.1129
88.717 12.6094 -24.1256
90.3719 13.0675 -25.1588
92.0129 13.5295 -26.2123
93.6397 13.9951 -27.2859
95.2521 14.4641 -28.3796
96.85 14.9362 -29.4931
98.4331 15.4111 -30.6263
100.001 15.8885 -31.779
101.554 16.3683 -32.9512
103.092 16.8501 -34.1425
104.614 17.3337 -35.3528
106.121 17.8188 -36.5819
107.612 18.3052 -37.8297
109.087 18.7925 -39.096
110.545 19.2806 -40.3805
111.988 19.7691 -41.6831
113.414 20.2578 -43.0036
114.823 20.7464 -44.3417
116.216 21.2347 -45.6973
117.592 21.7224 -47.0701
118.951 22.2093 -48.46
120.293 22.6951 -49.8667
121.618 23.1795 -51.29
122.926 23.6622 -52.7297
124.216 24.1432 -54.1856
125.489 24.6219 -55.6574
126.745 25.0983 -57.145
127.983 25.5721 -58.648
129.203 26.043 -60.1663
130.406 26.5107 -61.6996
131.59 26.9751 -63.2477
132.757 27.4359 -64.8104
133.906 27.8928 -66.3874
135.037 28.3456 -67.9785
136.151 28.794 -69.5834
137.246 29.2379 -71.2019
138.323 29.6769 -72.8338
139.382 30.1109 -74.4787
140.423 30.5396 -76.1366
141.446 30.9627 -77.807
142.451 31.3801 -79.4899
143.438 31.7916 -81.1848
144.407 32.1968 -82.8917
145.357 32.5957 -84.6102
146.29 32.9879 -86.34
147.205 33.3732 -88.081
148.101 33.7515 -89.8329
148.98 34.1224 -91.5954
149.84 34.4859 -93.3683
150.683 34.8417 -95.1513
151.508 35.1896 -96.9442
152.315 35.5293 -98.7467
153.105 35.8607 -100.559
153.876 36.1837 -102.38
154.63 36.4979 -104.21
155.367 36.8032 -106.048
156.086 37.0994 -107.895
156.788 37.3863 -109.75
157.472 37.6638 -111.613
158.139 37.9316 -113.484
158.789 38.1895 -115.362
159.422 38.4375 -117.247
160.038 38.6753 -119.139
160.637 38.9027 -121.038
161.22 39.1196 -122.943
161.785 39.3257 -124.854
162.335 39.521 -126.772
162.868 39.7053 -128.695
163.384 39.8784 -130.623
163.885 40.0402 -132.557
164.369 40.1904 -134.496
164.838 40.329 -136.439
165.291 40.4558 -138.387
165.728 40.5707 -140.34
166.15 40.6735 -142.296
166.556 40.764 -144.256
166.948 40.8421 -146.22
167.324 40.9078 -148.187
167.685 40.9608 -150.158
168.032 41.0011 -152.131
168.365 41.0284 -154.107
168.683 41.0427 -156.086
168.986 41.0439 -158.067
169.276 41.0318 -160.05
169.552 41.0063 -162.034
169.814 40.9673 -164.021
170.063 40.9147 -166.009
170.299 40.8484 -167.998
170.521 40.7682 -169.988
170.731 40.6742 -171.978
170.928 40.566 -173.97
171.112 40.4438 -175.961
171.284 40.3073 -177.953
171.443 40.1565 -179.945
171.591 39.9913 -181.937
171.727 39.8116 -183.928
171.852 39.6172 -185.919
171.965 39.4082 -187.909
172.067 39.1845 -189.898
172.158 38.9459 -191.885
172.238 38.6924 -193.872
172.308 38.4239 -195.856
172.368 38.1404 -197.839
172.417 37.8418 -199.82
172.457 37.5279 -201.799
172.487 37.1988 -203.776
172.507 36.8544 -205.75
172.519 36.4946 -207.721
172.521 36.1194 -209.69
172.515 35.7287 -211.655
172.5 35.3225 -213.618
172.477 34.9007 -215.577
172.446 34.4633 -217.532
172.407 34.0102 -219.484
172.36 33.5414 -221.432
172.307 33.0569 -223.375
172.245 32.5566 -225.315
172.178 32.0405 -227.25
172.103 31.5085 -229.181
172.022 30.9607 -231.107
171.935 30.3969 -233.028
171.842 29.8173 -234.944
171.743 29.2217 -236.855
171.638 28.6102 -238.761
171.529 27.9827 -240.661
171.414 27.3392 -242.555
171.295 26.6797 -244.444
171.172 26.0043 -246.326
171.044 25.3128 -248.203
170.912 24.6053 -250.073
170.776 23.8819 -251.937
170.637 23.1424 -253.795
170.495 22.387 -255.645
170.349 21.6156 -257.489
170.201 20.8282 -259.326
170.05 20.0249 -261.156
169.897 19.2056 -262.978
169.742 18.3704 -264.793
169.586 17.5193 -266.601
169.428 16.6524 -268.401
169.268 15.7696 -270.193
169.108 14.8711 -271.977
168.947 13.9567 -273.753
168.785 13.0267 -275.52
168.623 12.0809 -277.28
168.461 11.1195 -279.031
168.3 10.1425 -280.773
168.139 9.15001 -282.506
167.978 8.14197 -284.231
167.819 7.1185 -285.946
167.661 6.07964 -287.653
167.505 5.02547 -289.35
167.35 3.95604 -291.038
167.197 2.87142 -292.716
167.047 1.77169 -294.384
166.899 0.656915 -296.043
166.754 -0.472821 -297.692
166.612 -1.61744 -299.331
166.473 -2.77686 -300.96
166.338 -3.95098 -302.578
166.207 -5.13973 -304.186
166.08 -6.343 -305.783
165.957 -7.56071 -307.37
165.838 -8.79274 -308.946
165.724 -10.039 -310.512
165.616 -11.2994 -312.066
165.513 -12.5737 -313.609
165.415 -13.862 -315.141
165.323 -15.164 -316.662
165.237 -16.4797 -318.171
165.157 -17.8089 -319.668
165.084 -19.1516 -321.154
165.018 -20.5074 -322.628
164.958 -21.8764 -324.091
164.906 -23.2584 -325.541
164.862 -24.6533 -326.979
164.825 -26.0608 -328.405
164.796 -27.4809 -329.819
164.775 -28.9134 -331.22
164.763 -30.3581 -332.609
164.759 -31.8149 -333.985
164.764 -33.2836 -335.349
164.779 -34.764 -336.699
164.803 -36.256 -338.037
164.836 -37.7594 -339.362
164.879 -39.274 -340.673
164.932 -40.7996 -341.971
164.996 -42.3361 -343.256
165.07 -43.8832 -344.528
165.154 -45.4407 -345.786
165.25 -47.0085 -347.031
165.357 -48.5863 -348.262
165.475 -50.174 -349.479
165.604 -51.7712 -350.682
165.745 -53.3779 -351.871
165.899 -54.9938 -353.047
166.064 -56.6186 -354.208
166.242 -58.2522 -355.355
166.433 -59.8943 -356.488
166.636 -61.5446 -357.607
166.852 -63.203 -358.711
167.081 -64.8692 -359.8
167.324 -66.5429 -360.875
167.58 -68.2239 -361.936
167.85 -69.912 -362.982
168.134 -71.6068 -364.013
168.431 -73.3082 -365.029
168.744 -75.0158 -366.03
169.07 -76.7294 -367.017
169.411 -78.4487 -367.988
169.767 -80.1735 -368.944
170.137 -81.9034 -369.886
170.523 -83.6383 -370.812
170.924 -85.3777 -371.722
171.34 -87.1214 -372.618
171.772 -88.8692 -373.498
172.22 -90.6207 -374.363
172.683 -92.3756 -375.213
173.162 -94.1336 -376.047
173.657 -95.8944 -376.866
174.168 -97.6578 -377.669
174.696 -99.4233 -378.457
175.24 -101.191 -379.229
175.8 -102.96 -379.986
176.378 -104.73 -380.727
176.971 -106.501 -381.452
177.582 -108.273 -382.162
178.21 -110.045 -382.856
178.854 -111.817 -383.534
179.516 -113.589 -384.197
180.195 -115.36 -384.844
180.891 -117.13 -385.476
181.605 -118.898 -386.092
182.336 -120.665 -386.692
183.084 -122.43 -387.277
183.85 -124.192 -387.845
184.634 -125.951 -388.399
185.435 -127.708 -388.937
186.254 -129.461 -389.459
187.09 -131.21 -389.965
187.944 -132.955 -390.456
188.816 -134.696 -390.932
189.706 -136.431 -391.392
190.613 -138.162 -391.837
191.539 -139.887 -392.266
192.482 -141.606 -392.68
193.443 -143.319 -393.079
194.421 -145.025 -393.463
195.418 -146.724 -393.831
196.432 -148.416 -394.184
197.464 -150.1 -394.523
198.514 -151.776 -394.846
199.581 -153.444 -395.154
200.667 -155.103 -395.448
201.769 -156.753 -395.727
202.89 -158.393 -395.991
204.027 -160.024 -396.24
205.183 -161.645 -396.476
206.355 -163.255 -396.696
207.545 -164.854 -396.903
208.752 -166.442 -397.095
209.977 -168.018 -397.273
211.218 -169.583 -397.437
212.476 -171.135 -397.587
213.751 -172.675 -397.724
215.043 -174.202 -397.847
216.352 -175.716 -397.956
217.677 -177.216 -398.052
219.019 -178.703 -398.135
220.376 -180.175 -398.205
221.751 -181.633 -398.261
223.141 -183.075 -398.305
224.547 -184.503 -398.336
225.968 -185.915 -398.355
227.406 -187.312 -398.361
228.858 -188.692 -398.355
230.326 -190.056 -398.337
231.81 -191.404 -398.307
233.308 -192.734 -398.266
234.821 -194.047 -398.212
236.348 -195.343 -398.148
237.89 -196.62 -398.072
239.446 -197.88 -397.985
241.016 -199.121 -397.887
242.6 -200.344 -397.778
244.198 -201.548 -397.659
245.809 -202.732 -397.53
247.434 -203.898 -397.391
249.071 -205.043 -397.241
250.722 -206.169 -397.082
252.384 -207.275 -396.914
254.06 -208.36 -396.736
255.747 -209.425 -396.549
257.446 -210.469 -396.353
259.158 -211.492 -396.149
260.88 -212.493 -395.936
262.614 -213.474 -395.714
264.359 -214.432 -395.485
266.114 -215.369 -395.248
267.88 -216.284 -395.003
269.656 -217.177 -394.751
271.443 -218.048 -394.492
273.239 -218.896 -394.226
275.044 -219.722 -393.953
276.859 -220.524 -393.674
278.683 -221.304 -393.389
280.516 -222.061 -393.097
282.357 -222.795 -392.8
284.206 -223.505 -392.497
286.063 -224.192 -392.189
287.928 -224.855 -391.876
289.801 -225.495 -391.559
291.68 -226.111 -391.237
293.567 -226.703 -390.91
295.46 -227.272 -390.579
297.359 -227.816 -390.245
299.265 -228.336 -389.907
301.176 -228.832 -389.566
303.093 -229.305 -389.221
305.015 -229.752 -388.874
306.942 -230.176 -388.524
308.874 -230.576 -388.172
310.811 -230.951 -387.818
312.751 -231.301 -387.462
314.696 -231.628 -387.104
316.644 -231.93 -386.745
318.596 -232.208 -386.385
320.551 -232.461 -386.024
322.509 -232.69 -385.663
324.469 -232.895 -385.301
326.432 -233.075 -384.939
328.396 -233.232 -384.577
330.363 -233.364 -384.215
332.331 -233.472 -383.855
334.301 -233.555 -383.495
336.272 -233.615 -383.136
338.243 -233.651 -382.778
340.215 -233.662 -382.422
342.188 -233.65 -382.068
344.16 -233.614 -381.716
346.133 -233.555 -381.367
348.105 -233.472 -381.02
350.076 -233.365 -380.675
352.046 -233.235 -380.334
354.016 -233.082 -379.996
355.984 -232.905 -379.661
357.95 -232.705 -379.33
359.915 -232.483 -379.003
361.877 -232.238 -378.681
363.838 -231.97 -378.362
365.795 -231.679 -378.049
367.751 -231.366 -377.74
369.703 -231.031 -377.436
371.652 -230.674 -377.137
373.598 -230.295 -376.844
375.54 -229.894 -376.557
377.479 -229.472 -376.275
379.414 -229.028 -376
381.344 -228.563 -375.731
383.271 -228.077 -375.469
385.193 -227.57 -375.213
387.11 -227.042 -374.964
389.022 -226.494 -374.723
390.929 -225.925 -374.489
392.832 -225.337 -374.262
394.729 -224.728 -374.043
396.62 -224.1 -373.832
398.505 -223.453 -373.629
400.385 -222.786 -373.435
402.259 -222.1 -373.249
404.127 -221.396 -373.071
405.988 -220.672 -372.903
407.843 -219.931 -372.743
409.691 -219.171 -372.593
411.533 -218.394 -372.452
413.368 -217.598 -372.321
415.195 -216.786 -372.199
417.016 -215.956 -372.087
418.829 -215.109 -371.986
420.636 -214.245 -371.894
422.434 -213.365 -371.813
424.225 -212.469 -371.743
426.009 -211.557 -371.683
427.784 -210.629 -371.634
429.552 -209.686 -371.596
431.312 -208.728 -371.569
433.063 -207.754 -371.553
434.807 -206.766 -371.549
436.542 -205.764 -371.556
438.269 -204.748 -371.575
439.988 -203.717 -371.606
441.698 -202.673 -371.649
443.399 -201.616 -371.704
445.092 -200.545 -371.771
446.776 -199.462 -371.85
448.452 -198.366 -371.942
450.118 -197.259 -372.046
451.776 -196.139 -372.164
453.425 -195.007 -372.293
455.065 -193.864 -372.436
456.695 -192.71 -372.592
458.317 -191.545 -372.761
459.93 -190.369 -372.943
461.533 -189.183 -373.139
463.128 -187.987 -373.348
464.713 -186.781 -373.571
466.289 -185.566 -373.807
467.855 -184.342 -374.057
469.413 -183.109 -374.32
470.961 -181.867 -374.598
472.5 -180.616 -374.89
474.029 -179.358 -375.195
475.549 -178.092 -375.515
477.06 -176.819 -375.849
478.562 -175.538 -376.198
480.054 -174.25 -376.56
481.537 -172.956 -376.938
483.01 -171.655 -377.329
484.474 -170.349 -377.736
485.929 -169.036 -378.156
487.374 -167.718 -378.592
488.811 -166.395 -379.043
490.237 -165.067 -379.508
491.655 -163.735 -379.988
493.063 -162.398 -380.483
494.463 -161.057 -380.993
495.852 -159.712 -381.518
497.233 -158.364 -382.058
498.605 -157.012 -382.613
499.967 -155.658 -383.183
501.321 -154.301 -383.769
502.665 -152.941 -384.37
504 -151.58 -384.985
505.327 -150.217 -385.617
506.644 -148.852 -386.263
507.953 -147.486 -386.925
509.253 -146.119 -387.602
510.543 -144.752 -388.295
511.826 -143.384 -389.003
513.099 -142.016 -389.726
514.364 -140.649 -390.465
515.62 -139.282 -391.219
516.868 -137.915 -391.989
518.107 -136.55 -392.774
519.338 -135.186 -393.575
520.56 -133.824 -394.391
521.774 -132.463 -395.222
522.98 -131.105 -396.069
524.178 -129.749 -396.931
525.368 -128.396 -397.809
526.549 -127.047 -398.702
527.723 -125.7 -399.611
528.888 -124.357 -400.535
530.046 -123.018 -401.474


