0 11 11
0 11 11
0 11 11
0 11 11
0 11 11
0 11 11
0 11 11
0 11 11
0 11 11
0 11 1
0 11 1
0 11 1
0 11 1
0 11 1
0 11 1
0 11 1
0 11 1
0 11 1
0 11 1
0 11 -1
0 11 1
0 11 1
0 11 1
0 11 1
0 11 1
0 11 1
0 11 1
0 11 1
0 11 1
0 11 1
0 11 1
0 11 1
0 11 1
0 11 1
0 11 1
0 11 1
0 11 1
0 11 1
0 11 1
0 11 1
0 11 1
0 11 1
0 11 1
0 11 1
0 11 1
0 11 1
0 11 1
0 11 -1
0 11 1
0 11 -1
0 11 1
1 11 1
1 11 1
1 11 1
1 11 1
1 11 1
1 11 1
1 11 1
1 11 1
0 11 1
1 11 1
1 11 1
0 11 1
0 11 1
1 11 1
1 11 1
1 11 1
1 11 1
1 11 1
1 1 1
1 1 1
1 1 1
0 1 1
1 -1 1
1 3 1
1 3 1
1 3 1
1 3 1
0 3 1
0 3 1
0 3 1
0 3 1
1 3 1
0 3 1
0 3 1
0 3 1
0 3 1
0 3 1
1 3 1
1 3 1
1 3 1
0 3 1
0 3 1
0 3 1
0 3 1
0 3 1
1 3 1
1 3 1
1 3 1
1 3 1
1 3 1
1 3 1
1 3 1
1 3 1
1 3 1
1 3 1
1 3 1
1 3 1
1 3 1
1 3 1
1 3 1
1 3 1
0 3 1
0 3 1
0 3 1
0 3 1
0 3 1
0 3 1
0 3 1
0 3 1
0 3 1
0 3 1
0 3 1
0 3 1
0 3 1
0 3 1
1 3 1
1 3 1
1 3 1
1 3 1
1 3 1
1 3 1
1 3 1
1 3 1
1 3 1
1 3 1
1 3 1
1 3 1
1 3 1
1 3 1
1 3 1
1 3 1
1 3 1
1 3 1
1 3 1
1 3 1
1 3 1
1 3 1
1 3 1
1 3 1
1 3 1
1 3 1
1 3 1
1 3 1
1 3 1
1 3 1
1 3 1
1 3 1
1 3 1
1 3 1
1 3 1
1 3 1
1 3 1
1 3 1
1 3 1
1 3 1
1 3 1
1 3 1
1 3 1
1 3 1
1 3 1
1 3 1
1 3 1
1 1 1
1 1 1
1 1 1
1 1 1
1 1 1
1 1 1
1 1 1
1 1 1
1 1 1
1 1 1
1 1 1
1 1 1
1 1 1
1 1 1
1 1 1
1 1 1
1 1 1
1 1 1
1 1 1
1 1 1
1 1 1
1 1 1
0 1 1
0 1 1
0 1 1
1 1 1
1 1 1
1 1 1
1 1 1
1 1 1
1 1 1
1 1 1
0 1 1
1 1 1
1 1 1
0 1 1
0 1 1
0 1 1
0 1 1
0 1 1
0 1 1
0 1 1
1 1 1
1 1 1
1 1 1
1 1 1
1 1 1
1 1 1
1 1 1
1 1 1
1 1 1
1 1 1
1 1 1
1 1 1
0 1 1
0 1 1
0 1 1
0 1 1
0 1 1
1 1 1
1 1 1
1 1 1
1 1 1
1 1 1
0 1 1
0 1 1
0 1 1
0 1 1
0 1 1
0 1 1
0 1 1
0 1 1
0 1 1
0 1 1
0 1 1
0 1 1
0 1 1
0 1 1
0 1 1
0 1 1
1 1 1
1 1 1
0 1 1
0 1 1
0 1 1
0 1 1
0 1 1
0 1 1
1 1 1
0 1 1
0 1 1
0 1 1
0 1 1
0 1 1
0 1 1
0 1 1
0 1 1
0 1 1
0 1 1
1 1 1
1 1 1
1 1 1
1 1 1
1 1 1
1 1 1
1 1 1
1 1 1
1 1 1
1 1 1
0 1 1
0 1 1
0 1 1
0 1 1
0 1 1
0 1 1
0 1 1
0 1 -1
0 1 3
0 1 3
0 1 3
0 1 3
0 1 3
0 1 3
0 1 3
0 1 3
0 1 3
0 1 3
0 1 3
0 1 3
0 1 3
0 1 3
0 1 3
0 1 3
0 1 3
0 1 3
0 1 3
0 1 3
0 1 3
0 1 3
0 1 3
0 1 3
0 1 3
0 1 3
0 1 3
0 1 3
0 1 3
0 1 3
0 1 3
0 1 3
0 1 3
0 1 3
0 1 3
0 1 3
0 1 3
0 1 3
0 1 3
0 1 3
0 1 3
0 1 3
0 1 3
0 1 3
0 1 3
0 1 3
0 1 3
0 1 3
0 1 3
0 1 3
0 1 3
0 1 3
0 1 3
0 1 3
0 1 3
0 1 3
0 1 3
0 1 3
0 1 3
0 1 -1
0 1 9
0 1 9
0 1 9
0 1 9
0 1 9
0 1 9
0 1 9
0 1 9
0 1 9
0 1 9
0 1 9
0 1 9
0 1 9
0 1 9
0 1 9
0 1 9
0 1 5
0 1 5
0 1 5
0 1 5
1 1 5
1 -1 5
1 1 5
1 -1 5
1 1 5
1 -1 5
0 1 5
0 1 -1
0 1 5
0 1 -1
1 1 5
0 1 5
0 1 5
0 1 5
0 1 5
0 1 5
0 1 5
0 1 5
0 1 5
0 1 5
0 1 5
0 1 -1
0 1 5
0 1 6
0 1 6
0 1 6
1 1 6
0 1 6
0 1 6
0 1 6
0 1 6
