4.20873 -2.149 6.43366 -5.23685 -11.5605 6.65246 
4.18152 -2.03897 6.29251 -5.08751 -11.0529 6.54732 
4.15431 -1.92895 6.15136 -4.93817 -10.5454 6.44219 
4.12649 -1.82253 6.01334 -4.79461 -10.0649 6.33756 
4.09868 -1.71612 5.87532 -4.65106 -9.5845 6.23294 
4.07885 -1.61654 5.75237 -4.53183 -9.16751 6.15459 
4.05903 -1.51695 5.62942 -4.4126 -8.75053 6.07623 
4.04305 -1.42168 5.51478 -4.30653 -8.37075 6.01073 
4.02706 -1.32641 5.40014 -4.20046 -7.99098 5.94522 
4.01502 -1.23492 5.29334 -4.10656 -7.64401 5.89233 
4.00297 -1.14343 5.18655 -4.01265 -7.29704 5.83944 
3.99496 -1.05517 5.08713 -3.92999 -6.97875 5.79899 
3.98694 -0.966908 4.98771 -3.84733 -6.66047 5.75855 
3.98304 -0.88134 4.89519 -3.77508 -6.36701 5.73045 
3.97914 -0.795771 4.80267 -3.70283 -6.07356 5.70236 
3.97944 -0.712351 4.71659 -3.64023 -5.80129 5.68659 
3.97975 -0.628931 4.63051 -3.57764 -5.52903 5.67082 
3.98436 -0.547119 4.55039 -3.52402 -5.27451 5.66743 
3.98897 -0.465306 4.47027 -3.4704 -5.01998 5.66404 
3.99345 -0.384216 4.39077 -3.41752 -4.7697 5.66037 
3.99794 -0.303126 4.31128 -3.36465 -4.51941 5.65669 
4.01139 -0.223081 4.24183 -3.32733 -4.29163 5.67842 
4.02484 -0.143037 4.17239 -3.29002 -4.06386 5.70015 
4.04286 -0.0629731 4.10749 -3.25997 -3.84423 5.73486 
4.06089 0.0170905 4.0426 -3.22993 -3.62461 5.76956 
4.07897 0.0975156 3.97739 -3.19956 -3.40294 5.80449 
4.09706 0.177941 3.91218 -3.16919 -3.18128 5.83943 
4.11983 0.259108 3.8509 -3.14548 -2.9637 5.88785 
4.14261 0.340275 3.78962 -3.12176 -2.74612 5.93628 
4.17018 0.422726 3.73179 -3.10428 -2.52958 5.99867 
4.19774 0.505177 3.67396 -3.0868 -2.31304 6.06106 
4.23018 0.589454 3.61912 -3.07517 -2.09446 6.138 
4.26262 0.673731 3.56428 -3.06354 -1.87589 6.21493 
4.29531 0.759454 3.50818 -3.05077 -1.64902 6.29316 
4.32799 0.845177 3.45208 -3.038 -1.42216 6.37138 
4.37043 0.934552 3.40196 -3.03713 -1.19103 6.47923 
4.41286 1.02393 3.35183 -3.03625 -0.9599 6.58708 
4.45088 1.11419 3.29637 -3.02732 -0.715002 6.68279 
4.4889 1.20444 3.2409 -3.0184 -0.470103 6.77851 
4.53685 1.29944 3.19047 -3.0207 -0.214196 6.90552 
4.5848 1.39444 3.14003 -3.02301 0.0417115 7.03253 
4.63318 1.49196 3.0874 -3.02344 0.313097 7.16254 
4.68155 1.58949 3.03477 -3.02387 0.584482 7.29255 
4.73523 1.69137 2.98294 -3.02853 0.874054 7.44103 
4.78891 1.79325 2.9311 -3.03319 1.16363 7.5895 
4.84798 1.90003 2.87958 -3.04177 1.47531 7.75757 
4.90705 2.00681 2.82806 -3.05034 1.787 7.92564 
4.6655 1.90177 2.60702 -2.91657 1.86456 7.72502 
4.42396 1.79673 2.38598 -2.78279 1.94212 7.5244 
4.19499 1.6971 2.17553 -2.66178 2.01453 7.34506 
3.96602 1.59746 1.96509 -2.54078 2.08695 7.16573 
3.74848 1.50272 1.76408 -2.43122 2.15567 7.00632 
3.53094 1.40797 1.56307 -2.32166 2.22439 6.84692 
3.32368 1.31761 1.37032 -2.22231 2.29079 6.70622 
3.11642 1.22725 1.17757 -2.12296 2.35718 6.56552 
2.91828 1.14076 0.991926 -2.03267 2.42255 6.4424 
2.72015 1.05427 0.80628 -1.94239 2.48792 6.31928 
2.53259 0.972129 0.627067 -1.86408 2.55933 6.22636 
2.34504 0.889992 0.447854 -1.78577 2.63075 6.13344 
2.16354 0.810371 0.272634 -1.71389 2.70433 6.05572 
1.98204 0.730749 0.0974135 -1.64201 2.77791 5.978 
1.80729 0.653784 -0.0752577 -1.5791 2.86148 5.92803 
1.63254 0.576819 -0.247929 -1.51618 2.94504 5.87805 
1.46077 0.501013 -0.419714 -1.45744 3.03398 5.8417 
1.28901 0.425207 -0.591499 -1.39871 3.12292 5.80536 
1.11909 0.35005 -0.763563 -1.34339 3.21848 5.78223 
0.949163 0.274893 -0.935628 -1.28807 3.31404 5.75911 
0.781302 0.200158 -1.11203 -1.24075 3.43342 5.7748 
0.613441 0.125423 -1.28842 -1.19342 3.5528 5.7905 
0.443583 0.0496411 -1.46898 -1.14709 3.68342 5.8188 
0.273725 -0.0261408 -1.64954 -1.10076 3.81403 5.8471 
0.100639 -0.103677 -1.83766 -1.05692 3.96647 5.90108 
-0.072447 -0.181214 -2.02577 -1.01307 4.11892 5.95506 
-0.251062 -0.261523 -2.22376 -0.970312 4.29665 6.03509 
-0.429677 -0.341832 -2.42175 -0.92755 4.47439 6.11511 
-0.616122 -0.425932 -2.63195 -0.88442 4.68126 6.22185 
-0.802567 -0.510032 -2.84215 -0.841291 4.88814 6.32858 
-0.999144 -0.59894 -3.06689 -0.796276 5.12847 6.463 
-1.19572 -0.687848 -3.29164 -0.751261 5.3688 6.59741 
-1.40473 -0.782582 -3.53325 -0.70274 5.64742 6.76074 
-1.61374 -0.877316 -3.77486 -0.654218 5.92604 6.92407 
-1.56187 -0.727901 -3.70929 -0.618835 6.02865 6.65234 
-1.51 -0.578486 -3.64371 -0.583451 6.13126 6.38062 
-1.46269 -0.436518 -3.58651 -0.552553 6.24017 6.14803 
-1.41538 -0.294549 -3.52932 -0.521655 6.34909 5.91545 
-1.37081 -0.158296 -3.4766 -0.493572 6.45523 5.70579 
-1.32624 -0.0220436 -3.42389 -0.465489 6.56138 5.49613 
-1.28422 0.109347 -3.37553 -0.439884 6.66738 5.30721 
-1.24221 0.240738 -3.32717 -0.414279 6.77339 5.11829 
-1.20381 0.368667 -3.28661 -0.391648 6.89716 4.95862 
-1.16542 0.496596 -3.24605 -0.369017 7.02094 4.79896 
-1.12904 0.62194 -3.20952 -0.348088 7.15094 4.65507 
-1.09266 0.747284 -3.17298 -0.327158 7.28095 4.51118 
-1.0581 0.870896 -3.14035 -0.307666 7.4196 4.38143 
-1.02353 0.994509 -3.10771 -0.288173 7.55825 4.25169 
-0.991662 1.11864 -3.08229 -0.270435 7.72569 4.14364 
-0.959792 1.24278 -3.05687 -0.252696 7.89314 4.0356 
-0.929202 1.36746 -3.03502 -0.235753 8.07574 3.9379 
-0.898612 1.49214 -3.01317 -0.218809 8.25834 3.8402 
-0.87005 1.62019 -2.99812 -0.202855 8.47826 3.75986 
-0.841489 1.74824 -2.98307 -0.1869 8.69819 3.67952 
-0.812794 1.87686 -2.96794 -0.170799 8.91997 3.59839 
-0.784099 2.00547 -2.95281 -0.154697 9.14175 3.51727 
-0.7569 2.13974 -2.94414 -0.138996 9.40849 3.45043 
-0.729701 2.274 -2.93548 -0.123296 9.67523 3.38359 
-0.70285 2.41279 -2.9298 -0.107355 9.97059 3.32167 
-0.675999 2.55159 -2.92412 -0.0914136 10.2659 3.25976 
-0.649297 2.69576 -2.92131 -0.0750041 10.5933 3.20171 
-0.622594 2.83994 -2.91849 -0.0585946 10.9208 3.14366 
-0.649297 2.69576 -2.92131 -0.0750041 10.5933 3.20171 
-0.622594 2.83994 -2.91849 -0.0585946 10.9208 3.14366 
-0.596454 2.99375 -2.92156 -0.0415347 11.3091 3.09496 
-0.570314 3.14756 -2.92463 -0.0244748 11.6975 3.04626 
-0.543242 3.30535 -2.92712 -0.00633648 12.1018 2.99239 
-0.51617 3.46314 -2.92961 0.0118019 12.506 2.93851 
-0.489128 3.63284 -2.93765 0.0312541 12.9825 2.89116 
-0.462086 3.80253 -2.94569 0.0507063 13.459 2.8438 
-0.433844 3.97735 -2.95299 0.0716181 13.9578 2.78964 
-0.405603 4.15218 -2.96029 0.09253 14.4567 2.73548 
-0.376859 4.34118 -2.9728 0.115495 15.0408 2.68482 
-0.348115 4.53018 -2.98532 0.13846 15.6249 2.63415 
-0.268579 4.38985 -2.89462 0.190587 15.6329 2.60294 
-0.189043 4.24952 -2.80392 0.242715 15.6409 2.57173 
-0.112003 4.11257 -2.71539 0.291373 15.6364 2.54051 
-0.0349627 3.97562 -2.62687 0.340031 15.6319 2.50929 
0.0397014 3.84596 -2.54309 0.386212 15.6481 2.48323 
-0.0349627 3.97562 -2.62687 0.340031 15.6319 2.50929 
-0.112003 4.11257 -2.71539 0.291373 15.6364 2.54051 
-0.189043 4.24952 -2.80392 0.242715 15.6409 2.57173 
-0.268579 4.38985 -2.89462 0.190587 15.6329 2.60294 
-0.348115 4.53018 -2.98532 0.13846 15.6249 2.63415 
-0.325166 4.55391 -2.83135 -0.131106 15.3014 2.63484 
-0.302217 4.57763 -2.67737 -0.400672 14.9779 2.63552 
-0.280063 4.59854 -2.52846 -0.648624 14.6618 2.63299 
-0.257908 4.61945 -2.37956 -0.896575 14.3457 2.63046 
-0.236777 4.64249 -2.23794 -1.12645 14.0662 2.63043 
-0.215646 4.66554 -2.09632 -1.35633 13.7867 2.63039 
-0.195609 4.69623 -1.96321 -1.57559 13.5707 2.63897 
-0.175572 4.72693 -1.83009 -1.79484 13.3547 2.64755 
-0.15609 4.75565 -1.70053 -2.00006 13.1425 2.65387 
-0.136609 4.78437 -1.57096 -2.20528 12.9302 2.6602 
-0.117904 4.82187 -1.44787 -2.40833 12.7775 2.67622 
-0.0991984 4.85938 -1.32478 -2.61138 12.6248 2.69223 
-0.0809602 4.90098 -1.20544 -2.81141 12.5018 2.71269 
-0.0627221 4.94259 -1.08609 -3.01145 12.3788 2.73314 
-0.044832 4.98873 -0.969732 -3.21142 12.2845 2.75848 
-0.026942 5.03487 -0.853373 -3.41139 12.1903 2.78382 
-0.00927138 5.09176 -0.739944 -3.62281 12.1513 2.82096 
0.0083992 5.14865 -0.626516 -3.83423 12.1124 2.85809 
0.0260395 5.2112 -0.514047 -4.05331 12.1008 2.90148 
0.0436798 5.27375 -0.401577 -4.27238 12.0892 2.94487 
0.0614091 5.34237 -0.289307 -4.50208 12.1048 2.99509 
0.0791383 5.411 -0.177036 -4.73178 12.1205 3.04531 
0.0972043 5.49235 -0.0641503 -4.98683 12.1906 3.11008 
0.11527 5.5737 0.0487356 -5.24189 12.2608 3.17485 
0.133743 5.66226 0.163449 -5.51594 12.3588 3.24829 
0.152216 5.75081 0.278163 -5.79 12.4567 3.32173 
0.171423 5.8535 0.396025 -6.10048 12.6109 3.41228 
0.190629 5.95619 0.513887 -6.41096 12.765 3.50283 
0.210809 6.07386 0.636417 -6.76524 12.9771 3.61234 
0.230988 6.19152 0.758947 -7.11953 13.1893 3.72185 
0.252378 6.32501 0.887666 -7.52574 13.4621 3.85244 
0.273768 6.4585 1.01638 -7.93196 13.7348 3.98303 
0.29628 6.60173 1.15149 -8.38094 14.0419 4.12834 
0.318792 6.74496 1.2866 -8.82993 14.3491 4.27364 
0.342912 6.90542 1.43042 -9.34661 14.7225 4.44427 
0.367032 7.06588 1.57425 -9.86329 15.096 4.61489 
0.343281 6.93584 1.52364 -9.84341 14.8997 4.79856 
0.31953 6.80581 1.47304 -9.82353 14.7035 4.98223 
0.296456 6.67817 1.42367 -9.79736 14.5083 5.15051 
0.273381 6.55052 1.3743 -9.77119 14.3131 5.31879 
0.251224 6.43189 1.32751 -9.75936 14.1483 5.48392 
0.229067 6.31325 1.28071 -9.74753 13.9835 5.64904 
0.2077 6.20318 1.23627 -9.75094 13.8484 5.81389 
0.186332 6.0931 1.19182 -9.75436 13.7134 5.97873 
0.165473 5.98482 1.14831 -9.75297 13.5785 6.13255 
0.144613 5.87653 1.10479 -9.75159 13.4436 6.28637 
0.124375 5.77621 1.06331 -9.76677 13.3377 6.44372 
0.104136 5.67589 1.02183 -9.78195 13.2318 6.60108 
0.0843206 5.57707 0.981124 -9.79309 13.1258 6.74944 
0.064505 5.47824 0.940417 -9.80423 13.0199 6.89781 
0.0451697 5.39265 0.902394 -9.85515 12.9709 7.06933 
0.0258343 5.30706 0.864372 -9.90607 12.9219 7.24084 
0.00675281 5.22236 0.826814 -9.95437 12.8725 7.40691 
-0.0123287 5.13767 0.789255 -10.0027 12.8231 7.57299 
-0.0311563 5.05387 0.75216 -10.0484 12.7733 7.73368 
-0.049984 4.97007 0.715065 -10.0941 12.7235 7.89437 
-0.0687545 4.89801 0.679882 -10.1833 12.7305 8.08687 
-0.087525 4.82596 0.6447 -10.2725 12.7375 8.27937 
-0.106211 4.7542 0.609672 -10.3607 12.7442 8.47002 
-0.124897 4.68244 0.574643 -10.449 12.7509 8.66067 
-0.143498 4.61098 0.53977 -10.5363 12.7573 8.84948 
-0.162099 4.53952 0.504896 -10.6236 12.7638 9.03829 
-0.181067 4.47831 0.471162 -10.7589 12.8279 9.26795 
-0.200034 4.4171 0.437428 -10.8942 12.892 9.49761 
-0.219086 4.35559 0.40354 -11.0305 12.9565 9.7292 
-0.238137 4.29408 0.369652 -11.1669 13.0211 9.96079 
-0.257584 4.23694 0.335947 -11.33 13.1155 10.2177 
-0.27703 4.17981 0.302242 -11.4931 13.2099 10.4747 
-0.296998 4.1266 0.268489 -11.6849 13.3351 10.7601 
-0.316965 4.07339 0.234736 -11.8766 13.4603 11.0456 
-0.337581 4.02367 0.200703 -12.099 13.6174 11.363 
-0.358197 3.97394 0.166669 -12.3214 13.7745 11.6804 
-0.379152 3.92302 0.132018 -12.5489 13.9339 12.0064 
-0.400106 3.8721 0.097367 -12.7764 14.0934 12.3324 
-0.421878 3.82406 0.0621268 -13.0377 14.2865 12.6953 
-0.44365 3.77602 0.0268865 -13.2989 14.4795 13.0582 
-0.466367 3.73042 -0.00917454 -13.5966 14.7078 13.4619 
-0.489084 3.68481 -0.0452356 -13.8942 14.936 13.8657 
-0.512308 3.63742 -0.0822238 -14.2005 15.1687 14.2837 
-0.535532 3.59002 -0.119212 -14.5068 15.4014 14.7017 
-0.560476 3.54809 -0.157533 -14.8849 15.7047 15.199 
-0.58542 3.50616 -0.195854 -15.263 16.0081 15.6963 
-0.611041 3.46184 -0.235411 -15.654 16.3186 16.2143 
-0.636662 3.41751 -0.274968 -16.045 16.6291 16.7323 
-0.66365 3.37413 -0.316118 -16.483 16.9814 17.3072 
-0.690638 3.33075 -0.357269 -16.9209 17.3338 17.882 
-0.671075 3.31554 -0.368077 -16.604 16.8656 17.8044 
-0.651512 3.30033 -0.378885 -16.287 16.3975 17.7267 
-0.632367 3.28489 -0.389315 -15.978 15.9455 17.6429 
-0.613223 3.26945 -0.399745 -15.6689 15.4935 17.5592 
-0.595097 3.25716 -0.410235 -15.3992 15.0881 17.5058 
-0.576972 3.24487 -0.420726 -15.1295 14.6826 17.4524 
-0.559776 3.23577 -0.431358 -14.8968 14.3196 17.4302 
-0.54258 3.22668 -0.441989 -14.6642 13.9565 17.4081 
-0.525683 3.21742 -0.452351 -14.4364 13.6039 17.3812 
-0.508786 3.20817 -0.462713 -14.2085 13.2513 17.3543 
-0.492187 3.19875 -0.472805 -13.9855 12.9089 17.3227 
-0.475589 3.18933 -0.482896 -13.7624 12.5666 17.2911 
-0.459771 3.18319 -0.493265 -13.5731 12.2603 17.2925 
-0.443953 3.17705 -0.503633 -13.3838 11.954 17.2939 
-0.428373 3.17078 -0.513785 -13.1979 11.6555 17.2914 
-0.412794 3.16451 -0.523937 -13.0121 11.357 17.2889 
-0.397876 3.16158 -0.534473 -12.8576 11.09 17.3207 
-0.382958 3.15866 -0.54501 -12.7032 10.8231 17.3526 
-0.368219 3.15564 -0.555384 -12.5511 10.5617 17.3813 
-0.35348 3.15261 -0.565759 -12.3991 10.3002 17.4101 
-0.339282 3.153 -0.576625 -12.2764 10.0662 17.4749 
-0.325084 3.15339 -0.587492 -12.1538 9.8322 17.5396 
-0.311006 3.15372 -0.598251 -12.0326 9.60173 17.6022 
-0.296927 3.15404 -0.609009 -11.9114 9.37126 17.6648 
-0.283271 3.15785 -0.620368 -11.8179 9.16438 17.7652 
-0.269614 3.16165 -0.631727 -11.7244 8.9575 17.8657 
-0.256017 3.16542 -0.643032 -11.6315 8.75234 17.9649 
-0.24242 3.16919 -0.654337 -11.5387 8.54717 18.0642 
-0.228883 3.17293 -0.665588 -11.4465 8.34371 18.1623 
-0.215346 3.17667 -0.676839 -11.3543 8.14025 18.2604 
-0.202082 3.18397 -0.688825 -11.288 7.95598 18.3991 
-0.188817 3.19126 -0.700811 -11.2217 7.77171 18.5377 
-0.175552 3.19856 -0.712797 -11.1554 7.58743 18.6764 
-0.162288 3.20586 -0.724783 -11.0891 7.40316 18.815 
-0.149176 3.21679 -0.737613 -11.0476 7.23475 18.9968 
-0.136064 3.22771 -0.750442 -11.006 7.06634 19.1785 
-0.122892 3.23867 -0.763326 -10.9639 6.8963 19.3615 
-0.109721 3.24963 -0.776209 -10.9217 6.72626 19.5446 
-0.0964895 3.26062 -0.789146 -10.8791 6.55458 19.729 
-0.0832582 3.27161 -0.802083 -10.8364 6.38291 19.9134 
-0.0700304 3.28631 -0.815999 -10.8172 6.22308 20.1445 
-0.0568026 3.30101 -0.829914 -10.798 6.06326 20.3756 
-0.0434553 3.31578 -0.843938 -10.7778 5.9002 20.6096 
-0.030108 3.33054 -0.857961 -10.7576 5.73714 20.8436 
-0.0166447 3.34908 -0.873071 -10.7601 5.58276 21.1277 
-0.00318135 3.36762 -0.888181 -10.7626 5.42838 21.4118 
0.0104612 3.38626 -0.903452 -10.7637 5.26915 21.7006 
0.0241038 3.4049 -0.918724 -10.7649 5.10991 21.9895 
0.0379256 3.42364 -0.934158 -10.7646 4.94578 22.2831 
0.0517474 3.44237 -0.949591 -10.7644 4.78164 22.5768 
0.0658346 3.46497 -0.966246 -10.786 4.62215 22.9254 
0.0799217 3.48756 -0.982901 -10.8076 4.46266 23.274 
0.0942479 3.51029 -0.999771 -10.8275 4.29656 23.6295 
0.108574 3.53301 -1.01664 -10.8474 4.13047 23.9851 
0.123139 3.55587 -1.03373 -10.8656 3.95767 24.3477 
0.137705 3.57873 -1.05082 -10.8838 3.78488 24.7102 
0.152684 3.60553 -1.06926 -10.9232 3.6125 25.1334 
0.167664 3.63232 -1.0877 -10.9626 3.44013 25.5566 
0.182943 3.65928 -1.10641 -11 3.25921 25.9893 
0.198222 3.68624 -1.12513 -11.0374 3.07829 26.422 
0.214035 3.71721 -1.1453 -11.0956 2.89424 26.9204 
0.229848 3.74817 -1.16548 -11.1538 2.7102 27.4189 
0.246019 3.77934 -1.18598 -11.2097 2.51561 27.9297 
0.262191 3.8105 -1.20648 -11.2656 2.32102 28.4406 
0.278721 3.84186 -1.22731 -11.3192 2.1157 28.9639 
0.295251 3.87322 -1.24813 -11.3728 1.91037 29.4873 
0.281119 3.80615 -1.20268 -11.4764 1.70713 29.1154 
0.266987 3.73908 -1.15722 -11.58 1.50389 28.7435 
0.253111 3.67297 -1.11256 -11.676 1.30825 28.3778 
0.239235 3.60687 -1.0679 -11.772 1.1126 28.012 
0.225615 3.54172 -1.02403 -11.8605 0.924444 27.6523 
0.211995 3.47658 -0.980159 -11.9491 0.736286 27.2926 
0.19863 3.4124 -0.937081 -12.0303 0.555498 26.9389 
0.185265 3.34823 -0.894004 -12.1116 0.374711 26.5852 
0.172324 3.2884 -0.85257 -12.2115 0.201241 26.292 
0.159382 3.22858 -0.811137 -12.3114 0.0277708 25.9988 
0.146645 3.16953 -0.770337 -12.4054 -0.139971 25.7099 
0.133908 3.11047 -0.729537 -12.4994 -0.307713 25.421 
0.121375 3.05219 -0.689372 -12.5877 -0.469798 25.1363 
0.108843 2.99391 -0.649206 -12.6759 -0.631884 24.8517 
0.0966056 2.9395 -0.610288 -12.7862 -0.790424 24.6236 
0.0843683 2.88509 -0.57137 -12.8965 -0.948964 24.3956 
0.0722193 2.82826 -0.532393 -12.974 -1.10063 24.1186 
0.0600703 2.77142 -0.493415 -13.0515 -1.25229 23.8415 
0.0481654 2.71827 -0.455527 -13.1524 -1.40189 23.6197 
0.0362605 2.66511 -0.417639 -13.2533 -1.55149 23.3979 
0.024523 2.61535 -0.380603 -13.3794 -1.70107 23.2293 
0.0127855 2.56558 -0.343567 -13.5056 -1.85066 23.0608 
0.00116183 2.51349 -0.306551 -13.5986 -1.99282 22.8439 
-0.0104618 2.46139 -0.269534 -13.6915 -2.13498 22.6269 
-0.0219692 2.4125 -0.233211 -13.8111 -2.27851 22.4621 
-0.0334766 2.3636 -0.196889 -13.9307 -2.42204 22.2973 
-0.0448818 2.31509 -0.160882 -14.0474 -2.5629 22.1341 
-0.0562869 2.26658 -0.124876 -14.1641 -2.70377 21.9708 
-0.0675897 2.21845 -0.0891873 -14.2779 -2.84199 21.8092 
-0.0788926 2.17032 -0.0534982 -14.3916 -2.9802 21.6476 
-0.090207 2.12492 -0.0181065 -14.5354 -3.12311 21.5355 
-0.101521 2.07951 0.0172851 -14.6792 -3.26601 21.4234 
-0.112785 2.03429 0.0525184 -14.8215 -3.40759 21.312 
-0.124048 1.98907 0.0877516 -14.9638 -3.54917 21.2006 
-0.13526 1.94405 0.122826 -15.1046 -3.68943 21.0899 
-0.146472 1.89903 0.157901 -15.2453 -3.82968 20.9792 
-0.157824 1.85624 0.193074 -15.4197 -3.97791 20.916 
-0.169175 1.81345 0.228248 -15.5941 -4.12613 20.8529 
-0.180527 1.77066 0.263421 -15.7684 -4.27436 20.7897 
-0.191878 1.72787 0.298595 -15.9428 -4.42258 20.7266 
-0.20323 1.68508 0.333768 -16.1172 -4.57081 20.6635 
-0.214581 1.64229 0.368941 -16.2916 -4.71903 20.6003 
-0.225933 1.59951 0.404115 -16.4659 -4.86726 20.5372 
-0.237284 1.55672 0.439288 -16.6403 -5.01548 20.4741 
-0.248929 1.51559 0.475035 -16.853 -5.17569 20.4568 
-0.260573 1.47445 0.510783 -17.0657 -5.33589 20.4396 
-0.272268 1.43313 0.546688 -17.28 -5.49746 20.4218 
-0.283964 1.3918 0.582594 -17.4943 -5.65902 20.4041 
-0.29571 1.35029 0.618658 -17.7103 -5.82196 20.3859 
-0.307457 1.30877 0.654722 -17.9263 -5.9849 20.3677 
-0.319624 1.26843 0.691757 -18.1851 -6.16332 20.3945 
-0.331791 1.22808 0.728791 -18.4438 -6.34174 20.4213 
-0.344061 1.18736 0.766142 -18.706 -6.52298 20.4473 
-0.35633 1.14663 0.803493 -18.9683 -6.70423 20.4733 
-0.368702 1.10551 0.841161 -19.2341 -6.88832 20.4986 
-0.381074 1.0644 0.878829 -19.4999 -7.07241 20.5239 
-0.393994 1.02398 0.917863 -19.8134 -7.27575 20.5936 
-0.406914 0.983559 0.956897 -20.1269 -7.47909 20.6634 
-0.419987 0.942561 0.996406 -20.4461 -7.68686 20.7323 
-0.433061 0.901562 1.03592 -20.7653 -7.89464 20.8012 
-0.446288 0.859985 1.0759 -21.0902 -8.10689 20.8693 
-0.459515 0.818408 1.11588 -21.4152 -8.31915 20.9373 
-0.473418 0.777042 1.15763 -21.7935 -8.55477 21.0498 
-0.487321 0.735676 1.19938 -22.1718 -8.79038 21.1624 
-0.501429 0.693539 1.24176 -22.5583 -9.03225 21.274 
-0.515537 0.651402 1.28414 -22.9448 -9.27412 21.3857 
-0.529849 0.608494 1.32715 -23.3397 -9.52232 21.4966 
-0.544161 0.565586 1.37017 -23.7345 -9.77052 21.6074 
-0.558678 0.521908 1.41382 -24.1377 -10.0251 21.7173 
-0.573195 0.478229 1.45746 -24.541 -10.2797 21.8273 
-0.588542 0.434183 1.50335 -25.0054 -10.5632 21.9821 
-0.603888 0.390137 1.54924 -25.4698 -10.8467 22.1368 
-0.61949 0.345127 1.59591 -25.9454 -11.1386 22.2909 
-0.635092 0.300118 1.64259 -26.4211 -11.4306 22.445 
-0.651626 0.254356 1.69182 -26.9638 -11.7554 22.6445 
-0.668161 0.208593 1.74106 -27.5065 -12.0803 22.844 
-0.685001 0.161675 1.79124 -28.0638 -12.4159 23.0431 
-0.701842 0.114756 1.84142 -28.621 -12.7515 23.2422 
-0.693399 -0.05671 1.68965 -27.8585 -12.4721 22.8544 
-0.684956 -0.228176 1.53788 -27.0959 -12.1926 22.4666 
-0.677267 -0.393271 1.39285 -26.4141 -11.9447 22.1275 
-0.669578 -0.558366 1.24782 -25.7323 -11.6968 21.7884 
-0.662635 -0.718132 1.10871 -25.1254 -11.4788 21.4965 
-0.655691 -0.877898 0.969602 -24.5185 -11.2607 21.2047 
-0.649485 -1.03338 0.835602 -23.9812 -11.0709 20.9587 
-0.643278 -1.18886 0.701602 -23.4439 -10.8811 20.7127 
-0.637799 -1.3411 0.571892 -22.9714 -10.7181 20.5115 
-0.632321 -1.49333 0.442183 -22.4989 -10.5551 20.3104 
-0.626877 -1.6414 0.31574 -22.0392 -10.3952 20.1093 
-0.621433 -1.78947 0.189297 -21.5795 -10.2352 19.9083 
-0.617387 -1.938 0.0659917 -21.2251 -10.1227 19.7948 
-0.613341 -2.08653 -0.0573131 -20.8706 -10.0102 19.6812 
-0.609997 -2.23495 -0.178777 -20.569 -9.92119 19.6107 
-0.606653 -2.38336 -0.30024 -20.2673 -9.83222 19.5402 
-0.603326 -2.52969 -0.42007 -19.971 -9.7443 19.4689 
-0.6 -2.67603 -0.539901 -19.6746 -9.65639 19.3977 
-0.598036 -2.82699 -0.659859 -19.4703 -9.61261 19.4132 
-0.596072 -2.97796 -0.779816 -19.2659 -9.56883 19.4288 
-0.594784 -3.13194 -0.900382 -19.1058 -9.54678 19.488 
-0.593496 -3.28593 -1.02095 -18.9458 -9.52473 19.5472 
-0.592875 -3.44396 -1.14294 -18.8278 -9.5241 19.6508 
-0.592254 -3.602 -1.26493 -18.7098 -9.52347 19.7544 
-0.592291 -3.76514 -1.38916 -18.632 -9.54411 19.9036 
-0.592328 -3.92828 -1.51339 -18.5543 -9.56476 20.0528 
-0.593676 -4.10231 -1.64265 -18.5562 -9.62817 20.2945 
-0.595024 -4.27634 -1.77191 -18.5582 -9.69158 20.5362 
-0.597007 -4.45825 -1.90558 -18.5967 -9.7766 20.8281 
-0.59899 -4.64016 -2.03926 -18.6352 -9.86162 21.12 
-0.601599 -4.83099 -2.17817 -18.7092 -9.96864 21.4645 
-0.604208 -5.02182 -2.31708 -18.7832 -10.0757 21.8089 
-0.608087 -5.22842 -2.46482 -18.9326 -10.2273 22.257 
-0.611966 -5.43501 -2.61257 -19.082 -10.379 22.7051 
-0.616448 -5.65331 -2.76773 -19.2653 -10.5544 23.2139 
-0.62093 -5.8716 -2.92289 -19.4486 -10.7298 23.7227 
-0.626006 -6.10264 -3.08628 -19.6655 -10.9298 24.296 
-0.631082 -6.33368 -3.24966 -19.8824 -11.1299 24.8693 
-0.637388 -6.58535 -3.4257 -20.1734 -11.3788 25.5637 
-0.643693 -6.83702 -3.60173 -20.4644 -11.6278 26.2582 
