328
2.758 -0.34471 -1.72637 1.51993 -1.35863 0.934336 -0.101947 0.685875 -0.614276 -1.3574 -1.23089 -2.32956 
2.76146 -0.270723 -1.64575 1.56128 -1.37587 0.974395 -0.0861583 0.866399 -1.08847 -1.5518 -1.0763 -1.85516 
2.75532 -0.230877 -1.63825 1.68873 -1.55433 0.921833 -0.0848101 0.840433 -1.04872 -1.48576 -1.063 -1.74316 
2.7274 -0.108287 -1.78616 1.80901 -1.74038 0.810894 -0.0834995 0.81519 -1.01008 -1.42157 -1.05007 -1.63429 
2.69982 -0.024774 -1.87114 1.91472 -1.93232 0.761673 -0.0822345 0.790826 -0.97279 -1.3596 -1.03759 -1.5292 
2.64477 -0.0542624 -1.80537 1.83718 -1.83499 0.741929 0.141301 0.599965 -0.77982 -1.55587 -0.583847 -1.47658 
2.40344 -0.104759 -1.71194 2.21427 -1.87337 0.849796 0.139806 0.6056 -0.76145 -1.59623 -0.59796 -1.49409 
2.17723 -0.0996915 -1.75775 2.53924 -1.92152 0.876656 0.138394 0.610927 -0.744083 -1.63439 -0.611303 -1.51065 
2.17629 -0.076356 -1.70273 2.51526 -1.89588 0.882905 0.200995 0.601812 -0.798068 -1.83627 -0.446832 -1.27518 
2.162 -0.0738368 -1.65837 2.49592 -1.88149 0.859911 0.284204 0.619157 -0.90863 -2.31911 -0.347233 -0.775821 
2.25544 0.138697 -1.91154 2.39349 -1.99832 0.777532 0.239168 0.572028 -0.867021 -2.29157 -0.327663 -0.725647 
2.58291 0.057481 -1.66672 2.13731 -2.00332 0.876427 0.194056 0.516599 -0.86178 -2.18564 -0.325178 -0.709802 
2.57633 0.0301772 -1.5901 2.12038 -1.88289 0.865216 0.22796 0.57803 -1.06596 -2.72901 -0.439205 -0.271415 
2.41102 0.0555033 -1.66473 2.30934 -1.9567 0.777652 0.225589 0.528155 -1.06882 -2.72363 -0.485015 -0.237039 
2.2818 0.0749233 -1.75038 2.45506 -2.05372 0.690689 0.223329 0.480611 -1.07154 -2.71849 -0.528686 -0.204269 
2.28895 0.130754 -1.71298 2.45447 -1.92459 0.757405 0.167225 0.560135 -1.16556 -2.66262 -0.528756 -0.328053 
2.29593 0.185203 -1.67651 2.45389 -1.79866 0.822468 0.0932019 0.586734 -1.14853 -2.48588 -0.490712 -0.57315 
2.26962 0.228621 -1.67011 2.41482 -1.65673 0.876133 0.12157 0.521426 -0.91257 -2.26769 -0.313412 -0.971957 
2.24474 0.269686 -1.66406 2.37787 -1.52248 0.92689 0.115525 0.506865 -0.78247 -1.83181 -0.242083 -1.561 
2.22197 0.30726 -1.65853 2.34406 -1.39966 0.97333 0.0714869 0.522394 -0.722912 -1.50331 -0.317553 -2.02075 
2.20092 0.341996 -1.65341 2.31281 -1.28611 1.01626 0.0116411 0.538398 -0.685465 -1.39815 -0.421187 -2.23655 
2.18084 0.375141 -1.64853 2.28298 -1.17776 1.05723 -0.0675021 0.59136 -0.733128 -1.47453 -0.56482 -2.26076 
2.16114 0.407636 -1.64374 2.25374 -1.07153 1.0974 -0.154658 0.666306 -0.83822 -1.57858 -0.715443 -2.23489 
1.89227 0.54021 -1.69888 2.47542 -1.06541 1.01225 -0.17052 0.627789 -0.848719 -1.61123 -0.714703 -2.08553 
1.71401 0.707192 -1.81103 2.6027 -1.08757 0.907899 -0.186145 0.589849 -0.859062 -1.6434 -0.713974 -1.93841 
1.57443 0.796629 -1.78088 2.65694 -1.0588 0.860317 -0.201452 0.55268 -0.869194 -1.67491 -0.713261 -1.79428 
1.44832 0.907744 -1.79591 2.69427 -1.04335 0.786937 -0.216545 0.51603 -0.879185 -1.70599 -0.712557 -1.65217 
1.33983 0.937679 -1.6839 2.69397 -0.982571 0.756256 -0.231369 0.480034 -0.888997 -1.7365 -0.711865 -1.51259 
1.23068 0.960419 -1.56596 2.68041 -0.915865 0.717222 -0.246023 0.444449 -0.898697 -1.76667 -0.711182 -1.3746 
1.24423 0.975574 -1.56359 2.63149 -0.803279 0.776552 -0.227877 0.409651 -0.834694 -1.8393 -0.659313 -1.36024 
1.25756 0.99048 -1.56126 2.58338 -0.692545 0.834906 -0.227907 0.370257 -0.764945 -1.88476 -0.625252 -1.36052 
1.27062 1.00508 -1.55897 2.53624 -0.584047 0.892081 -0.256039 0.332663 -0.702796 -1.89421 -0.632213 -1.37666 
1.28336 1.01933 -1.55674 2.49024 -0.478179 0.94787 -0.302713 0.303035 -0.660885 -1.89137 -0.662769 -1.39033 
1.29578 1.03323 -1.55457 2.44541 -0.374985 1.00225 -0.3671 0.288674 -0.650525 -1.88395 -0.717641 -1.39212 
1.30789 1.04677 -1.55245 2.40168 -0.274343 1.05529 -0.456728 0.304671 -0.693832 -1.86983 -0.818442 -1.37279 
1.31973 1.06001 -1.55038 2.35896 -0.17602 1.1071 -0.557228 0.366673 -0.816423 -1.86426 -0.940773 -1.31443 
1.33134 1.07299 -1.54835 2.31705 -0.0795692 1.15793 -0.662287 0.550879 -1.15741 -1.88895 -1.09538 -1.15138 
1.21333 1.05856 -1.49638 2.30378 -0.0174629 1.16088 -0.508366 0.254788 -0.833559 -2.09127 -0.868829 -1.00032 
1.09704 1.04434 -1.44517 2.29069 0.0437349 1.16379 -0.255123 0.157954 -0.83561 -2.59922 -0.715058 -0.532009 
1.0895 1.04882 -1.40724 2.29423 0.016009 1.15689 -0.20755 0.141125 -0.814246 -2.75787 -0.614449 -0.307499 
1.08342 1.06581 -1.42296 2.25011 0.0625579 1.23311 -0.292016 0.0527599 -0.689405 -2.57082 -0.599184 -0.4295 
1.07745 1.08248 -1.43839 2.2068 0.108243 1.30791 -0.403712 -0.00493744 -0.618423 -2.36264 -0.636549 -0.551942 
1.07163 1.09873 -1.45342 2.1646 0.15277 1.38082 -0.540559 -0.034019 -0.590827 -2.16451 -0.719106 -0.642245 
1.06601 1.1144 -1.46792 2.12391 0.195696 1.4511 -0.708165 -0.0312416 -0.602451 -1.96927 -0.852125 -0.694692 
1.06067 1.12933 -1.48173 2.08515 0.236594 1.51807 -0.87406 0.0071853 -0.659138 -1.81818 -0.995294 -0.684369 
1.05561 1.14343 -1.49479 2.04851 0.27525 1.58136 -1.03283 0.0880559 -0.768773 -1.68605 -1.14462 -0.624899 
1.05086 1.15672 -1.50708 2.01401 0.311649 1.64096 -1.15518 0.219041 -0.9657 -1.60423 -1.25112 -0.500962 
0.957127 1.10967 -1.45609 2.00934 0.352854 1.68889 -1.20829 -0.0220733 -0.733825 -1.58106 -1.24425 -0.438939 
0.8637 1.06278 -1.40527 2.0047 0.393926 1.73667 -1.29661 -0.192005 -0.636771 -1.54352 -1.26941 -0.305436 
0.771891 1.0167 -1.35532 2.00013 0.434286 1.78363 -1.52808 -0.314351 -0.634831 -1.41322 -1.36175 -0.112941 
0.758581 0.91464 -1.27958 2.00619 0.441877 1.83055 -1.29518 -0.404407 -0.519576 -1.55604 -1.23678 -0.265706 
0.596851 0.232838 -0.281585 1.93382 0.771764 1.83956 -1.20799 -0.404119 -0.486741 -1.5117 -1.15058 -0.181076 
0.385318 0.00193311 -0.183238 1.7998 1.0286 2.18785 -1.15121 -0.392564 -0.488951 -1.39339 -1.14766 -0.163039 
0.0269263 -0.0482248 -0.315039 1.8255 1.415 2.56219 -1.09652 -0.381436 -0.491078 -1.27945 -1.14484 -0.145668 
0.090729 -0.276594 0.363429 1.71096 1.49954 1.984 -1.0821 -0.3074 -0.398069 -1.33053 -1.16338 -0.0187188 
0.0783301 -0.211794 0.731103 1.59956 1.51398 1.42611 -1.06898 -0.240023 -0.313425 -1.37702 -1.18025 0.0968115 
-0.0298898 0.0923508 0.846602 1.45847 1.50225 0.890905 -1.05711 -0.17904 -0.236813 -1.4191 -1.19552 0.201379 
0.157751 0.0222344 0.855462 1.60406 1.34354 0.969075 -1.09802 -0.127041 -0.272686 -1.40901 -1.1944 0.131856 
0.318969 -0.0248862 0.825312 1.69306 1.18844 1.06473 -1.13781 -0.0764756 -0.30757 -1.3992 -1.19331 0.0642495 
0.16691 0.477246 0.744289 1.68776 1.22583 0.48703 -1.14728 -0.0169015 -0.256195 -1.47844 -1.23638 0.194997 
0.0126552 0.891831 0.462987 1.58582 1.19546 0.22128 -1.15561 0.0355004 -0.211004 -1.54813 -1.27426 0.310003 
-0.198303 0.406916 0.753029 1.20547 1.22445 0.538043 -1.09047 0.0270263 -0.228649 -1.4422 -1.21777 0.292199 
-0.470549 0.028487 0.703602 0.781662 1.5584 0.916386 -1.02686 0.0187509 -0.245881 -1.33876 -1.16261 0.274813 
-0.674366 -0.0291666 0.370748 0.547334 1.96836 1.05104 -0.966218 0.0108607 -0.26231 -1.24013 -1.11001 0.258236 
-0.625433 0.021694 0.391846 0.477836 1.91262 0.945174 -1.00197 0.277729 -0.481501 -1.21457 -1.26192 0.214938 
-0.577289 0.071735 0.412603 0.409458 1.85778 0.841015 -1.00252 0.721611 -1.06114 -1.2471 -1.32862 0.33454 
-0.746404 0.0517175 0.321972 0.245018 1.96424 0.733914 -0.91056 0.739679 -1.04489 -1.21946 -1.22065 0.399386 
-0.907449 0.0962437 0.151864 0.0781405 2.05085 0.593156 -0.818167 0.757833 -1.02855 -1.19169 -1.11217 0.464538 
-1.04515 0.179323 -0.0240219 -0.0446531 2.07183 0.444755 -0.724589 0.776219 -1.01202 -1.16356 -1.00229 0.530525 
-1.16139 0.294615 -0.200594 -0.111806 2.0471 0.312906 -0.629645 0.794874 -0.995234 -1.13502 -0.890812 0.597476 
-1.25792 0.467079 -0.473165 -0.150531 2.0518 0.198107 -0.533207 0.813822 -0.978188 -1.10603 -0.777579 0.665479 
-1.33278 0.710926 -0.830717 -0.140173 2.08084 0.103149 -0.434555 0.833205 -0.960752 -1.07638 -0.661746 0.735045 
-1.38191 0.708892 -0.875502 -0.128522 1.97184 0.102479 -0.397022 0.717982 -0.530365 -0.677532 -0.74135 0.478461 
-1.4305 0.706881 -0.919781 -0.117003 1.86407 0.101816 -0.32754 0.696553 -0.246546 -0.348632 -0.865306 0.355063 
-1.47757 0.704932 -0.962681 -0.105843 1.75966 0.101174 -0.230839 0.743883 -0.0752673 -0.0894144 -1.0022 0.343167 
-1.52278 0.703061 -1.00389 -0.0951239 1.65937 0.100558 -0.096596 0.844114 0.00379014 0.170082 -1.13956 0.401343 
-1.61346 0.490918 -0.578698 -0.0247037 1.49123 0.0849205 -0.089453 0.786792 0.0318337 0.271019 -1.07139 0.38 
-1.69705 0.369959 -0.332402 0.0417633 1.40239 0.0495284 -0.0823264 0.729602 0.0598128 0.371724 -1.00338 0.358706 
-1.7536 0.316453 -0.157247 0.11323 1.3272 0.00438635 -0.0753741 0.67381 0.0871076 0.469966 -0.937033 0.337933 
-1.78407 0.305387 -0.0346612 0.184079 1.26344 -0.0406584 -0.0686534 0.619877 0.113493 0.564935 -0.872896 0.317851 
-1.77748 0.34853 0.0388093 0.259554 1.20098 -0.0846297 -0.0621893 0.568003 0.138871 0.656278 -0.811208 0.298537 
-1.75595 0.408605 0.0662765 0.32952 1.15829 -0.120471 -0.0559833 0.518201 0.163236 0.743973 -0.751984 0.279994 
-1.70461 0.515501 0.0388096 0.402507 1.12678 -0.152254 -0.0500317 0.470441 0.186602 0.828074 -0.695187 0.262211 
-1.63048 0.666011 -0.0538341 0.474294 1.11846 -0.176244 -0.0443236 0.424633 0.209012 0.908735 -0.640713 0.245155 
-1.55928 0.821458 -0.199552 0.527082 1.14626 -0.17752 -0.0388566 0.380761 0.230476 0.985988 -0.588541 0.22882 
-1.66532 0.474576 -0.16613 0.478597 1.22243 -0.128011 -0.0336428 0.338921 0.250945 1.05966 -0.538785 0.213241 
-1.77303 0.207215 -0.237568 0.467646 1.33981 -0.0939598 -0.0286083 0.29852 0.27071 1.1308 -0.49074 0.198198 
-1.92832 0.00883406 -0.390328 0.515005 1.49216 -0.088555 -0.0238015 0.259945 0.289582 1.19873 -0.444868 0.183836 
-2.26729 -0.103818 -0.626582 0.725553 1.71802 -0.145164 -0.0192463 0.22339 0.307466 1.2631 -0.401397 0.170225 
-2.20579 -0.0922952 -0.563627 0.647127 1.61017 -0.10807 0.188461 0.22039 0.352744 1.35271 -0.63325 0.0311013 
-2.14532 -0.0809655 -0.501725 0.570012 1.50411 -0.0715951 0.38046 0.299652 0.328097 1.41327 -0.848447 -0.0615566 
-2.0865 -0.0699453 -0.441513 0.495003 1.40096 -0.0361168 0.526799 0.436258 0.259408 1.43275 -1.00985 -0.125914 
-2.02957 -0.0592776 -0.383228 0.422394 1.3011 -0.00177353 0.641166 0.613843 0.129543 1.46929 -1.14314 -0.20375 
-1.9746 -0.0489792 -0.32696 0.352298 1.2047 0.031381 0.717616 0.8089 -0.0294072 1.47994 -1.23193 -0.288725 
-1.92156 -0.0390407 -0.272659 0.284653 1.11167 0.0633768 0.772319 1.02106 -0.238851 1.4934 -1.29989 -0.399088 
-1.87047 -0.0294684 -0.220359 0.219499 1.02207 0.0941935 0.808936 1.25157 -0.502609 1.49925 -1.34533 -0.539883 
-1.82142 -0.0202775 -0.170142 0.156942 0.93604 0.123782 0.835395 1.54462 -0.910196 1.51589 -1.3771 -0.753948 
-1.93445 -0.232089 -0.309504 0.204888 1.14394 0.0449515 0.768357 1.43211 -0.877748 1.5062 -1.31442 -0.801369 
-2.35755 -0.262683 -0.699618 0.540518 1.49337 -0.146972 0.704384 1.32474 -0.846783 1.49696 -1.2546 -0.846622 
-2.31734 -0.272838 -0.691552 0.532476 1.50039 -0.173321 0.672619 1.24672 -0.645795 1.40112 -1.22498 -0.82216 
-2.27804 -0.282765 -0.683668 0.524616 1.50725 -0.199076 0.639445 1.20901 -0.519535 1.31162 -1.20595 -0.82879 
-2.24022 -0.292316 -0.676083 0.517053 1.51385 -0.223857 0.609508 1.1942 -0.443067 1.24175 -1.19879 -0.860475 
-2.20419 -0.301417 -0.668855 0.509846 1.52015 -0.247469 0.581474 1.19406 -0.396427 1.18142 -1.19591 -0.907322 
-2.17004 -0.310041 -0.662006 0.503017 1.52611 -0.269846 0.556248 1.20468 -0.373089 1.13147 -1.19561 -0.967188 
-2.13781 -0.318183 -0.655539 0.49657 1.53174 -0.29097 0.537797 1.22168 -0.371017 1.10431 -1.19999 -1.04338 
-2.10746 -0.325848 -0.649452 0.4905 1.53704 -0.310858 0.523219 1.24476 -0.384033 1.0876 -1.20473 -1.12971 
-1.99699 -0.325019 -0.636995 0.535329 1.48371 -0.259402 0.565297 0.862806 0.0867757 1.09728 -1.15255 -1.15212 
-1.94723 -0.279316 -0.6452 0.54258 1.49845 -0.2925 0.502504 0.83971 0.167386 0.988758 -1.15315 -1.20974 
-1.90147 -0.237289 -0.652745 0.549247 1.512 -0.322936 0.449208 0.82995 0.217142 0.908467 -1.16426 -1.28651 
-1.85933 -0.198592 -0.659691 0.555387 1.52448 -0.350961 0.403364 0.831795 0.246275 0.843901 -1.18186 -1.37304 
-1.82049 -0.162914 -0.666096 0.561047 1.53599 -0.376798 0.365781 0.84253 0.260222 0.794792 -1.20504 -1.46699 
-1.7846 -0.129953 -0.672013 0.566276 1.54662 -0.400669 0.346635 0.856025 0.261898 0.785318 -1.23979 -1.57583 
-1.75126 -0.0993341 -0.67751 0.571134 1.5565 -0.422843 0.33031 0.878314 0.255478 0.774366 -1.27703 -1.68258 
-1.72029 -0.0708851 -0.682618 0.575648 1.56567 -0.443446 0.331411 0.904055 0.239694 0.79651 -1.32798 -1.79922 
-1.69138 -0.044334 -0.687384 0.57986 1.57424 -0.462675 0.333362 0.937957 0.21683 0.813603 -1.38009 -1.91231 
-1.66441 -0.0195682 -0.69183 0.583789 1.58223 -0.48061 0.350217 0.978557 0.181809 0.855958 -1.44718 -2.03258 
-1.63919 0.00359516 -0.695988 0.587464 1.5897 -0.497385 0.370156 1.02836 0.135131 0.89855 -1.51885 -2.15312 
-1.61562 0.0252436 -0.699875 0.590899 1.59668 -0.513063 0.391878 1.0875 0.075168 0.939486 -1.59351 -2.27556 
-1.59362 0.0454495 -0.703502 0.594105 1.6032 -0.527696 0.253507 1.08734 0.111439 0.713976 -1.48279 -2.12971 
-1.57285 0.0645296 -0.706927 0.597132 1.60935 -0.541514 0.112036 1.12941 0.0661227 0.462822 -1.3731 -1.99701 
-1.55348 0.0823209 -0.710121 0.599954 1.61509 -0.554399 -0.00811107 1.2058 -0.0520284 0.228873 -1.26563 -1.8673 
-1.53546 0.0988639 -0.713091 0.602579 1.62042 -0.566379 -0.105412 1.31493 -0.238803 0.00891238 -1.15103 -1.72146 
-1.51873 0.114236 -0.715851 0.605018 1.62538 -0.577512 -0.17968 1.46404 -0.50618 -0.203686 -1.02513 -1.54165 
-1.50321 0.128491 -0.71841 0.607279 1.62998 -0.587835 -0.233995 1.70542 -0.950561 -0.442802 -0.854688 -1.28091 
-1.69291 0.253034 -0.829673 0.748505 1.66055 -0.68242 -0.135969 1.68398 -0.941912 -0.39926 -0.753877 -1.20333 
-1.81731 0.459456 -1.03649 0.867719 1.69356 -0.708516 -0.0413543 1.66329 -0.933563 -0.357233 -0.656574 -1.12844 
-1.95625 0.0913444 -0.591324 0.988595 1.67606 -0.939741 -0.073055 1.62808 -0.866611 -0.38534 -0.686545 -1.06258 
-1.92616 0.0372227 -0.547937 0.928475 1.68198 -0.847723 -0.158491 1.65901 -0.930866 -0.538787 -0.693482 -0.942546 
-1.89632 -0.016446 -0.504913 0.868859 1.68785 -0.756475 -0.235798 1.72422 -1.05949 -0.693897 -0.686662 -0.801776 
-1.86686 -0.0694174 -0.462447 0.810017 1.69364 -0.666412 -0.301284 1.7754 -1.16679 -0.805691 -0.682598 -0.68419 
-1.91131 0.119794 -0.875265 0.843817 1.8576 -0.488429 -0.296826 1.67914 -1.1004 -0.826822 -0.666354 -0.589197 
-1.88091 0.061991 -0.821445 0.784662 1.85863 -0.404468 -0.346107 1.56221 -0.897006 -0.775996 -0.742312 -0.647785 
-1.85067 0.00448034 -0.767898 0.725805 1.85966 -0.320931 -0.38935 1.47116 -0.738784 -0.73226 -0.799684 -0.683324 
-1.82067 -0.0525662 -0.714782 0.667423 1.86067 -0.238069 -0.425885 1.39069 -0.595523 -0.680219 -0.850111 -0.712345 
-1.79097 -0.109038 -0.662201 0.60963 1.86168 -0.156041 -0.457174 1.32952 -0.477901 -0.630106 -0.898847 -0.728093 
-1.76164 -0.164811 -0.610272 0.552552 1.86267 -0.0750291 -0.480352 1.27271 -0.360997 -0.56596 -0.948873 -0.741688 
-1.73272 -0.219808 -0.559064 0.496267 1.86365 0.0048575 -0.494224 1.22136 -0.245852 -0.488103 -1.0021 -0.750013 
-1.70424 -0.273959 -0.508644 0.440849 1.86462 0.083514 -0.500464 1.18607 -0.14734 -0.409341 -1.06039 -0.744794 
-1.67626 -0.327175 -0.459095 0.386387 1.86557 0.160812 -0.498473 1.16634 -0.064305 -0.32922 -1.12398 -0.725718 
-1.6488 -0.37938 -0.410487 0.332961 1.8665 0.236642 -0.483641 1.15405 0.0141767 -0.234586 -1.19186 -0.694255 
-1.62191 -0.430524 -0.362867 0.28062 1.86741 0.310931 -0.454004 1.15072 0.0841821 -0.124227 -1.2622 -0.645994 
-1.59559 -0.480562 -0.316277 0.22941 1.8683 0.383614 -0.412821 1.16432 0.132388 -0.0092213 -1.33185 -0.577279 
-1.56989 -0.529436 -0.270771 0.179393 1.86917 0.454604 -0.354701 1.18725 0.164969 0.125079 -1.39481 -0.487403 
-1.54482 -0.577101 -0.22639 0.130612 1.87002 0.52384 -0.285609 1.22509 0.170292 0.266319 -1.44558 -0.378445 
-1.52043 -0.623494 -0.183195 0.083134 1.87085 0.591227 -0.208145 1.27566 0.146813 0.41319 -1.47899 -0.255941 
-1.5605 -0.613187 -0.169419 0.10381 1.84381 0.646244 -0.114138 1.18594 0.361798 0.528658 -1.63356 -0.28015 
-1.59901 -0.603285 -0.156182 0.123675 1.81784 0.699105 0.017376 1.09937 0.541348 0.689375 -1.74102 -0.294054 
-1.63629 -0.593699 -0.143368 0.142907 1.79269 0.750278 0.184771 1.01033 0.68432 0.881944 -1.79714 -0.315642 
-1.67254 -0.584375 -0.130905 0.161612 1.76823 0.800051 0.400425 0.902405 0.78117 1.12207 -1.78924 -0.375178 
-1.70792 -0.575277 -0.118744 0.179865 1.74436 0.848619 0.622822 0.785627 0.821409 1.34773 -1.76568 -0.510593 
-1.74195 -0.566526 -0.107047 0.19742 1.72141 0.895332 0.822457 0.677654 0.793367 1.53863 -1.76849 -0.712929 
-1.77406 -0.558268 -0.0960086 0.213987 1.69974 0.939414 0.976074 0.605112 0.700337 1.67119 -1.81505 -0.941083 
-1.80397 -0.550577 -0.0857284 0.229416 1.67957 0.98047 1.08351 0.573804 0.565398 1.73622 -1.88481 -1.16712 
-1.83171 -0.543444 -0.0761938 0.243726 1.66086 1.01855 1.15651 0.583067 0.390574 1.75315 -1.96079 -1.38778 
-1.85744 -0.536827 -0.0673482 0.257002 1.6435 1.05387 1.20425 0.628407 0.180097 1.73068 -2.03301 -1.60823 
-2.25301 -0.710325 0.272739 0.553853 1.47907 0.607947 1.19302 0.649999 0.179753 1.76494 -1.92539 -1.45175 
-2.67619 -0.860551 0.601984 0.887515 1.50725 0.129433 1.18189 0.671375 0.179412 1.79886 -1.81884 -1.29684 
-2.67022 -0.842156 0.58546 0.876669 1.49575 0.197647 1.2024 0.69243 -0.0345716 1.78101 -1.90344 -1.54026 
-2.66468 -0.825103 0.570141 0.866615 1.4851 0.260886 1.2116 0.767197 -0.309939 1.72722 -1.98318 -1.7951 
-2.65955 -0.809323 0.555966 0.85731 1.47524 0.319406 1.21346 0.904642 -0.674578 1.62568 -2.04239 -2.09112 
-2.35098 -0.592788 0.604081 0.956898 1.06581 0.168886 1.20298 0.915119 -0.646822 1.66015 -1.94465 -1.9336 
-2.2148 -0.30128 0.568276 1.25681 0.860819 -0.212497 1.1926 0.925502 -0.619315 1.69431 -1.84778 -1.77748 
-2.13309 -0.00694096 0.462845 1.6026 0.834259 -0.625847 1.18254 0.935565 -0.592659 1.72741 -1.75391 -1.62619 
-2.06342 0.289464 0.274127 1.85001 0.905062 -0.915081 1.17292 0.945191 -0.567155 1.75908 -1.66409 -1.48144 
-1.99956 0.576182 0.00194269 1.98455 0.989055 -1.05704 1.16368 0.954425 -0.542693 1.78946 -1.57795 -1.3426 
-1.98712 0.561022 -0.0091381 1.91416 1.02938 -1.06403 1.08064 0.707659 0.0424736 1.64714 -1.44333 -0.97662 
-1.9744 0.545517 -0.0204714 1.84216 1.07063 -1.07119 0.935344 0.620561 0.398982 1.40788 -1.37343 -0.648286 
-1.96168 0.530004 -0.03181 1.77013 1.11189 -1.07834 0.718169 0.666478 0.579032 1.09976 -1.39079 -0.346723 
-1.9491 0.514677 -0.0430134 1.69896 1.15267 -1.08541 0.455997 0.812945 0.582044 0.781533 -1.472 -0.13498 
-1.90816 0.473956 -0.00313384 1.64884 1.15542 -0.952403 0.215056 0.427847 0.762646 0.558384 -1.26375 -0.316897 
-1.86733 0.433341 0.0366429 1.59886 1.15816 -0.819738 0.000866443 0.149461 0.719496 0.403163 -0.934915 -0.479688 
-1.82749 0.393718 0.0754473 1.55009 1.16084 -0.690316 -0.13211 -0.0172287 0.715912 0.207703 -0.762466 -0.477263 
-1.78857 0.355004 0.113362 1.50245 1.16345 -0.563861 -0.260615 -0.123333 0.675009 -0.0527602 -0.638651 -0.363173 
-1.75056 0.317197 0.150388 1.45592 1.16601 -0.44037 -0.383156 -0.181982 0.618441 -0.363482 -0.595117 -0.162731 
-1.71367 0.280504 0.186323 1.41076 1.16848 -0.320517 -0.489349 -0.213306 0.568581 -0.610137 -0.625848 0.0060161 
-1.67835 0.245371 0.220731 1.36752 1.17086 -0.205759 -0.590421 -0.222163 0.530009 -0.778141 -0.714525 0.11371 
-1.64491 0.212113 0.253303 1.32659 1.1731 -0.0971244 -0.678011 -0.220341 0.514716 -0.850022 -0.827386 0.142233 
-1.61338 0.180749 0.284019 1.28799 1.17522 0.00532198 -0.766597 -0.192417 0.499524 -0.895976 -0.971683 0.145534 
-1.58386 0.151386 0.312776 1.25185 1.17721 0.101233 -0.838798 -0.15207 0.49916 -0.898098 -1.11712 0.112151 
-1.55625 0.123922 0.339672 1.21805 1.17906 0.190939 -0.894512 -0.0963788 0.507249 -0.876233 -1.26141 0.0596346 
-1.53045 0.0982614 0.364803 1.18647 1.1808 0.274757 -0.937641 -0.0156861 0.503925 -0.854319 -1.40852 0.00562595 
-1.50643 0.0743679 0.388203 1.15706 1.18241 0.352802 -0.967161 0.0889816 0.481889 -0.835595 -1.55245 -0.0448136 
-1.48412 0.0521745 0.409938 1.12975 1.18391 0.425294 -0.979854 0.209818 0.447822 -0.8083 -1.68612 -0.09113 
-1.46337 0.0315429 0.430144 1.10435 1.1853 0.492684 -0.981066 0.347912 0.385265 -0.782791 -1.80789 -0.121684 
-1.44409 0.012366 0.448925 1.08075 1.1866 0.555323 -0.972486 0.497561 0.292302 -0.754328 -1.91246 -0.13166 
-1.42615 -0.00548105 0.466403 1.05879 1.1878 0.613619 -0.952342 0.652771 0.179188 -0.706566 -1.99698 -0.118865 
-1.40939 -0.0221547 0.482732 1.03827 1.18893 0.668081 -0.922203 0.812411 0.0441283 -0.635363 -2.05824 -0.0785657 
-1.39366 -0.0377925 0.498047 1.01902 1.18999 0.71916 -0.887292 0.97812 -0.126581 -0.550016 -2.08937 -0.00960785 
-1.37891 -0.0524725 0.512424 1.00095 1.19098 0.76711 -0.848998 1.15395 -0.340465 -0.45278 -2.08292 0.0827161 
-1.36508 -0.066226 0.525894 0.984027 1.19191 0.812034 -0.804316 1.34969 -0.606308 -0.339287 -2.0273 0.190406 
-1.31069 -0.0415172 0.560963 1.11838 1.17949 0.808623 -0.82858 1.17724 -0.479332 -0.367473 -1.92794 0.265801 
-1.2566 -0.0169378 0.595849 1.25204 1.16715 0.80523 -0.838059 1.01102 -0.351191 -0.379307 -1.82329 0.324189 
-1.20356 0.007157 0.630046 1.38305 1.15504 0.801904 -0.833109 0.84636 -0.209684 -0.372028 -1.71937 0.361754 
-1.15276 0.0302387 0.662806 1.50856 1.14345 0.798718 -0.816627 0.69122 -0.0699391 -0.349877 -1.61981 0.380703 
-1.1053 0.0518003 0.693409 1.62581 1.13261 0.795742 -0.783114 0.54196 0.0832079 -0.297121 -1.52673 0.378239 
-1.06239 0.0712964 0.72108 1.73182 1.12282 0.79305 -0.734976 0.410581 0.227934 -0.219425 -1.44355 0.36015 
-1.02445 0.0885353 0.745547 1.82556 1.11416 0.790671 -0.665355 0.29318 0.371837 -0.102208 -1.36795 0.32497 
-0.991579 0.10347 0.766744 1.90677 1.10666 0.788609 -0.579131 0.198582 0.494909 0.0423813 -1.30318 0.280508 
-0.963224 0.116353 0.785029 1.97682 1.10018 0.786831 -0.460779 0.114579 0.608406 0.244035 -1.23957 0.217257 
-0.939038 0.127341 0.800625 2.03657 1.09466 0.785314 -0.338907 0.058441 0.682182 0.449606 -1.18952 0.157121 
-0.91811 0.13685 0.81412 2.08827 1.08989 0.784001 -0.193512 0.011461 0.730895 0.703226 -1.13848 0.0796086 
-0.900062 0.14505 0.825759 2.13286 1.08577 0.782869 -0.0555583 -0.0196455 0.744462 0.957282 -1.09141 0.00143222 
-0.884304 0.152209 0.83592 2.17179 1.08217 0.781881 -0.0787075 -0.110723 0.87506 0.873883 -1.12093 0.0792069 
-0.869526 0.158924 0.84545 2.2083 1.0788 0.780954 -0.111079 -0.199552 0.996902 0.785252 -1.14585 0.153785 
-0.855682 0.165214 0.854377 2.2425 1.07564 0.780086 -0.141794 -0.292203 1.11167 0.710038 -1.16105 0.217621 
-0.842793 0.171069 0.862688 2.27435 1.0727 0.779277 -0.185753 -0.386767 1.21981 0.623875 -1.16684 0.283105 
-1.01115 -0.0616981 0.881979 1.9555 1.01948 1.10655 -0.217189 -0.298649 1.09455 0.524786 -1.1619 0.350858 
-1.1866 -0.213124 0.83925 1.66594 1.08857 1.41535 -0.247479 -0.213741 0.973849 0.429308 -1.15714 0.416142 
-1.35687 -0.295947 0.767898 1.46542 1.23323 1.64205 -0.275876 -0.134142 0.860698 0.3398 -1.15267 0.477344 
-1.51977 -0.330633 0.685474 1.34191 1.40273 1.78617 -0.302282 -0.0601232 0.755478 0.256566 -1.14852 0.534256 
-1.67335 -0.33863 0.602589 1.25849 1.57366 1.8888 -0.326872 0.00880587 0.657494 0.179056 -1.14466 0.587255 
-1.81826 -0.328067 0.521515 1.1996 1.73489 1.95714 -0.349745 0.0729219 0.566352 0.106958 -1.14106 0.636552 
-1.95507 -0.307866 0.442821 1.14782 1.88724 2.01274 -0.371008 0.132527 0.481621 0.0399326 -1.13772 0.682382 
-2.08384 -0.27899 0.365261 1.10071 2.02667 2.05091 -0.390709 0.18775 0.403121 -0.0221652 -1.13462 0.724842 
-2.00122 -0.247978 0.401172 1.19632 1.96935 1.97728 -0.472337 0.0939949 0.38504 -0.190458 -0.8919 0.964062 
-1.93934 -0.205499 0.350473 1.25243 1.90355 1.94121 -0.46096 -0.0216976 0.519825 -0.198791 -0.82407 1.08712 
-1.8802 -0.164903 0.302022 1.30607 1.84066 1.90675 -0.441714 -0.161278 0.642153 -0.216294 -0.715745 1.22328 
-1.82389 -0.126245 0.255883 1.35714 1.78078 1.87393 -0.419952 -0.316763 0.741025 -0.262888 -0.575259 1.38609 
-1.7706 -0.0896628 0.212222 1.40547 1.72411 1.84287 -0.395966 -0.481602 0.811353 -0.375453 -0.408149 1.61396 
-1.77323 0.152499 -0.566882 1.38286 1.82762 2.35185 -0.322657 -0.489025 0.746613 -0.250111 -0.407676 1.61278 
-1.70199 0.219094 -0.493563 1.34802 1.83913 2.31573 -0.577655 -0.355647 0.699798 -0.84033 -0.674644 2.12225 
-1.63963 0.277401 -0.42937 1.31751 1.8492 2.28409 -0.751027 -0.17694 0.591255 -1.07452 -0.926682 2.26301 
-1.58194 0.33133 -0.369995 1.2893 1.85852 2.25484 -0.863044 0.0185721 0.422708 -1.2462 -1.10676 2.35428 
-1.52787 0.381885 -0.314336 1.26285 1.86725 2.22741 -0.932138 0.224235 0.194244 -1.3947 -1.2363 2.4514 
-1.47691 0.429519 -0.261892 1.23793 1.87548 2.20157 -0.971652 0.442665 -0.102205 -1.52924 -1.3388 2.58286 
-1.42889 0.474421 -0.212457 1.21444 1.88324 2.17721 -0.991583 0.695716 -0.506685 -1.65675 -1.43873 2.78733 
-1.53228 0.205967 -0.205796 1.13136 2.00951 2.5292 -1.0336 0.726308 -0.530386 -1.54716 -1.44092 2.73004 
-1.45392 0.159567 -0.252581 1.11818 1.90429 2.50464 -1.10097 0.67102 -0.194004 -1.57008 -1.5405 2.73164 
-1.37713 0.114092 -0.298434 1.10526 1.80117 2.48057 -1.16372 0.655881 0.0275054 -1.64495 -1.6275 2.80959 
-1.30234 0.0698067 -0.343087 1.09268 1.70074 2.45713 -1.22905 0.63801 0.194043 -1.75191 -1.70601 2.9408 
-1.42742 0.0253471 -0.18045 1.09903 1.72048 2.24172 -1.15162 0.712979 0.27826 -1.76879 -1.66753 2.99047 
-1.52176 0.06746 -0.164887 1.0126 1.80394 2.32477 -1.07841 0.768557 0.255738 -1.71645 -1.60905 2.92616 
-1.58692 0.16743 -0.195388 0.911306 1.86402 2.40299 -1.00119 0.827173 0.231986 -1.66126 -1.54737 2.85833 
-1.61845 0.329868 -0.285884 0.807097 1.90489 2.49351 -0.922963 0.88656 0.207921 -1.60534 -1.48488 2.78961 
-1.61985 0.560015 -0.467504 0.715991 1.95319 2.61765 -0.848175 0.943334 0.184914 -1.55187 -1.42514 2.72391 
-1.59378 0.890611 -0.840669 0.659 2.07503 2.82711 -0.783997 0.992055 0.165172 -1.506 -1.37387 2.66753 
-1.71991 0.967136 -0.677411 0.692426 1.94793 2.48664 -0.71267 1.0462 0.14323 -1.45501 -1.31689 2.60488 
-1.76268 1.03954 -0.745736 0.615716 1.95743 2.53211 -0.637904 1.34625 -0.074795 -1.2592 -1.40764 2.20614 
-1.85858 1.23934 -0.691827 0.716717 1.81802 2.173 -0.590253 1.4339 -0.0166066 -1.20563 -1.40345 2.12783 
-1.93355 1.29583 -0.741946 0.830211 1.85514 2.14769 -0.439466 1.16989 0.474269 -0.938002 -1.49859 1.83329 
-2.00528 1.34988 -0.789904 0.938809 1.89066 2.12347 -0.159772 0.950682 0.788927 -0.579641 -1.595 1.72606 
-2.14163 1.03414 -0.327053 0.898 1.84581 1.89415 -0.122453 0.917766 0.808482 -0.493581 -1.6699 1.68582 
-2.28506 0.787621 -0.0478499 0.860784 1.87255 1.7633 -0.0842115 0.884036 0.828521 -0.405395 -1.74664 1.64459 
-2.43818 0.567407 0.141612 0.820786 1.9486 1.67227 -0.0454056 0.849809 0.848855 -0.315908 -1.82451 1.60275 
-2.60334 0.356384 0.25945 0.779018 2.07289 1.62204 -0.00627855 0.815298 0.869358 -0.22568 -1.90303 1.56057 
-2.39144 0.427331 0.121017 0.899395 1.97696 1.77144 0.082565 0.876467 0.879325 -0.174291 -1.9452 1.65302 
-2.46856 0.408519 0.179259 0.939068 2.0404 1.80347 0.277029 0.0911711 1.09794 0.109332 -1.19463 1.76972 
-2.30224 0.505145 0.013271 1.01931 1.96021 1.92443 0.37718 0.118021 1.11819 0.175101 -1.20356 1.87001 
-2.16072 0.616122 -0.182489 1.06239 1.89373 2.06139 0.480647 0.145759 1.13911 0.243047 -1.21279 1.97362 
-2.33936 0.48871 0.170494 1.04381 1.93606 1.67079 0.488326 0.104716 1.13719 0.306809 -1.19103 1.99789 
-2.50614 0.47256 0.392884 0.966504 1.99944 1.30594 0.496173 0.062776 1.13522 0.371966 -1.16879 2.02269 
-2.64077 0.550874 0.520958 0.844843 2.04197 0.943553 0.504194 0.0199069 1.13321 0.438565 -1.14606 2.04805 
-2.73573 0.680414 0.578684 0.709259 2.05308 0.613951 0.512398 -0.0239414 1.13116 0.506686 -1.12282 2.07398 
-2.77514 0.837531 0.581092 0.594416 2.04571 0.311951 0.520797 -0.0688336 1.12906 0.576429 -1.09901 2.10052 
-2.76885 0.981873 0.554713 0.507661 2.03514 0.0451161 0.529404 -0.114836 1.1269 0.647897 -1.07462 2.12773 
-2.70653 1.09919 0.508534 0.457798 2.03403 -0.209548 0.538242 -0.162074 1.12469 0.721284 -1.04957 2.15566 
-2.61222 1.17444 0.459849 0.434178 2.03988 -0.445144 0.547329 -0.210643 1.12241 0.796738 -1.02382 2.18439 
-2.48804 1.20058 0.407699 0.439716 2.05816 -0.666304 0.556684 -0.260647 1.12007 0.874422 -0.997309 2.21396 
-2.41492 1.2517 0.368434 0.411166 2.01256 -0.897389 0.562105 -0.271881 1.15546 0.933241 -1.0195 2.30227 
-2.3285 1.43079 0.253319 0.400958 1.92602 -1.15982 0.569183 -0.280454 1.19961 1.01822 -1.00865 2.39481 
-2.26254 0.903914 0.400415 0.460865 2.0816 -1.10589 0.560966 -0.310305 1.20245 0.971232 -1.06678 2.52803 
-2.28657 0.9641 0.41617 0.402514 2.0917 -1.21186 0.477009 -0.44651 0.916905 1.31599 -0.799622 1.92835 
-2.463 0.574671 0.652134 0.260291 2.07892 -1.39938 0.447055 -0.494326 0.929855 1.41508 -0.842962 2.02381 
-2.22804 0.704436 0.405448 0.448822 2.07235 -1.46928 0.490992 -0.474351 0.944201 1.48433 -0.817606 2.11932 
-2.08225 0.807226 0.150176 0.580322 2.0754 -1.51512 0.536052 -0.453866 0.958915 1.55535 -0.791601 2.21727 
-2.13652 0.629718 0.300119 0.559883 1.99113 -1.64508 0.541824 -0.468449 0.989306 1.62862 -0.808364 2.30253 
-2.21272 0.64955 0.303556 0.496148 2.06347 -1.65601 0.415683 -0.369225 0.62075 1.92717 -0.818286 1.72615 
-2.26431 0.49927 0.380008 0.506454 2.01595 -1.76356 0.417546 -0.383046 0.644698 2.00958 -0.837216 1.80151 
-2.34692 0.332347 0.487078 0.50563 1.97391 -1.87847 0.41942 -0.396953 0.668795 2.09249 -0.856264 1.87734 
-2.43495 0.351615 0.660473 0.482435 1.78105 -2.0543 0.481499 -0.363844 0.723515 2.11508 -0.922771 2.00348 
-2.33941 0.161111 0.568344 0.604687 1.88016 -1.90913 0.556706 -0.417011 0.741692 2.13607 -0.971699 2.06407 
-2.25674 0.0249935 0.437478 0.714792 1.93708 -1.74526 0.634482 -0.471993 0.760489 2.15778 -1.0223 2.12672 
-2.18484 -0.0720692 0.287997 0.80361 1.95596 -1.58213 0.71484 -0.528801 0.779911 2.18021 -1.07458 2.19146 
-2.10076 -0.12765 0.120788 0.863656 1.93673 -1.41979 0.797896 -0.587516 0.799984 2.2034 -1.12861 2.25838 
-2.02347 -0.17919 -0.0295285 0.888832 1.89654 -1.2763 0.88358 -0.648089 0.820693 2.22731 -1.18436 2.32741 
-1.95206 -0.247752 -0.136676 0.881341 1.83859 -1.15543 0.971838 -0.710481 0.842023 2.25195 -1.24177 2.39851 
-2.05772 -0.443543 0.131347 0.866968 1.82641 -1.26241 1.06058 -0.674022 0.87591 2.24481 -1.2688 2.42652 
-2.12747 -0.603369 0.317631 0.843913 1.83135 -1.30973 1.15132 -0.636741 0.91056 2.2375 -1.29644 2.45515 
-2.12157 -0.731747 0.434873 0.80732 1.82105 -1.2812 1.24499 -0.598255 0.94633 2.22996 -1.32497 2.48472 
-1.88872 -0.783616 0.469164 0.716741 1.69689 -1.09513 1.34487 -0.557219 0.98447 2.22192 -1.35539 2.51624 
-1.51316 -0.745071 0.428227 0.557514 1.53271 -0.796975 1.45358 -0.512558 1.02598 2.21317 -1.38849 2.55055 
-1.21724 -0.603498 0.29401 0.404665 1.47178 -0.546779 1.5699 -0.464766 1.0704 2.20381 -1.42392 2.58726 
-1.06715 -0.355001 0.0276093 0.316739 1.54094 -0.421107 1.6904 -0.415259 1.11641 2.19411 -1.46062 2.62529 
-0.976121 -0.0223092 -0.415351 0.26095 1.73275 -0.341002 1.81219 -0.365222 1.16292 2.1843 -1.49771 2.66372 
-1.01962 0.0390649 -0.455434 0.303809 1.73488 -0.363073 1.81622 -0.317506 0.983458 2.22428 -1.54682 2.49906 
-1.06413 0.101868 -0.49645 0.347666 1.73707 -0.385657 1.80071 -0.236794 0.78595 2.25267 -1.58301 2.34636 
-1.10956 0.165982 -0.538323 0.392439 1.7393 -0.408714 1.77277 -0.132783 0.568654 2.27675 -1.61571 2.1973 
-1.15543 0.128599 -0.545259 0.462061 1.80326 -0.438792 1.73167 -0.292491 0.44443 2.289 -1.72108 1.90761 
-1.20298 0.0898522 -0.552448 0.534226 1.86955 -0.469969 1.65682 -0.388465 0.254431 2.29477 -1.80994 1.60053 
-1.25265 0.0493642 -0.55996 0.609633 1.93882 -0.502546 1.4985 -0.409372 -0.0211081 2.3239 -1.86557 1.24864 
-1.30547 0.00631937 -0.567947 0.689802 2.01247 -0.537181 1.07503 -0.326687 -0.421123 2.50842 -1.85418 0.745178 
-1.227 0.18426 -0.610377 0.652345 1.84962 -0.687369 1.1683 -0.381643 -0.399676 2.58755 -1.86048 0.814544 
-1.16425 0.439798 -0.774296 0.656669 1.73039 -0.813285 1.26326 -0.437599 -0.37784 2.66812 -1.86689 0.885171 
-1.25809 0.40995 -0.818233 0.645777 1.81043 -0.815627 1.10881 -0.258807 -0.522926 2.73662 -1.76638 0.859175 
-1.35224 0.419275 -0.799281 0.60957 1.90112 -0.856897 1.09991 -0.257521 -0.287215 2.66542 -1.54205 0.948811 
-1.44817 0.428776 -0.77997 0.572679 1.99352 -0.898949 1.06544 -0.176738 -0.191027 2.58836 -1.38187 1.01488 
-1.37287 0.325701 -0.232741 0.63833 1.53672 -1.12923 1.12082 -0.182407 -0.199568 2.68457 -1.43579 1.11004 
-1.4352 0.335072 -0.250189 0.59519 1.62349 -1.08061 1.18237 -0.000686792 -0.2725 2.54332 -1.41036 1.25632 
-1.49828 0.344556 -0.267848 0.55153 1.71131 -1.0314 1.21178 0.216761 -0.404094 2.41092 -1.41571 1.38313 
-1.56203 0.354142 -0.285696 0.507403 1.80006 -0.981661 1.22111 0.478664 -0.617485 2.28498 -1.45543 1.47196 
-1.62625 0.363797 -0.303673 0.462955 1.88946 -0.931562 1.21664 0.871936 -1.08451 2.15818 -1.57049 1.45553 
-1.64686 0.420016 0.0953204 0.542768 1.59753 -1.17928 1.18279 0.913438 -1.11659 2.22571 -1.6073 1.42207 
-1.61085 0.374604 0.0638344 0.499632 1.59487 -1.16572 1.18967 0.537804 -0.472118 2.13132 -1.38122 1.776 
-1.57281 0.326643 0.030581 0.454076 1.59206 -1.15139 1.19568 0.324272 -0.126423 2.00261 -1.28129 2.06768 
-1.5331 0.276568 -0.0041381 0.406511 1.58913 -1.13643 1.20064 0.164139 0.132164 1.86826 -1.24993 2.36701 
-1.4921 0.224866 -0.0399853 0.357401 1.58611 -1.12098 1.20209 0.0447173 0.33315 1.75362 -1.26614 2.66323 
-1.44943 0.171068 -0.0772858 0.3063 1.58296 -1.10491 1.17738 -0.0931465 0.487892 1.67169 -1.1704 2.63833 
-1.40506 0.115114 -0.116081 0.25315 1.57969 -1.08819 1.14128 -0.223401 0.612821 1.58466 -1.07637 2.60309 
-1.35896 0.0569869 -0.156384 0.197937 1.57629 -1.07083 1.09039 -0.339636 0.695712 1.51154 -0.984207 2.57307 
-1.31107 -0.0033952 -0.198249 0.140581 1.57275 -1.05279 1.02343 -0.44698 0.745862 1.45074 -0.879999 2.52843 
-1.26132 -0.0661286 -0.241745 0.0809925 1.56908 -1.03404 0.92866 -0.536441 0.751786 1.41892 -0.747806 2.47763 
-1.20972 -0.1312 -0.286862 0.0191827 1.56528 -1.0146 0.805191 -0.601043 0.714253 1.42662 -0.587863 2.40142 
-1.15664 -0.198123 -0.333262 -0.0443852 1.56136 -0.994609 0.6429 -0.623265 0.618315 1.53993 -0.401869 2.26935 
-1.10417 -0.264292 -0.379141 -0.107238 1.55749 -0.97484 0.443897 -0.594836 0.466551 1.99568 -0.212906 1.82006 
-0.739808 -0.58765 0.0925173 -0.447094 1.29769 -0.598041 0.409642 -0.642206 0.496118 2.09897 -0.227734 1.84469 
-0.188044 -0.780088 0.451954 -0.990013 1.36987 -0.0254095 0.371907 -0.694389 0.52869 2.21277 -0.244068 1.87183 
0.0206914 -0.837397 0.69771 -1.30701 1.4289 0.277588 0.332176 -0.74933 0.562983 2.33258 -0.261266 1.9004 
0.00929572 -0.927953 0.693612 -1.26214 1.47987 0.190508 0.342439 -0.602965 0.451799 2.14599 -0.278807 1.97914 
-0.00244485 -1.02125 0.68939 -1.21592 1.53239 0.100792 0.307398 -0.467212 0.340437 2.10563 -0.276102 1.91492 
-0.0143958 -1.11622 0.685093 -1.16886 1.58584 0.00946851 0.24024 -0.343738 0.231791 2.17308 -0.240538 1.74813 
-0.0485989 -1.24196 0.711521 -1.18891 1.64713 0.0901054 0.497992 0.440162 -1.14286 2.43672 -1.06194 1.2417 
0.0187408 -1.24047 0.726126 -1.19818 1.70161 0.0716607 0.425008 0.112004 -0.530817 2.3224 -0.78817 1.3915 
0.0872418 -1.23896 0.740983 -1.20761 1.75704 0.0528978 0.345077 -0.0436302 -0.223974 2.20137 -0.639208 1.49547 
0.156923 -1.23742 0.756095 -1.21721 1.81341 0.0338117 0.248122 -0.153862 0.0117175 2.0499 -0.498449 1.63078 
0.227983 -1.23585 0.771507 -1.22699 1.87091 0.0143481 0.164672 -0.212869 0.188463 1.8007 -0.442716 1.86309 
0.300291 -1.23425 0.787189 -1.23695 1.92941 -0.0054576 0.0756333 -0.243981 0.336327 1.48983 -0.397117 2.175 
0.37368 -1.23262 0.803106 -1.24705 1.98879 -0.0255593 0.0189546 -0.219472 0.43131 1.24352 -0.477764 2.43788 
0.448052 -1.23098 0.819236 -1.25729 2.04896 -0.0459303 -0.0322315 -0.172227 0.501367 1.08963 -0.544361 2.62455 
