1.13317 -4.08401 2.74606 6.78602 11.6337 -5.10359 
1.24929 -3.87677 2.66185 6.33857 11.0594 -4.81378 
1.35975 -3.67466 2.57883 5.91099 10.5035 -4.53513 
1.47078 -3.49248 2.50764 5.54977 10.0509 -4.30383 
1.58067 -3.32153 2.44265 5.22543 9.65271 -4.09812 
1.69028 -3.16106 2.38369 4.93463 9.30552 -3.91608 
1.80046 -3.01029 2.33059 4.67428 9.00636 -3.75592 
1.91205 -2.86847 2.28315 4.44155 8.75254 -3.61605 
2.02591 -2.73481 2.24121 4.2338 8.54168 -3.495 
2.14289 -2.60854 2.20458 4.04859 8.37172 -3.39145 
2.25873 -2.48331 2.16819 3.8662 8.20377 -3.28934 
2.38421 -2.3698 2.14171 3.72012 8.11091 -3.21764 
2.51535 -2.26138 2.12 3.5902 8.05429 -3.16016 
2.64705 -2.15244 2.09818 3.45899 7.99691 -3.10207 
2.78556 -2.04758 2.08089 3.34142 7.97441 -3.05702 
2.93171 -1.94602 2.06795 3.23569 7.98599 -3.02421 
3.08636 -1.84698 2.0592 3.14004 8.03106 -3.00291 
3.24327 -1.7459 2.04996 3.03948 8.07394 -2.97943 
3.41718 -1.64988 2.04908 2.95938 8.185 -2.97935 
3.58685 -1.54748 2.04312 2.85978 8.25827 -2.96355 
3.7752 -1.44861 2.04516 2.77713 8.39941 -2.96989 
3.96752 -1.34615 2.04637 2.68576 8.53788 -2.97266 
4.17231 -1.24264 2.05091 2.59601 8.70898 -2.98387 
4.3904 -1.1373 2.05861 2.50596 8.91288 -3.00293 
4.13798 -1.12678 2.07529 2.48566 8.40558 -2.69298 
3.89228 -1.11577 2.0896 2.46099 7.91787 -2.40086 
3.66107 -1.1066 2.10602 2.4425 7.48112 -2.13517 
3.44334 -1.09936 2.12491 2.4307 7.09133 -1.89269 
3.23809 -1.09413 2.14661 2.42612 6.74485 -1.67045 
3.04431 -1.09096 2.17149 2.42927 6.43834 -1.46566 
3.23809 -1.09413 2.14661 2.42612 6.74485 -1.67045 
3.44334 -1.09936 2.12491 2.4307 7.09133 -1.89269 
3.66107 -1.1066 2.10602 2.4425 7.48112 -2.13517 
3.89228 -1.11577 2.0896 2.46099 7.91787 -2.40086 
4.13798 -1.12678 2.07529 2.48566 8.40558 -2.69298 
4.3904 -1.1373 2.05861 2.50596 8.91288 -3.00293 
4.17231 -1.24264 2.05091 2.59601 8.70898 -2.98387 
3.96752 -1.34615 2.04637 2.68576 8.53788 -2.97266 
3.7752 -1.44861 2.04516 2.77713 8.39941 -2.96989 
3.58685 -1.54748 2.04312 2.85978 8.25827 -2.96355 
3.41718 -1.64988 2.04908 2.95938 8.185 -2.97935 
3.24327 -1.7459 2.04996 3.03948 8.07394 -2.97943 
3.08636 -1.84698 2.0592 3.14004 8.03106 -3.00291 
2.93171 -1.94602 2.06795 3.23569 7.98599 -3.02421 
2.78556 -2.04758 2.08089 3.34142 7.97441 -3.05702 
2.64705 -2.15244 2.09818 3.45899 7.99691 -3.10207 
2.51535 -2.26138 2.12 3.5902 8.05429 -3.16016 
2.38421 -2.3698 2.14171 3.72012 8.11091 -3.21764 
2.25873 -2.48331 2.16819 3.8662 8.20377 -3.28934 
2.14289 -2.60854 2.20458 4.04859 8.37172 -3.39145 
2.02591 -2.73481 2.24121 4.2338 8.54168 -3.495 
1.91205 -2.86847 2.28315 4.44155 8.75254 -3.61605 
1.80046 -3.01029 2.33059 4.67428 9.00636 -3.75592 
1.91205 -2.86847 2.28315 4.44155 8.75254 -3.61605 
2.02591 -2.73481 2.24121 4.2338 8.54168 -3.495 
2.14289 -2.60854 2.20458 4.04859 8.37172 -3.39145 
2.25873 -2.48331 2.16819 3.8662 8.20377 -3.28934 
2.38421 -2.3698 2.14171 3.72012 8.11091 -3.21764 
2.51535 -2.26138 2.12 3.5902 8.05429 -3.16016 
2.64705 -2.15244 2.09818 3.45899 7.99691 -3.10207 
2.78556 -2.04758 2.08089 3.34142 7.97441 -3.05702 
2.93171 -1.94602 2.06795 3.23569 7.98599 -3.02421 
3.08636 -1.84698 2.0592 3.14004 8.03106 -3.00291 
3.24327 -1.7459 2.04996 3.03948 8.07394 -2.97943 
3.41718 -1.64988 2.04908 2.95938 8.185 -2.97935 
3.58685 -1.54748 2.04312 2.85978 8.25827 -2.96355 
3.7752 -1.44861 2.04516 2.77713 8.39941 -2.96989 
3.96752 -1.34615 2.04637 2.68576 8.53788 -2.97266 
4.17231 -1.24264 2.05091 2.59601 8.70898 -2.98387 
4.3904 -1.1373 2.05861 2.50596 8.91288 -3.00293 
4.13798 -1.12678 2.07529 2.48566 8.40558 -2.69298 
3.89228 -1.11577 2.0896 2.46099 7.91787 -2.40086 
3.66107 -1.1066 2.10602 2.4425 7.48112 -2.13517 
3.44334 -1.09936 2.12491 2.4307 7.09133 -1.89269 
3.23809 -1.09413 2.14661 2.42612 6.74485 -1.67045 
3.04431 -1.09096 2.17149 2.42927 6.43834 -1.46566 
2.86741 -1.0924 2.20484 2.45167 6.19651 -1.28145 
2.6993 -1.09611 2.24231 2.48332 5.98727 -1.10812 
2.55048 -1.10716 2.2946 2.54783 5.8611 -0.951977 
2.41249 -1.12327 2.3575 2.63599 5.78684 -0.803033 
2.28843 -1.14712 2.43711 2.76214 5.78743 -0.660061 
2.17524 -1.17895 2.5345 2.93018 5.86018 -0.51684 
2.06552 -1.21637 2.64509 3.13154 5.97807 -0.365389 
1.96538 -1.26479 2.78112 3.39807 6.19173 -0.202728 
1.8708 -1.3245 2.944 3.7388 6.5021 -0.01924 

