85
-0.20944 0.122173 0.174533 1.309 0.261799 0.698132 -0.106584 1.06335 0.282882 -0.115211 -1.95829 -1.35962 
-0.196381 0.119296 0.20482 1.46003 0.139944 0.464733 -0.00891973 1.06677 0.304839 -0.0589506 -1.86548 -1.34206 
-0.218655 0.0542757 0.161956 1.38384 0.198929 0.52783 -0.0905506 0.837055 0.386855 -0.313881 -1.55355 -1.27989 
-0.240614 -0.0098234 0.1197 1.30873 0.257077 0.590032 -0.143141 0.698617 0.348244 -0.550994 -1.29067 -1.11015 
-0.262111 -0.0725749 0.0783321 1.23519 0.314004 0.650926 -0.171766 0.643104 0.237072 -0.799701 -1.12322 -0.86506 
-0.282926 -0.133333 0.0382784 1.16399 0.369121 0.709886 -0.182842 0.645894 0.0924115 -1.0344 -1.05616 -0.598418 
-0.30289 -0.191609 -0.000138591 1.0957 0.421987 0.766437 -0.182702 0.682122 -0.0612403 -1.21986 -1.0605 -0.359207 
-0.321968 -0.2473 -0.0368518 1.03044 0.472508 0.82048 -0.17613 0.734032 -0.210615 -1.34488 -1.10078 -0.166378 
-0.340221 -0.300582 -0.0719775 0.968003 0.520845 0.872186 -0.166379 0.7907 -0.349268 -1.41869 -1.15146 -0.0163078 
-0.357737 -0.351712 -0.105684 0.908087 0.567228 0.921802 -0.155596 0.84573 -0.474167 -1.45584 -1.19827 0.10052 
-0.374596 -0.400923 -0.138125 0.85042 0.61187 0.969557 -0.141889 0.901468 -0.590789 -1.46882 -1.23878 0.197854 
-0.390856 -0.448387 -0.169415 0.7948 0.654928 1.01562 -0.132743 0.942259 -0.682521 -1.46681 -1.26179 0.268281 
-0.406579 -0.494285 -0.199672 0.741015 0.696565 1.06016 -0.125617 0.972479 -0.75537 -1.45766 -1.27178 0.320664 
-0.421809 -0.538743 -0.22898 0.688917 0.736896 1.1033 -0.11732 0.994942 -0.812315 -1.44345 -1.27328 0.361197 
-0.436583 -0.581869 -0.25741 0.638381 0.776018 1.14515 -0.11158 1.00208 -0.845022 -1.42901 -1.2641 0.384888 
-0.450937 -0.623767 -0.285031 0.589282 0.814027 1.18581 -0.108507 0.993453 -0.853979 -1.41681 -1.24599 0.393083 
-0.4649 -0.664528 -0.311901 0.541517 0.851004 1.22536 -0.10806 0.970309 -0.842845 -1.40886 -1.22025 0.388436 
-0.478495 -0.704212 -0.338063 0.495013 0.887004 1.26387 -0.106495 0.937969 -0.819352 -1.40296 -1.18975 0.378827 
-0.689061 -1.26265 0.194173 0.837692 0.814251 0.966892 -0.174923 0.926178 -0.771034 -1.34585 -1.22514 0.499831 
-0.755835 -1.74354 0.509414 0.922576 0.821336 0.898225 -0.237101 0.915463 -0.727129 -1.29395 -1.2573 0.609784 
-0.693565 -1.64851 0.486215 0.8412 0.780742 0.893295 -0.20712 0.753358 -0.473821 -1.26139 -1.23074 0.402104 
-0.633456 -1.55677 0.46382 0.762647 0.741555 0.888536 -0.176677 0.611952 -0.253365 -1.21304 -1.20829 0.201144 
-0.575862 -1.46888 0.442363 0.687383 0.704009 0.883976 -0.151219 0.481525 -0.0513405 -1.15605 -1.19435 -0.00187259 
-0.521046 -1.38522 0.421941 0.615747 0.668274 0.879635 -0.132573 0.357281 0.138619 -1.09417 -1.19168 -0.206756 
-0.469157 -1.30603 0.402609 0.547938 0.634446 0.875527 0.0347091 0.412569 0.117904 -0.944579 -1.17884 -0.182846 
-0.457408 -1.32616 0.396658 0.632823 0.548164 0.82373 0.0742255 0.392996 -0.178172 -1.08091 -1.02279 0.381826 
-0.373029 -1.28836 0.419187 0.606876 0.567873 0.796499 0.117087 0.446132 -0.0673714 -0.91861 -1.24171 0.285044 
-0.338139 -1.21259 0.459882 0.544666 0.480376 0.751322 0.376106 0.557283 -0.163682 -0.615357 -1.1685 0.124326 
-0.304103 -1.13867 0.499583 0.483978 0.39502 0.70725 0.57326 0.793182 -0.49769 -0.367273 -1.12015 0.0140014 
-0.261773 -1.07 0.513625 0.466944 0.356138 0.653814 0.669314 1.00813 -0.856992 -0.253741 -1.1146 0.019787 
-0.170125 -0.986971 0.464087 0.468836 0.34594 0.557348 0.6086 0.600064 -0.16055 -0.308177 -1.40437 -0.0292969 
-0.117029 -0.917274 0.437678 0.393809 0.351635 0.461174 0.615833 0.544327 0.00769724 -0.259913 -1.55784 -0.173394 
-0.0642194 -0.847954 0.411412 0.319186 0.357299 0.365519 0.631699 0.506401 0.153802 -0.195807 -1.71084 -0.311967 
-0.0119681 -0.779366 0.385424 0.245352 0.362903 0.270875 0.660487 0.483491 0.280312 -0.107116 -1.86318 -0.439223 
0.382833 -0.534111 0.296702 1.07625 -0.089215 -0.425943 -0.534798 -0.476086 0.890238 -0.892194 -1.83844 0.585215 
0.410981 -0.519536 0.291524 1.15029 -0.126722 -0.475429 -0.76275 -0.368648 0.918069 -1.06903 -2.02163 0.366156 
0.442105 -0.50342 0.285799 1.23217 -0.168194 -0.530146 -0.619051 -0.332128 0.924159 -1.04361 -1.96229 0.320316 
0.476604 -0.485556 0.279453 1.32292 -0.214163 -0.590798 -0.487758 -0.247312 0.919089 -1.02619 -1.93562 0.227164 
0.514707 -0.465826 0.272444 1.42316 -0.264935 -0.657786 -0.378511 -0.107695 0.892942 -1.02195 -1.94883 0.0951464 
0.556295 -0.444291 0.264793 1.53256 -0.32035 -0.730899 -0.288615 0.0833341 0.831234 -1.03076 -1.99619 -0.0538453 
0.593363 -0.313748 0.165373 1.47299 -0.38548 -0.632009 -0.309468 0.0997301 0.824229 -1.0672 -1.99339 -0.0585536 
0.618256 -0.178125 0.0491729 1.45302 -0.442309 -0.565222 -0.33247 0.117816 0.816503 -1.10739 -1.99029 -0.063747 
0.601961 -0.0814665 -0.0328376 1.43264 -0.438338 -0.500548 -0.358332 0.13815 0.807817 -1.15258 -1.98681 -0.0695863 
0.581506 0.00458873 -0.104446 1.40453 -0.426773 -0.426198 -0.387429 0.161028 0.798043 -1.20343 -1.98289 -0.0761559 
0.548804 0.064509 -0.14089 1.33404 -0.394195 -0.30909 -0.421268 0.187635 0.786677 -1.26256 -1.97834 -0.0837963 
0.505857 0.0973105 -0.131609 1.16439 -0.350897 -0.0909687 -0.462957 0.220414 0.772675 -1.3354 -1.97273 -0.0932089 
0.452391 0.108236 -0.0746304 0.821134 -0.323458 0.301074 -0.515396 0.261645 0.755061 -1.42703 -1.96567 -0.105049 
0.39843 0.129209 -0.0203226 0.432518 -0.345718 0.731751 -0.57085 0.305247 0.736435 -1.52393 -1.95821 -0.11757 
0.334205 0.160188 0.0208853 0.0727472 -0.402517 1.11674 -0.622949 0.346211 0.718935 -1.61497 -1.9512 -0.129333 
0.252462 0.151849 0.00572866 0.0125006 -0.373735 1.11517 -0.387152 0.159392 0.860346 -1.27291 -1.77086 -0.0469549 
0.167267 0.143157 -0.0100679 -0.0502897 -0.343738 1.11353 -0.0788786 0.033589 0.897169 -0.884987 -1.514 -0.022518 
0.0771453 0.133963 -0.026778 -0.116712 -0.312007 1.11179 0.242193 0.0175015 0.810678 -0.46357 -1.24338 -0.129755 
-0.0191227 0.124142 -0.0446278 -0.187663 -0.278111 1.10994 0.508815 0.118577 0.598095 -0.00668736 -1.05154 -0.362553 
-0.00365919 0.124302 -0.0624349 -0.309269 -0.321979 1.1434 0.528452 0.011904 0.589666 -0.0684453 -0.995211 -0.221813 
0.0116796 0.124461 -0.0800983 -0.429893 -0.365493 1.17659 0.541295 -0.102095 0.575807 -0.11935 -0.936106 -0.0774598 
0.0268694 0.124618 -0.0975903 -0.549347 -0.408586 1.20945 0.539927 -0.219794 0.553851 -0.168308 -0.871466 0.0773079 
0.0419036 0.124774 -0.114903 -0.667576 -0.451236 1.24199 0.518066 -0.328187 0.514626 -0.224106 -0.810637 0.256731 
0.0566928 0.124927 -0.131934 -0.78388 -0.493192 1.27399 0.450602 -0.436042 0.471238 -0.313331 -0.748205 0.486626 
0.0711161 0.125076 -0.148543 -0.897305 -0.534109 1.30519 0.310524 -0.526119 0.417666 -0.458292 -0.719833 0.811022 
0.0850823 0.125221 -0.164626 -1.00714 -0.57373 1.33541 0.065885 -0.580516 0.35055 -0.62573 -0.775038 1.23279 
0.0985909 0.12536 -0.180182 -1.11337 -0.612052 1.36464 -0.315735 -0.586616 0.279188 -0.732038 -0.9515 1.69679 
0.111788 0.125497 -0.195379 -1.21715 -0.649491 1.3932 -0.734825 -0.528246 0.205622 -0.713937 -1.18257 2.0856 
0.124893 0.125633 -0.21047 -1.32021 -0.686669 1.42156 -1.0422 -0.416368 0.131565 -0.646415 -1.35997 2.34305 
0.138093 0.125769 -0.225671 -1.42401 -0.724116 1.45012 -1.22214 -0.27684 0.0543884 -0.588657 -1.46493 2.49783 
0.151544 0.125908 -0.24116 -1.52979 -0.762274 1.47922 -1.32627 -0.124446 -0.0106571 -0.553832 -1.55065 2.57055 
0.165295 0.126051 -0.256996 -1.63793 -0.801286 1.50898 -1.38394 0.0268526 -0.0723609 -0.529265 -1.60292 2.61211 
0.179439 0.126197 -0.273283 -1.74916 -0.84141 1.53958 -1.41598 0.173814 -0.10713 -0.516061 -1.66667 2.60351 
0.194013 0.126348 -0.290065 -1.86377 -0.882754 1.57112 -1.43218 0.308716 -0.115725 -0.507306 -1.72918 2.57044 
0.209078 0.126504 -0.307414 -1.98224 -0.925493 1.60371 -1.43802 0.429275 -0.0855023 -0.504097 -1.80669 2.50255 
0.224696 0.126665 -0.325399 -2.10507 -0.969801 1.63751 -1.43645 0.535006 -0.0121886 -0.507611 -1.90299 2.39799 
0.234573 0.170145 -0.351011 -2.25583 -1.0282 1.70324 -1.38605 0.553723 0.175193 -0.371132 -1.91885 2.56401 
0.406361 0.0892748 0.00351653 -2.14541 -0.624714 1.61714 -1.41415 0.589244 0.181842 -0.329933 -1.91472 2.63215 
0.560222 0.156055 0.136377 -1.88137 -0.315462 1.44243 -1.4456 0.629001 0.189285 -0.28382 -1.91009 2.70842 
0.680249 0.30919 0.103453 -1.28537 -0.119457 0.96668 -1.48331 0.676664 0.198207 -0.228538 -1.90455 2.79986 
0.681405 0.449873 -0.026047 -0.955648 -0.115622 0.784428 -1.55277 0.688748 0.201882 -0.195773 -1.93775 2.93634 
0.569464 0.350595 0.348143 -0.592194 -0.470761 0.405877 -1.5065 0.645286 0.288616 -0.233588 -1.97091 2.98226 
0.385804 0.346835 0.567942 -0.750236 -0.791183 0.46581 -1.45989 0.601504 0.375988 -0.271681 -2.00431 3.02851 
0.353919 0.334943 0.667047 -0.714806 -0.820481 0.361962 -1.41705 0.474821 0.466262 -0.262925 -1.80946 3.06546 
0.321689 0.322922 0.767226 -0.678992 -0.850096 0.256989 -1.34345 0.383811 0.516116 -0.219127 -1.62116 3.06752 
0.288961 0.310716 0.868951 -0.642626 -0.880168 0.150396 -1.24481 0.331961 0.52384 -0.140815 -1.43727 3.03633 
0.255586 0.298268 0.972689 -0.60554 -0.910835 0.0416938 -1.12247 0.328311 0.496675 -0.0160601 -1.29049 2.95612 
0.221437 0.285531 1.07883 -0.567593 -0.942213 -0.0695293 -0.985768 0.376772 0.42964 0.150501 -1.19186 2.83052 
0.186421 0.272471 1.18767 -0.528683 -0.974389 -0.183577 -0.851807 0.478844 0.303933 0.335008 -1.12183 2.67856 
0.411058 0.27879 0.994077 -0.083396 -0.611294 -0.404686 -0.928952 0.554779 0.35958 0.427309 -1.09465 2.71012 
0.4 0.3 1 -0.1 -0.57118 -0.4 -0.84385 0.73392 0.2169 0.52291 -1.1915 2.6346 

