73
-0.20944 0.122173 0.174533 1.309 0.261799 0.698132 -0.106584 1.06335 0.282882 -0.115211 -1.95829 -1.35962 
-0.226134 0.061115 0.185281 1.29287 0.279694 0.704862 -0.124759 0.968627 0.325851 -0.17478 -1.84456 -1.36877 
-0.242828 5.6931e-05 0.196028 1.27674 0.297588 0.711592 -0.143496 0.880506 0.345126 -0.240575 -1.7103 -1.36023 
-0.259522 -0.0610011 0.206776 1.26061 0.315483 0.718321 -0.160333 0.805883 0.343973 -0.306 -1.57502 -1.33485 
-0.276216 -0.122059 0.217524 1.24448 0.333377 0.725051 -0.175267 0.746052 0.324552 -0.374556 -1.44367 -1.29295 
-0.29291 -0.183117 0.228271 1.22834 0.351272 0.731781 -0.188367 0.701427 0.289278 -0.449199 -1.3206 -1.2345 
-0.309604 -0.244175 0.239019 1.21221 0.369167 0.738511 -0.199753 0.671576 0.240656 -0.532181 -1.20944 -1.15938 
-0.326298 -0.305233 0.249767 1.19608 0.387061 0.74524 -0.20957 0.655406 0.181117 -0.624802 -1.11311 -1.06774 
-0.342992 -0.366291 0.260514 1.17995 0.404956 0.75197 -0.217977 0.651417 0.112917 -0.727045 -1.03387 -0.960551 
-0.359686 -0.427349 0.271262 1.16382 0.42285 0.7587 -0.225128 0.657921 0.0380776 -0.837203 -0.973197 -0.840092 
-0.37638 -0.488407 0.28201 1.14769 0.440745 0.76543 -0.231169 0.673198 -0.0416103 -0.951736 -0.931635 -0.710246 
-0.393074 -0.549465 0.292757 1.13156 0.458639 0.772159 -0.236228 0.695589 -0.124556 -1.06569 -0.908626 -0.576157 
-0.409768 -0.610523 0.303505 1.11543 0.476534 0.778889 -0.240415 0.72353 -0.209316 -1.17367 -0.902486 -0.44332 
-0.426462 -0.671581 0.314253 1.0993 0.494429 0.785619 -0.243818 0.755554 -0.294526 -1.27101 -0.910624 -0.316479 
-0.443156 -0.732639 0.325 1.08317 0.512323 0.792349 -0.246507 0.790261 -0.378818 -1.35456 -0.929936 -0.198887 
-0.459849 -0.793698 0.335748 1.06703 0.530218 0.799078 -0.248534 0.826267 -0.460736 -1.42282 -0.957223 -0.0922135 
-0.476543 -0.854756 0.346495 1.0509 0.548112 0.805808 -0.249934 0.862148 -0.538623 -1.47564 -0.989495 0.00307213 
-0.493237 -0.915814 0.357243 1.03477 0.566007 0.812538 -0.250727 0.89637 -0.610513 -1.5137 -1.02414 0.0871434 
-0.509931 -0.976872 0.367991 1.01864 0.583902 0.819268 -0.250922 0.927223 -0.674032 -1.53809 -1.05901 0.16033 
-0.526625 -1.03793 0.378738 1.00251 0.601796 0.825997 -0.250514 0.952815 -0.726392 -1.55002 -1.09237 0.222812 
-0.543319 -1.09899 0.389486 0.986379 0.619691 0.832727 -0.24949 0.971173 -0.764607 -1.55073 -1.123 0.274563 
-0.560013 -1.16005 0.400234 0.970248 0.637585 0.839457 -0.247829 0.980534 -0.786051 -1.54144 -1.1501 0.315539 
-0.576707 -1.2211 0.410981 0.954117 0.65548 0.846187 -0.245501 0.979787 -0.789301 -1.52348 -1.17335 0.34608 
-0.593401 -1.28216 0.421729 0.937986 0.673374 0.852916 -0.242471 0.968808 -0.774775 -1.49824 -1.19274 0.367224 
-0.610095 -1.34322 0.432477 0.921855 0.691269 0.859646 -0.238698 0.948425 -0.744681 -1.46712 -1.20846 0.380705 
-0.626789 -1.40428 0.443224 0.905724 0.709164 0.866376 -0.234139 0.920027 -0.702278 -1.43143 -1.22062 0.388626 
-0.643483 -1.46534 0.453972 0.889593 0.727058 0.873106 -0.228747 0.885113 -0.651046 -1.39222 -1.22923 0.393066 
-0.660177 -1.52639 0.46472 0.873462 0.744953 0.879835 -0.222475 0.845013 -0.59416 -1.35037 -1.23409 0.39585 
-0.676871 -1.58745 0.475467 0.857331 0.762847 0.886565 -0.215279 0.800809 -0.534328 -1.30657 -1.23479 0.398473 
-0.693565 -1.64851 0.486215 0.8412 0.780742 0.893295 -0.207121 0.753363 -0.47383 -1.26139 -1.23074 0.402113 
-0.601519 -1.55443 0.469991 0.866957 0.70512 0.779235 -0.218091 0.679994 -0.463953 -1.27938 -1.25497 0.485499 
-0.509474 -1.46035 0.453767 0.892715 0.629498 0.665174 -0.226718 0.596421 -0.428716 -1.28697 -1.27555 0.546794 
-0.417428 -1.36627 0.437542 0.918473 0.553876 0.551114 -0.234711 0.500724 -0.364099 -1.28505 -1.29471 0.584169 
-0.325383 -1.27219 0.421318 0.94423 0.478254 0.437054 -0.24417 0.393189 -0.270315 -1.27433 -1.31515 0.598242 
-0.233337 -1.1781 0.405094 0.969988 0.402632 0.322993 -0.257703 0.275973 -0.150903 -1.25548 -1.34018 0.591784 
-0.141292 -1.08402 0.388869 0.995745 0.32701 0.208933 -0.278562 0.15244 -0.0111264 -1.22943 -1.37393 0.569106 
-0.0492465 -0.989942 0.372645 1.0215 0.251388 0.0948727 -0.310732 0.0268054 0.143225 -1.19768 -1.4214 0.535559 
0.042799 -0.895861 0.356421 1.04726 0.175766 -0.0191877 -0.358851 -0.0956922 0.306335 -1.16253 -1.48822 0.4971 
0.134845 -0.801779 0.340197 1.07302 0.100144 -0.133248 -0.427605 -0.208093 0.472309 -1.12718 -1.57992 0.459521 
0.22689 -0.707698 0.323972 1.09878 0.024522 -0.247308 -0.520074 -0.300641 0.63479 -1.09572 -1.70047 0.426818 
0.318936 -0.613617 0.307748 1.12453 -0.0511 -0.361369 -0.634758 -0.359792 0.78638 -1.07354 -1.84986 0.398448 
0.410981 -0.519536 0.291524 1.15029 -0.126722 -0.475429 -0.762742 -0.368655 0.918071 -1.06902 -2.02162 0.366164 
0.74482 -0.513691 0.482569 0.971012 -0.539442 -0.427198 -0.789145 -0.334445 0.899798 -1.0304 -2.00343 0.488945 
0.935488 -0.414132 0.612118 0.855234 -0.854493 -0.364761 -0.815541 -0.300243 0.881528 -0.991766 -1.98522 0.611735 
1.03228 -0.248784 0.684646 0.77129 -1.10612 -0.287785 -0.841936 -0.26604 0.863257 -0.953134 -1.96702 0.734524 
1.07496 -0.0443936 0.706156 0.710665 -1.31499 -0.215894 -0.868332 -0.231837 0.844987 -0.914502 -1.94882 0.857313 
1.08519 0.173446 0.686553 0.66298 -1.48623 -0.160242 -0.894727 -0.197635 0.826716 -0.87587 -1.93061 0.980102 
1.07447 0.384835 0.638343 0.617789 -1.62139 -0.125441 -0.921123 -0.163432 0.808445 -0.837238 -1.91241 1.10289 
1.0491 0.577921 0.574015 0.567102 -1.7237 -0.111401 -0.947518 -0.129229 0.790175 -0.798606 -1.89421 1.22568 
1.0128 0.747209 0.50437 0.506482 -1.79784 -0.115096 -0.973914 -0.0950265 0.771904 -0.759974 -1.876 1.34847 
0.967888 0.890666 0.438127 0.434613 -1.84857 -0.132114 -1.00031 -0.0608239 0.753634 -0.721342 -1.8578 1.47126 
0.915944 1.00763 0.382126 0.352284 -1.87997 -0.157803 -1.0267 -0.0266212 0.735363 -0.68271 -1.8396 1.59405 
0.858223 1.09778 0.341572 0.261435 -1.8952 -0.187973 -1.0531 0.0075815 0.717093 -0.644078 -1.82139 1.71684 
0.795888 1.16086 0.320103 0.164557 -1.89639 -0.219173 -1.0795 0.0417842 0.698822 -0.605447 -1.80319 1.83963 
0.730198 1.19661 0.319721 0.064425 -1.88448 -0.248589 -1.10589 0.0759869 0.680551 -0.566815 -1.78499 1.96242 
0.662634 1.2049 0.340721 -0.0359209 -1.85918 -0.27363 -1.13229 0.11019 0.662281 -0.528183 -1.76679 2.08521 
0.594991 1.18565 0.381716 -0.133164 -1.81901 -0.291387 -1.15868 0.144392 0.64401 -0.489551 -1.74858 2.208 
0.52941 1.13876 0.439758 -0.223907 -1.76146 -0.298185 -1.18508 0.178595 0.62574 -0.450919 -1.73038 2.33078 
0.468349 1.06395 0.51045 -0.305237 -1.68324 -0.289375 -1.21147 0.212798 0.607469 -0.412287 -1.71218 2.45357 
0.414494 0.960852 0.587866 -0.375717 -1.58028 -0.259293 -1.23787 0.247 0.589198 -0.373655 -1.69397 2.57636 
0.3706 0.82953 0.664159 -0.436837 -1.4478 -0.201122 -1.26426 0.281203 0.570928 -0.335023 -1.67577 2.69915 
0.339258 0.672333 0.728888 -0.495125 -1.28122 -0.106181 -1.29066 0.315406 0.552657 -0.296391 -1.65757 2.82194 
0.322567 0.497426 0.768524 -0.565604 -1.0792 0.0384202 -1.31705 0.349608 0.534387 -0.257759 -1.63936 2.94473 
0.321688 0.322921 0.76723 -0.678993 -0.850097 0.256987 -1.34345 0.383811 0.516116 -0.219127 -1.62116 3.06752 
0.33039 0.320375 0.79309 -0.61466 -0.819105 0.18399 -1.28601 0.332983 0.568948 -0.141043 -1.55502 3.01562 
0.339091 0.317828 0.818954 -0.550327 -0.788115 0.110991 -1.22297 0.306228 0.598292 -0.0545041 -1.4929 2.96009 
0.347793 0.315281 0.844817 -0.485995 -0.757124 0.0379927 -1.15777 0.304416 0.605483 0.0373627 -1.43819 2.90319 
0.356494 0.312734 0.870681 -0.421662 -0.726133 -0.0350061 -1.09373 0.327093 0.591751 0.130705 -1.39201 2.84799 
0.365195 0.310188 0.896545 -0.35733 -0.695143 -0.108005 -1.03338 0.372603 0.558064 0.221733 -1.3531 2.79709 
0.373896 0.307641 0.922409 -0.292997 -0.664152 -0.181004 -0.978067 0.438525 0.504927 0.307551 -1.31862 2.75163 
0.382598 0.305094 0.948272 -0.228665 -0.633161 -0.254002 -0.928021 0.522236 0.432207 0.386631 -1.28512 2.71085 
0.391299 0.302547 0.974136 -0.164332 -0.602171 -0.327001 -0.882623 0.62139 0.33897 0.458849 -1.24941 2.67235 
0.4 0.3 1 -0.1 -0.57118 -0.4 -0.840788 0.734334 0.223248 0.525328 -1.20887 2.6325 

