4.99721 2.57765 -0.266556 3.62154 -16.8713 18.0325 
4.98892 2.54126 -0.220609 3.62681 -16.7338 17.9207 
4.98063 2.50487 -0.174661 3.63209 -16.5962 17.8089 
4.97234 2.46847 -0.128714 3.63736 -16.4587 17.6971 
4.96405 2.43208 -0.0827669 3.64264 -16.3212 17.5853 
4.95575 2.39569 -0.0368197 3.64791 -16.1836 17.4735 
4.94746 2.3593 0.00912758 3.65319 -16.0461 17.3617 
4.93917 2.32291 0.0550748 3.65846 -15.9085 17.2499 
4.93088 2.28651 0.101022 3.66373 -15.771 17.1381 
4.92259 2.25012 0.146969 3.66901 -15.6335 17.0263 
4.9143 2.21373 0.192917 3.67428 -15.4959 16.9145 
4.90601 2.17734 0.238864 3.67956 -15.3584 16.8027 
4.89772 2.14094 0.284811 3.68483 -15.2209 16.6909 
4.88943 2.10455 0.330758 3.6901 -15.0833 16.5791 
4.88114 2.06816 0.376706 3.69538 -14.9458 16.4673 
4.87284 2.03177 0.422653 3.70065 -14.8082 16.3555 
4.86455 1.99538 0.4686 3.70593 -14.6707 16.2437 
4.85626 1.95898 0.514547 3.7112 -14.5332 16.1319 
4.84797 1.92259 0.560495 3.71648 -14.3956 16.0201 
4.83968 1.8862 0.606442 3.72175 -14.2581 15.9083 
4.83139 1.84981 0.652389 3.72702 -14.1206 15.7965 
4.8231 1.81342 0.698337 3.7323 -13.983 15.6847 
4.81481 1.77702 0.744284 3.73757 -13.8455 15.5729 
4.80652 1.74063 0.790231 3.74285 -13.708 15.4611 
4.79822 1.70424 0.836178 3.74812 -13.5704 15.3493 
4.78993 1.66785 0.882126 3.7534 -13.4329 15.2375 
4.78164 1.63146 0.928073 3.75867 -13.2953 15.1257 
4.77335 1.59506 0.97402 3.76394 -13.1578 15.0139 
4.76506 1.55867 1.01997 3.76922 -13.0203 14.9021 
4.75677 1.52228 1.06591 3.77449 -12.8827 14.7903 
4.74848 1.48589 1.11186 3.77977 -12.7452 14.6785 
4.74019 1.44949 1.15781 3.78504 -12.6077 14.5667 
4.7319 1.4131 1.20376 3.79031 -12.4701 14.4549 
4.72361 1.37671 1.2497 3.79559 -12.3326 14.3431 
4.71531 1.34032 1.29565 3.80086 -12.195 14.2313 
4.70702 1.30393 1.3416 3.80614 -12.0575 14.1195 
4.69873 1.26753 1.38755 3.81141 -11.92 14.0077 
4.69044 1.23114 1.43349 3.81669 -11.7824 13.8959 
4.68215 1.19475 1.47944 3.82196 -11.6449 13.7841 
4.70792 1.12933 1.58959 3.90118 -11.592 13.8192 
4.73369 1.06392 1.69975 3.98039 -11.5391 13.8543 
4.75947 0.998501 1.8099 4.05961 -11.4863 13.8894 
4.78524 0.933085 1.92005 4.13882 -11.4334 13.9245 
4.81101 0.867668 2.0302 4.21804 -11.3805 13.9596 
4.83678 0.802252 2.14036 4.29725 -11.3277 13.9947 
4.86256 0.736836 2.25051 4.37647 -11.2748 14.0299 
4.88833 0.671419 2.36066 4.45569 -11.2219 14.065 
4.9141 0.606003 2.47081 4.5349 -11.169 14.1001 
4.93987 0.540587 2.58096 4.61412 -11.1162 14.1352 
4.96565 0.47517 2.69112 4.69333 -11.0633 14.1703 
4.99142 0.409754 2.80127 4.77255 -11.0104 14.2054 
4.89529 0.472511 2.70602 4.70997 -10.959 14.1219 
4.79917 0.535267 2.61077 4.64739 -10.9076 14.0384 
4.70304 0.598024 2.51553 4.5848 -10.8563 13.9548 
4.60691 0.660781 2.42028 4.52222 -10.8049 13.8713 
4.51079 0.723538 2.32503 4.45964 -10.7535 13.7878 
4.41466 0.786294 2.22978 4.39706 -10.7021 13.7043 
4.31853 0.849051 2.13454 4.33448 -10.6507 13.6207 
4.22241 0.911808 2.03929 4.2719 -10.5994 13.5372 
4.12628 0.974565 1.94404 4.20931 -10.548 13.4537 
4.03015 1.03732 1.84879 4.14673 -10.4966 13.3702 
3.93403 1.10008 1.75355 4.08415 -10.4452 13.2866 
3.8379 1.16283 1.6583 4.02157 -10.3939 13.2031 
3.74177 1.22559 1.56305 3.95899 -10.3425 13.1196 
3.64565 1.28835 1.4678 3.8964 -10.2911 13.0361 
3.54952 1.35111 1.37256 3.83382 -10.2397 12.9525 
3.45339 1.41386 1.27731 3.77124 -10.1883 12.869 
3.35727 1.47662 1.18206 3.70866 -10.137 12.7855 
3.26114 1.53938 1.08681 3.64608 -10.0856 12.702 
3.16501 1.60213 0.991564 3.5835 -10.0342 12.6184 
3.06889 1.66489 0.896317 3.52091 -9.98283 12.5349 
2.97276 1.72765 0.801069 3.45833 -9.93145 12.4514 
2.87664 1.7904 0.705822 3.39575 -9.88007 12.3679 
2.78051 1.85316 0.610574 3.33317 -9.82869 12.2844 
2.68438 1.91592 0.515326 3.27059 -9.77731 12.2008 
2.58826 1.97867 0.420079 3.208 -9.72593 12.1173 
2.49213 2.04143 0.324831 3.14542 -9.67455 12.0338 
2.396 2.10419 0.229583 3.08284 -9.62318 11.9503 
2.29988 2.16694 0.134336 3.02026 -9.5718 11.8667 
2.20375 2.2297 0.0390879 2.95768 -9.52042 11.7832 
2.10762 2.29246 -0.0561597 2.89509 -9.46904 11.6997 
2.0115 2.35521 -0.151407 2.83251 -9.41766 11.6162 
1.91537 2.41797 -0.246655 2.76993 -9.36628 11.5326 
1.81924 2.48073 -0.341903 2.70735 -9.3149 11.4491 
1.72312 2.54348 -0.43715 2.64477 -9.26352 11.3656 
1.62699 2.60624 -0.532398 2.58219 -9.21215 11.2821 
1.53086 2.669 -0.627646 2.5196 -9.16077 11.1985 
1.43474 2.73175 -0.722893 2.45702 -9.10939 11.115 
1.33861 2.79451 -0.818141 2.39444 -9.05801 11.0315 
1.28304 2.86149 -0.902459 2.36464 -9.14434 11.1006 
1.22747 2.92847 -0.986776 2.33484 -9.23067 11.1697 
1.1719 2.99545 -1.07109 2.30504 -9.317 11.2389 
1.11633 3.06242 -1.15541 2.27525 -9.40333 11.308 
1.06075 3.1294 -1.23973 2.24545 -9.48966 11.3771 
1.00518 3.19638 -1.32405 2.21565 -9.57599 11.4462 
0.949612 3.26336 -1.40836 2.18585 -9.66232 11.5154 
0.894041 3.33034 -1.49268 2.15605 -9.74865 11.5845 
0.83847 3.39732 -1.577 2.12625 -9.83498 11.6536 
0.782898 3.46429 -1.66132 2.09646 -9.92131 11.7227 
0.727327 3.53127 -1.74563 2.06666 -10.0076 11.7919 
0.671756 3.59825 -1.82995 2.03686 -10.094 11.861 
0.616185 3.66523 -1.91427 2.00706 -10.1803 11.9301 

