3507
2.004 -0.000495277 -0.00520185
4.00794 -0.00182069 -0.02091
6.01177 -0.00373446 -0.0472766
8.01543 -0.00599327 -0.0844508
10.0189 -0.00835231 -0.13258
12.022 -0.0105653 -0.191807
14.0248 -0.0123845 -0.262274
16.0271 -0.0135608 -0.34412
18.0289 -0.0138436 -0.43748
20.0302 -0.0129811 -0.542486
22.0308 -0.01072 -0.65927
24.0306 -0.00680584 -0.787957
26.0297 -0.000982848 -0.928672
28.0278 0.00700596 -1.08154
30.025 0.0174187 -1.24666
32.0211 0.0305148 -1.42417
34.016 0.0465545 -1.61418
36.0096 0.0657993 -1.81678
38.0019 0.0885116 -2.03208
39.9927 0.114955 -2.26019
41.9819 0.145394 -2.5012
43.9695 0.180093 -2.7552
45.9552 0.219318 -3.02229
47.939 0.263337 -3.30256
49.9208 0.312417 -3.59607
51.9004 0.366825 -3.90292
53.8778 0.426831 -4.22318
55.8527 0.492703 -4.55691
57.8251 0.564712 -4.90419
59.7948 0.643126 -5.26508
61.7616 0.728217 -5.63963
63.7255 0.820255 -6.0279
65.6862 0.91951 -6.42994
67.6437 1.02625 -6.84578
69.5977 1.14075 -7.27548
71.5482 1.26329 -7.71907
73.4949 1.39412 -8.17657
75.4376 1.53352 -8.64802
77.3763 1.68176 -9.13343
79.3107 1.83911 -9.63281
81.2406 2.00583 -10.1462
83.1659 2.1822 -10.6736
85.0864 2.36849 -11.2149
87.0019 2.56495 -11.7703
88.9121 2.77185 -12.3396
90.817 2.98947 -12.9229
92.7162 3.21805 -13.5201
94.6096 3.45787 -14.1313
96.497 3.70918 -14.7563
98.3782 3.97224 -15.3952
100.253 4.2473 -16.0478
102.121 4.53463 -16.7142
103.982 4.83448 -17.3943
105.836 5.14709 -18.0879
107.682 5.47271 -18.7952
109.521 5.8116 -19.5159
111.352 6.16399 -20.2499
113.175 6.53012 -20.9973
114.99 6.91024 -21.7579
116.796 7.30458 -22.5316
118.593 7.71336 -23.3182
120.382 8.13682 -24.1177
122.16 8.57518 -24.93
123.93 9.02867 -25.7549
125.689 9.4975 -26.5922
127.438 9.98188 -27.4419
129.177 10.482 -28.3038
130.905 10.9981 -29.1777
132.622 11.5304 -30.0634
134.327 12.0791 -30.9608
136.022 12.6443 -31.8697
137.704 13.2262 -32.7899
139.374 13.8251 -33.7213
141.032 14.4411 -34.6635
142.678 15.0744 -35.6165
144.31 15.7251 -36.5799
145.929 16.3933 -37.5536
147.534 17.0794 -38.5374
149.126 17.7833 -39.5309
150.704 18.5053 -40.534
152.267 19.2454 -41.5463
153.815 20.0039 -42.5677
155.348 20.7807 -43.5979
156.867 21.5761 -44.6365
158.369 22.3902 -45.6834
159.856 23.223 -46.7381
161.326 24.0746 -47.8005
162.78 24.9451 -48.8702
164.217 25.8347 -49.9469
165.637 26.7433 -51.0304
167.04 27.671 -52.1201
168.425 28.618 -53.216
169.792 29.5841 -54.3175
171.141 30.5695 -55.4244
172.472 31.5743 -56.5363
173.783 32.5983 -57.6528
175.076 33.6417 -58.7737
176.349 34.7044 -59.8985
177.603 35.7864 -61.0269
178.837 36.8878 -62.1584
180.051 38.0084 -63.2928
181.244 39.1483 -64.4295
182.417 40.3074 -65.5683
183.569 41.4857 -66.7087
184.7 42.6831 -67.8504
185.81 43.8995 -68.9929
186.898 45.1349 -70.1357
187.964 46.3892 -71.2786
189.008 47.6622 -72.4211
190.03 48.9539 -73.5627
191.029 50.2642 -74.7031
192.006 51.5929 -75.8417
192.96 52.9399 -76.9783
193.89 54.3051 -78.1123
194.798 55.6883 -79.2433
195.682 57.0893 -80.3709
196.542 58.508 -81.4946
197.379 59.9442 -82.614
198.192 61.3977 -83.7287
198.981 62.8683 -84.8383
199.746 64.3559 -85.9422
200.486 65.8601 -87.04
201.202 67.3808 -88.1314
201.893 68.9177 -89.2158
202.56 70.4707 -90.2928
203.201 72.0393 -91.362
203.818 73.6235 -92.4229
204.411 75.223 -93.4751
204.978 76.8374 -94.5182
205.52 78.4665 -95.5517
206.037 80.11 -96.5753
206.529 81.7676 -97.5884
206.995 83.439 -98.5906
207.437 85.1239 -99.5816
207.853 86.8221 -100.561
208.244 88.5331 -101.528
208.61 90.2566 -102.483
208.951 91.9924 -103.424
209.267 93.7401 -104.353
209.557 95.4993 -105.268
209.823 97.2697 -106.168
210.063 99.051 -107.054
210.279 100.843 -107.926
210.47 102.645 -108.782
210.636 104.456 -109.622
210.777 106.277 -110.446
210.894 108.108 -111.254
210.987 109.946 -112.046
211.055 111.793 -112.82
211.099 113.648 -113.577
211.119 115.511 -114.316
211.115 117.381 -115.038
211.088 119.257 -115.741
211.037 121.14 -116.425
210.962 123.029 -117.09
210.865 124.923 -117.737
210.745 126.823 -118.363
210.602 128.727 -118.971
210.436 130.636 -119.558
210.249 132.549 -120.124
210.039 134.466 -120.671
209.807 136.386 -121.196
209.554 138.309 -121.701
209.28 140.234 -122.184
208.985 142.161 -122.647
208.669 144.091 -123.087
208.332 146.021 -123.506
207.975 147.953 -123.903
207.599 149.885 -124.278
207.203 151.818 -124.63
206.787 153.75 -124.96
206.353 155.682 -125.268
205.9 157.613 -125.553
205.429 159.543 -125.815
204.94 161.472 -126.055
204.433 163.399 -126.271
203.909 165.323 -126.464
203.367 167.245 -126.634
202.81 169.164 -126.781
202.235 171.08 -126.905
201.645 172.993 -127.005
201.04 174.902 -127.082
200.419 176.806 -127.135
199.783 178.707 -127.165
199.133 180.602 -127.171
198.468 182.493 -127.154
197.79 184.378 -127.114
197.098 186.258 -127.05
196.394 188.132 -126.962
195.676 190 -126.852
194.947 191.861 -126.717
194.205 193.716 -126.56
193.452 195.565 -126.379
192.688 197.406 -126.175
191.913 199.24 -125.948
191.127 201.066 -125.697
190.331 202.885 -125.424
189.526 204.696 -125.128
188.711 206.499 -124.808
187.888 208.294 -124.466
187.056 210.08 -124.102
186.215 211.858 -123.715
185.367 213.626 -123.305
184.511 215.386 -122.874
183.649 217.137 -122.42
182.779 218.879 -121.944
181.903 220.611 -121.446
181.021 222.334 -120.927
180.133 224.047 -120.386
179.24 225.751 -119.823
178.342 227.445 -119.239
177.439 229.128 -118.635
176.532 230.802 -118.009
175.621 232.466 -117.363
174.706 234.12 -116.696
173.788 235.763 -116.008
172.867 237.396 -115.301
171.944 239.019 -114.574
171.018 240.632 -113.826
170.09 242.234 -113.06
169.16 243.826 -112.273
168.229 245.407 -111.468
167.297 246.978 -110.644
166.364 248.538 -109.8
165.43 250.088 -108.939
164.496 251.627 -108.059
163.563 253.156 -107.161
162.629 254.674 -106.244
161.696 256.182 -105.311
160.765 257.68 -104.359
159.834 259.167 -103.391
158.905 260.644 -102.406
157.977 262.111 -101.403
157.051 263.567 -100.384
156.128 265.013 -99.3493
155.207 266.449 -98.298
154.288 267.875 -97.2309
153.373 269.292 -96.1481
152.46 270.698 -95.0499
151.551 272.094 -93.9365
150.645 273.481 -92.8082
149.744 274.858 -91.6652
148.846 276.225 -90.5077
147.952 277.584 -89.3359
147.063 278.932 -88.1501
146.178 280.272 -86.9505
145.298 281.602 -85.7374
144.423 282.924 -84.511
143.554 284.236 -83.2715
142.689 285.54 -82.0191
141.83 286.836 -80.7542
140.977 288.123 -79.4768
140.129 289.401 -78.1873
139.287 290.672 -76.8858
138.452 291.934 -75.5727
137.622 293.188 -74.2481
136.8 294.435 -72.9123
135.983 295.674 -71.5654
135.173 296.906 -70.2078
134.371 298.131 -68.8397
133.574 299.348 -67.4612
132.786 300.559 -66.0726
132.004 301.762 -64.6741
131.229 302.96 -63.266
130.462 304.15 -61.8484
129.702 305.335 -60.4216
128.95 306.513 -58.9859
128.205 307.686 -57.5414
127.469 308.853 -56.0883
126.74 310.014 -54.6269
126.018 311.17 -53.1573
125.305 312.321 -51.6799
124.6 313.467 -50.1948
123.904 314.609 -48.7022
123.215 315.745 -47.2024
122.534 316.878 -45.6955
121.862 318.006 -44.1818
121.198 319.13 -42.6614
120.543 320.251 -41.1346
119.896 321.368 -39.6017
119.258 322.481 -38.0627
118.628 323.592 -36.5179
118.007 324.699 -34.9676
117.394 325.804 -33.4119
116.79 326.906 -31.851
116.195 328.006 -30.2851
115.608 329.104 -28.7144
115.03 330.2 -27.1392
114.461 331.294 -25.5596
113.9 332.386 -23.9759
113.349 333.477 -22.3882
112.806 334.567 -20.7967
112.271 335.657 -19.2017
111.746 336.745 -17.6033
111.229 337.833 -16.0017
110.721 338.921 -14.3972
110.222 340.009 -12.7899
109.731 341.097 -11.18
109.249 342.185 -9.56778
108.776 343.274 -7.95335
108.311 344.364 -6.33694
107.855 345.455 -4.71875
107.408 346.546 -3.09897
106.969 347.64 -1.47779
106.539 348.735 0.14458
106.117 349.831 1.76795
105.703 350.93 3.39213
105.299 352.031 5.01691
104.902 353.134 6.6421
104.514 354.24 8.2675
104.134 355.349 9.89292
103.762 356.461 11.5182
103.398 357.577 13.143
103.043 358.695 14.7673
102.695 359.817 16.3908
102.356 360.944 18.0133
102.024 362.074 19.6347
101.701 363.208 21.2547
101.385 364.347 22.8731
101.076 365.49 24.4897
100.776 366.639 26.1044
100.483 367.792 27.7169
100.197 368.95 29.327
99.9186 370.114 30.9345
99.6476 371.284 32.5392
99.3838 372.459 34.1409
99.1271 373.64 35.7394
98.8774 374.827 37.3345
98.6346 376.02 38.926
98.3986 377.22 40.5136
98.1693 378.427 42.0973
97.9466 379.64 43.6766
97.7304 380.86 45.2515
97.5207 382.088 46.8217
97.3171 383.322 48.3871
97.1198 384.565 49.9473
96.9285 385.814 51.5022
96.7431 387.072 53.0515
96.5635 388.337 54.5951
96.3896 389.61 56.1327
96.2213 390.892 57.6641
96.0584 392.182 59.1891
95.9008 393.48 60.7074
95.7483 394.788 62.2188
95.6009 396.103 63.7231
95.4583 397.428 65.2201
95.3205 398.762 66.7095
95.1873 400.105 68.1911
95.0585 401.457 69.6646
94.9341 402.818 71.1299
94.8138 404.189 72.5868
94.6975 405.569 74.0348
94.585 406.959 75.4739
94.4763 408.359 76.9038
94.3711 409.769 78.3242
94.2692 411.189 79.7349
94.1706 412.618 81.1357
94.075 414.058 82.5263
93.9823 415.508 83.9064
93.8922 416.969 85.2759
93.8047 418.439 86.6344
93.7196 419.92 87.9818
93.6366 421.412 89.3178
93.5556 422.914 90.642
93.4764 424.426 91.9544
93.3988 425.949 93.2545
93.3227 427.483 94.5423
93.2479 429.027 95.8173
93.1741 430.582 97.0794
93.1012 432.147 98.3283
93.0289 433.724 99.5637
92.9572 435.311 100.785
92.8857 436.908 101.993
92.8143 438.516 103.187
92.7428 440.135 104.366
92.6709 441.765 105.53
92.5986 443.405 106.679
92.5255 445.055 107.813
92.4514 446.717 108.932
92.3762 448.388 110.035
92.2997 450.07 111.121
92.2215 451.763 112.192
92.1416 453.465 113.246
92.0597 455.178 114.283
91.9756 456.901 115.303
91.889 458.634 116.306
91.7997 460.377 117.291
91.7076 462.129 118.258
91.6124 463.892 119.207
91.5138 465.664 120.138
91.4117 467.445 121.051
91.3058 469.236 121.944
91.196 471.035 122.819
91.0819 472.844 123.674
90.9634 474.662 124.51
90.8402 476.488 125.326
90.7121 478.322 126.122
90.5788 480.165 126.898
90.4403 482.016 127.653
90.2961 483.875 128.388
90.1462 485.742 129.101
89.9902 487.616 129.794
89.8279 489.497 130.465
89.6592 491.385 131.115
89.4838 493.28 131.743
89.3014 495.182 132.349
89.1119 497.089 132.933
88.915 499.003 133.494
88.7105 500.922 134.033
88.4982 502.847 134.55
88.2778 504.777 135.043
88.0492 506.711 135.513
87.8121 508.65 135.96
87.5663 510.594 136.384
87.3116 512.541 136.784
87.0478 514.491 137.161
86.7747 516.445 137.513
86.492 518.401 137.842
86.1996 520.36 138.147
85.8973 522.322 138.427
85.5848 524.284 138.683
85.262 526.249 138.915
84.9286 528.214 139.122
84.5846 530.18 139.304
84.2296 532.146 139.462
83.8635 534.111 139.595
83.4862 536.077 139.703
83.0974 538.041 139.786
82.6969 540.003 139.844
82.2847 541.964 139.877
81.8605 543.923 139.885
81.4242 545.879 139.868
80.9756 547.831 139.826
80.5145 549.781 139.759
80.0409 551.726 139.667
79.5545 553.666 139.55
79.0552 555.602 139.407
78.5429 557.532 139.24
78.0175 559.456 139.048
77.4788 561.374 138.83
76.9267 563.285 138.588
76.3611 565.189 138.321
75.7819 567.085 138.03
75.189 568.973 137.713
74.5822 570.853 137.373
73.9616 572.723 137.008
73.3269 574.583 136.618
72.6781 576.434 136.205
72.0152 578.273 135.767
71.3381 580.102 135.306
70.6466 581.92 134.821
69.9408 583.725 134.312
69.2206 585.518 133.78
68.4859 587.298 133.225
67.7367 589.064 132.647
66.973 590.817 132.047
66.1948 592.555 131.424
65.4019 594.279 130.779
64.5945 595.988 130.111
63.7724 597.68 129.422
62.9357 599.357 128.712
62.0845 601.017 127.98
61.2186 602.66 127.227
60.3381 604.286 126.454
59.4431 605.894 125.661
58.5336 607.483 124.847
57.6095 609.054 124.014
56.671 610.606 123.161
55.7181 612.138 122.29
54.7508 613.651 121.399
53.7692 615.143 120.491
52.7734 616.615 119.564
51.7634 618.065 118.62
50.7393 619.495 117.658
49.7012 620.902 116.68
48.6492 622.288 115.685
47.5833 623.651 114.674
46.5037 624.991 113.648
45.4105 626.309 112.606
44.3037 627.603 111.549
43.1836 628.873 110.478
42.0501 630.119 109.393
40.9034 631.342 108.294
39.7437 632.539 107.182
38.5711 633.713 106.058
37.3857 634.861 104.921
36.1877 635.984 103.772
34.9772 637.081 102.612
33.7543 638.153 101.441
32.5193 639.199 100.259
31.2722 640.219 99.0672
30.0132 641.213 97.8659
28.7425 642.181 96.6555
27.4603 643.122 95.4363
26.1666 644.036 94.209
24.8618 644.924 92.9739
23.5459 645.784 91.7315
22.2192 646.618 90.4822
20.8818 647.425 89.2265
19.5339 648.204 87.965

2.004 0.0029939 -0.00240823
4.00798 0.0120683 -0.00966906
6.01189 0.0273628 -0.0218357
8.0157 0.0490173 -0.0389601
10.0194 0.0771723 -0.0610928
12.0229 0.111969 -0.0882829
14.0262 0.153547 -0.120578
16.0293 0.202051 -0.158026
18.0321 0.25762 -0.20067
20.0345 0.320398 -0.248554
22.0366 0.390527 -0.301722
24.0382 0.468151 -0.360212
26.0394 0.553412 -0.424066
28.0401 0.646454 -0.49332
30.0401 0.74742 -0.568011
32.0396 0.856454 -0.648174
34.0383 0.9737 -0.733841
36.0363 1.0993 -0.825046
38.0335 1.2334 -0.921818
40.0298 1.37615 -1.02419
42.0251 1.52769 -1.13218
44.0194 1.68815 -1.24581
46.0127 1.85769 -1.36512
48.0048 2.03646 -1.49013
49.9957 2.22458 -1.62085
51.9852 2.42221 -1.7573
53.9734 2.6295 -1.8995
55.9601 2.84657 -2.04747
57.9453 3.07358 -2.20122
59.9288 3.31067 -2.36076
61.9106 3.55798 -2.5261
63.8906 3.81565 -2.69725
65.8687 4.08382 -2.87421
67.8447 4.36263 -3.057
69.8187 4.65223 -3.24561
71.7905 4.95275 -3.44005
73.76 5.26432 -3.64031
75.7271 5.58709 -3.84639
77.6916 5.9212 -4.05829
79.6536 6.26678 -4.276
81.6128 6.62396 -4.49951
83.5691 6.99288 -4.72881
85.5225 7.37367 -4.96388
87.4728 7.76647 -5.20472
89.42 8.1714 -5.45131
91.3638 8.5886 -5.70363
93.3041 9.01819 -5.96165
95.2408 9.46031 -6.22536
97.1739 9.91507 -6.49473
99.1031 10.3826 -6.76973
101.028 10.863 -7.05033
102.949 11.3565 -7.33651
104.866 11.8631 -7.62823
106.779 12.3829 -7.92545
108.687 12.9161 -8.22814
110.59 13.4628 -8.53625
112.488 14.0231 -8.84975
114.382 14.5971 -9.16858
116.27 15.1849 -9.49271
118.153 15.7867 -9.82209
120.03 16.4025 -10.1567
121.902 17.0324 -10.4964
123.768 17.6765 -10.8412
125.628 18.335 -11.191
127.482 19.0079 -11.5458
129.33 19.6954 -11.9055
131.171 20.3975 -12.27
133.006 21.1142 -12.6393
134.834 21.8458 -13.0133
136.655 22.5922 -13.392
138.468 23.3536 -13.7752
140.275 24.13 -14.1628
142.073 24.9215 -14.5549
143.865 25.7282 -14.9513
145.648 26.5501 -15.352
147.423 27.3874 -15.7568
149.19 28.24 -16.1657
150.948 29.1081 -16.5785
152.698 29.9916 -16.9953
154.439 30.8907 -17.4158
156.171 31.8054 -17.84
157.893 32.7357 -18.2678
159.607 33.6817 -18.6991
161.31 34.6434 -19.1338
163.004 35.6209 -19.5718
164.688 36.6142 -20.0129
166.361 37.6232 -20.4571
168.024 38.6481 -20.9043
169.677 39.6889 -21.3543
171.318 40.7455 -21.807
172.949 41.818 -22.2623
174.568 42.9064 -22.7201
176.175 44.0107 -23.1803
177.772 45.1309 -23.6427
179.356 46.2669 -24.1071
180.928 47.4189 -24.5736
182.488 48.5867 -25.0419
184.035 49.7704 -25.5119
185.569 50.9698 -25.9835
187.091 52.1851 -26.4565
188.6 53.4162 -26.9308
190.095 54.6629 -27.4063
191.576 55.9254 -27.8827
193.044 57.2035 -28.3601
194.498 58.4972 -28.8381
195.938 59.8065 -29.3168
197.363 61.1312 -29.7958
198.774 62.4714 -30.2752
200.17 63.8269 -30.7546
201.551 65.1977 -31.234
202.917 66.5837 -31.7132
204.267 67.9848 -32.1921
205.602 69.4009 -32.6705
206.921 70.832 -33.1481
208.224 72.2779 -33.625
209.511 73.7385 -34.1009
210.781 75.2138 -34.5756
212.035 76.7037 -35.049
213.272 78.2079 -35.5209
214.493 79.7264 -35.9911
215.696 81.2591 -36.4595
216.882 82.8058 -36.926
218.05 84.3664 -37.3903
219.201 85.9407 -37.8522
220.333 87.5287 -38.3116
221.448 89.1302 -38.7684
222.545 90.7449 -39.2223
223.623 92.3728 -39.6733
224.683 94.0137 -40.121
225.724 95.6674 -40.5653
226.746 97.3338 -41.0061
227.749 99.0126 -41.4432
228.733 100.704 -41.8765
229.698 102.407 -42.3056
230.643 104.122 -42.7305
231.569 105.849 -43.1511
232.475 107.587 -43.567
233.361 109.337 -43.9782
234.228 111.098 -44.3844
235.074 112.87 -44.7856
235.899 114.652 -45.1814
236.705 116.445 -45.5719
237.49 118.249 -45.9567
238.254 120.062 -46.3357
238.998 121.885 -46.7088
239.721 123.718 -47.0757
240.423 125.56 -47.4363
241.105 127.411 -47.7905
241.765 129.271 -48.138
242.404 131.139 -48.4788
243.021 133.016 -48.8125
243.618 134.901 -49.1392
244.193 136.794 -49.4585
244.746 138.695 -49.7705
245.279 140.603 -50.0748
245.789 142.518 -50.3713
246.278 144.44 -50.6599
246.746 146.368 -50.9405
247.191 148.303 -51.2128
247.615 150.244 -51.4767
248.018 152.19 -51.7322
248.398 154.142 -51.9789
248.757 156.099 -52.2168
249.094 158.061 -52.4458
249.409 160.028 -52.6656
249.703 161.999 -52.8762
249.974 163.975 -53.0775
250.224 165.954 -53.2692
250.452 167.936 -53.4513
250.659 169.922 -53.6236
250.843 171.911 -53.7859
251.006 173.903 -53.9383
251.147 175.897 -54.0805
251.267 177.893 -54.2124
251.365 179.891 -54.334
251.441 181.89 -54.445
251.496 183.891 -54.5454
251.53 185.893 -54.6351
251.542 187.895 -54.714
251.533 189.898 -54.7819
251.502 191.901 -54.8388
251.451 193.904 -54.8845
251.378 195.906 -54.919
251.285 197.908 -54.9422
251.17 199.908 -54.9539
251.035 201.908 -54.9542
250.88 203.906 -54.9428
250.703 205.902 -54.9198
250.506 207.896 -54.8851
250.289 209.887 -54.8385
250.052 211.876 -54.7801
249.794 213.863 -54.7096
249.517 215.846 -54.6272
249.22 217.825 -54.5326
248.903 219.801 -54.4259
248.566 221.773 -54.307
248.21 223.741 -54.1758
247.835 225.704 -54.0323
247.441 227.663 -53.8765
247.028 229.616 -53.7082
246.596 231.565 -53.5275
246.145 233.508 -53.3343
245.676 235.445 -53.1286
245.189 237.377 -52.9104
244.683 239.302 -52.6795
244.16 241.221 -52.4361
243.619 243.134 -52.18
243.06 245.04 -51.9113
242.484 246.938 -51.6299
241.891 248.83 -51.3358
241.28 250.714 -51.029
240.653 252.59 -50.7095
240.009 254.459 -50.3773
239.349 256.319 -50.0323
238.673 258.171 -49.6747
237.981 260.015 -49.3043
237.272 261.85 -48.9213
236.549 263.676 -48.5255
235.809 265.494 -48.117
235.055 267.302 -47.6959
234.286 269.101 -47.2621
233.501 270.89 -46.8157
232.703 272.67 -46.3566
231.89 274.44 -45.8849
231.063 276.2 -45.4007
230.222 277.95 -44.9039
229.367 279.689 -44.3946
228.499 281.418 -43.8728
227.617 283.137 -43.3385
226.723 284.845 -42.7919
225.816 286.542 -42.2329
224.896 288.228 -41.6615
223.964 289.904 -41.0778
223.019 291.568 -40.482
222.063 293.22 -39.8739
221.095 294.862 -39.2536
220.116 296.492 -38.6213
219.125 298.11 -37.9769
218.123 299.717 -37.3206
217.111 301.312 -36.6523
216.088 302.896 -35.9721
215.054 304.467 -35.2802
214.011 306.026 -34.5765
212.957 307.574 -33.8611
211.894 309.109 -33.1341
210.821 310.632 -32.3955
209.739 312.143 -31.6454
208.648 313.642 -30.884
207.548 315.128 -30.1112
206.44 316.602 -29.3271
205.323 318.063 -28.5318
204.198 319.513 -27.7254
203.065 320.949 -26.9079
201.924 322.373 -26.0795
200.776 323.785 -25.2402
199.62 325.184 -24.39
198.457 326.571 -23.5291
197.287 327.944 -22.6576
196.11 329.306 -21.7755
194.927 330.655 -20.8829
193.738 331.991 -19.9799
192.542 333.315 -19.0666
191.34 334.626 -18.143
190.133 335.924 -17.2093
188.919 337.21 -16.2655
187.701 338.483 -15.3117
186.477 339.744 -14.3481
185.249 340.993 -13.3746
184.015 342.229 -12.3914
182.777 343.452 -11.3986
181.534 344.664 -10.3962
180.287 345.862 -9.38444
179.036 347.049 -8.36328
177.781 348.223 -7.33285
176.522 349.385 -6.29325
175.259 350.535 -5.24456
173.993 351.673 -4.18687
172.723 352.798 -3.12027
171.451 353.912 -2.04487
170.175 355.013 -0.960737
168.897 356.103 0.132023
167.616 357.181 1.23332
166.332 358.247 2.34307
165.046 359.302 3.46117
163.758 360.345 4.58753
162.467 361.376 5.72207
161.175 362.396 6.86468
159.881 363.404 8.01529
158.585 364.401 9.17379
157.287 365.387 10.3401
155.988 366.362 11.5141
154.688 367.326 12.6958
153.386 368.279 13.8849
152.083 369.221 15.0815
150.78 370.152 16.2855
149.475 371.072 17.4967
148.17 371.982 18.7151
146.864 372.881 19.9406
145.558 373.771 21.1731
144.251 374.649 22.4124
142.944 375.518 23.6586
141.636 376.376 24.9115
140.329 377.225 26.1711
139.021 378.064 27.4371
137.714 378.893 28.7097
136.407 379.712 29.9886
135.099 380.522 31.2738
133.793 381.322 32.5652
132.486 382.113 33.8627
131.18 382.895 35.1662
129.875 383.668 36.4757
128.57 384.432 37.791
127.266 385.187 39.1121
125.963 385.933 40.4389
124.66 386.671 41.7713
123.359 387.4 43.1092
122.058 388.121 44.4526
120.758 388.834 45.8012
119.46 389.539 47.1552
118.162 390.235 48.5143
116.866 390.924 49.8786
115.571 391.605 51.2479
114.277 392.278 52.6221
112.984 392.944 54.0011
111.693 393.603 55.385
110.403 394.254 56.7736
109.115 394.899 58.1667
107.828 395.536 59.5645
106.543 396.167 60.9667
105.259 396.79 62.3732
103.976 397.408 63.7841
102.696 398.018 65.1992
101.416 398.623 66.6185
100.139 399.221 68.0419
98.8627 399.813 69.4692
97.5884 400.399 70.9005
96.3158 400.98 72.3356
95.0448 401.555 73.7745
93.7756 402.124 75.217
92.508 402.687 76.6632
91.2422 403.246 78.113
89.978 403.799 79.5662
88.7156 404.348 81.0228
87.4549 404.891 82.4828
86.196 405.43 83.9459
84.9387 405.964 85.4123
83.6832 406.493 86.8818
82.4294 407.018 88.3542
81.1772 407.539 89.8297
79.9268 408.056 91.308
78.6781 408.569 92.7891
77.431 409.078 94.273
76.1855 409.583 95.7595
74.9417 410.084 97.2486
73.6996 410.582 98.7403
72.459 411.077 100.234
71.22 411.569 101.731
69.9825 412.057 103.23
68.7466 412.542 104.731
67.5122 413.025 106.234
66.2792 413.505 107.739
65.0477 413.982 109.246
63.8177 414.457 110.755
62.589 414.929 112.266
61.3616 415.399 113.779
60.1356 415.867 115.294
58.9109 416.333 116.81
57.6873 416.797 118.328
56.465 417.26 119.847
55.2439 417.721 121.368
54.0239 418.18 122.89
52.8049 418.638 124.413
51.587 419.095 125.938
50.3701 419.55 127.463
49.1541 420.004 128.99
47.9391 420.458 130.518
46.7248 420.911 132.046
45.5114 421.363 133.576
44.2987 421.814 135.106
43.0867 422.265 136.637
41.8753 422.716 138.168
40.6645 423.166 139.701
39.4543 423.616 141.233
38.2445 424.067 142.766
37.0351 424.517 144.299
35.8261 424.967 145.833
34.6174 425.418 147.366
33.4089 425.869 148.9
32.2006 426.321 150.433
30.9924 426.773 151.967
29.7843 427.227 153.5
28.5761 427.68 155.033
27.3679 428.135 156.566
26.1595 428.591 158.098
24.9509 429.048 159.63
23.7421 429.506 161.162
22.5329 429.966 162.692
21.3233 430.427 164.222
20.1132 430.889 165.751
18.9025 431.353 167.279
17.6912 431.819 168.806
16.4793 432.287 170.332
15.2665 432.756 171.857
14.053 433.228 173.38
12.8385 433.701 174.902
11.623 434.177 176.423
10.4065 434.655 177.942
9.18889 435.135 179.46
7.97004 435.618 180.975
6.74992 436.103 182.489
5.52844 436.591 184.001
4.30553 437.081 185.511
3.08112 437.574 187.019
1.85512 438.07 188.525
0.627469 438.569 190.028
-0.60192 439.071 191.529
-1.83312 439.576 193.027
-3.06621 440.084 194.523
-4.30127 440.595 196.016
-5.53838 441.11 197.507
-6.7776 441.628 198.994
-8.01903 442.149 200.478
-9.26274 442.674 201.959
-10.5088 443.202 203.437
-11.7573 443.734 204.912
-13.0083 444.27 206.383
-14.2619 444.809 207.851
-15.5182 445.352 209.314
-16.7772 445.899 210.775
-18.0391 446.45 212.231
-19.3038 447.005 213.683
-20.5715 447.563 215.131
-21.8423 448.126 216.574
-23.1163 448.693 218.014
-24.3934 449.264 219.449
-25.6738 449.84 220.879
-26.9576 450.419 222.304
-28.2448 451.003 223.725
-29.5356 451.591 225.141
-30.8299 452.184 226.551
-32.1279 452.781 227.956
-33.4297 453.383 229.356
-34.7353 453.989 230.751
-36.0447 454.599 232.139
-37.3581 455.214 233.522
-38.6756 455.834 234.9
-39.9971 456.458 236.271
-41.3228 457.087 237.635
-42.6528 457.721 238.994
-43.9871 458.359 240.346
-45.3258 459.002 241.692
-46.6689 459.649 243.031
-48.0165 460.302 244.363
-49.3687 460.959 245.688
-50.7256 461.621 247.006
-52.0872 462.288 248.316
-53.4536 462.959 249.619
-54.8247 463.636 250.915
-56.2008 464.317 252.203
-57.5819 465.003 253.483
-58.968 465.693 254.755
-60.3591 466.389 256.018
-61.7554 467.089 257.274
-63.1569 467.794 258.521
-64.5636 468.504 259.759
-65.9756 469.218 260.988
-67.393 469.938 262.209
-68.8157 470.662 263.42
-70.2439 471.39 264.623
-71.6776 472.124 265.815
-73.1169 472.862 266.999
-74.5617 473.605 268.172
-76.0121 474.352 269.335
-77.4682 475.104 270.489
-78.93 475.86 271.632
-80.3975 476.621 272.765
-81.8709 477.387 273.887
-83.35 478.157 274.999
-84.835 478.931 276.099
-86.3258 479.71 277.189
-87.8226 480.493 278.267
-89.3253 481.28 279.334
-90.8339 482.071 280.389
-92.3485 482.867 281.433
-93.8691 483.666 282.465
-95.3957 484.47 283.485
-96.9284 485.277 284.492
-98.467 486.089 285.487
-100.012 486.904 286.469
-101.563 487.723 287.439
-103.119 488.546 288.396
-104.682 489.372 289.339
-106.251 490.202 290.27
-107.827 491.035 291.187
-109.408 491.872 292.09
-110.995 492.711 292.98
-112.588 493.554 293.855
-114.188 494.4 294.717
-115.793 495.25 295.564
-117.405 496.101 296.397

2.004 0.00564252 -0.00082305
4.00793 0.0226401 -0.00329286
6.01173 0.0510975 -0.00740961
8.01532 0.0911194 -0.0131724
10.0186 0.14281 -0.0205792
12.0216 0.206274 -0.029627
14.0242 0.281615 -0.0403116
16.0263 0.368937 -0.0526277
18.0277 0.468342 -0.0665689
20.0286 0.579934 -0.0821277
22.0287 0.703814 -0.0992955
24.028 0.840085 -0.118063
26.0263 0.988848 -0.138418
28.0237 1.1502 -0.16035
30.02 1.32425 -0.183845
32.0151 1.5111 -0.208889
34.009 1.71083 -0.235467
36.0014 1.92355 -0.263562
37.9925 2.14936 -0.293156
39.9819 2.38836 -0.32423
41.9697 2.64063 -0.356766
43.9558 2.90628 -0.390741
45.9399 3.1854 -0.426132
47.9221 3.47808 -0.462918
49.9022 3.78441 -0.501073
51.8801 4.10449 -0.540571
53.8556 4.4384 -0.581385
55.8288 4.78624 -0.623488
57.7993 5.14808 -0.666849
59.7673 5.52403 -0.711439
61.7324 5.91416 -0.757227
63.6946 6.31855 -0.804178
65.6538 6.7373 -0.85226
67.6098 7.17047 -0.901436
69.5625 7.61815 -0.951672
71.5118 8.08042 -1.00293
73.4575 8.55735 -1.05517
75.3995 9.04902 -1.10835
77.3377 9.5555 -1.16244
79.2719 10.0769 -1.21738
81.202 10.6132 -1.27315
83.1279 11.1645 -1.32968
85.0493 11.7309 -1.38695
86.9662 12.3125 -1.44489
88.8784 12.9093 -1.50347
90.7857 13.5213 -1.56263
92.6881 14.1487 -1.62232
94.5852 14.7915 -1.6825
96.4771 15.4497 -1.74311
98.3635 16.1234 -1.80409
100.244 16.8126 -1.8654
102.119 17.5174 -1.92697
103.988 18.2379 -1.98876
105.851 18.974 -2.0507
107.708 19.7258 -2.11273
109.558 20.4934 -2.1748
111.401 21.2768 -2.23683
113.238 22.0759 -2.29879
115.068 22.8909 -2.36058
116.89 23.7218 -2.42217
118.706 24.5686 -2.48347
120.513 25.4313 -2.54443
122.314 26.3099 -2.60497
124.106 27.2045 -2.66503
125.89 28.115 -2.72455
127.666 29.0415 -2.78344
129.434 29.9839 -2.84164
131.193 30.9423 -2.89908
132.943 31.9167 -2.95568
134.684 32.9071 -3.01138
136.416 33.9134 -3.0661
138.139 34.9357 -3.11975
139.852 35.9739 -3.17228
141.556 37.0281 -3.22359
143.25 38.0981 -3.27361
144.933 39.184 -3.32227
146.607 40.2858 -3.36949
148.269 41.4033 -3.41518
149.921 42.5367 -3.45927
151.563 43.6858 -3.50167
153.193 44.8506 -3.5423
154.812 46.0311 -3.58108
156.419 47.2272 -3.61793
158.015 48.4388 -3.65276
159.599 49.6659 -3.68549
161.171 50.9085 -3.71604
162.731 52.1665 -3.74431
164.278 53.4397 -3.77023
165.813 54.7282 -3.7937
167.335 56.0319 -3.81465
168.844 57.3506 -3.83298
170.339 58.6843 -3.84861
171.822 60.033 -3.86144
173.29 61.3964 -3.8714
174.745 62.7746 -3.87838
176.186 64.1674 -3.88231
177.613 65.5748 -3.8831
179.025 66.9965 -3.88065
180.423 68.4325 -3.87488
181.806 69.8828 -3.8657
183.174 71.3471 -3.85301
184.527 72.8254 -3.83673
185.864 74.3174 -3.81677
187.187 75.8232 -3.79304
188.493 77.3425 -3.76544
189.784 78.8753 -3.7339
191.058 80.4213 -3.69832
192.317 81.9805 -3.6586
193.559 83.5526 -3.61467
194.784 85.1376 -3.56643
195.993 86.7352 -3.5138
197.184 88.3453 -3.45667
198.359 89.9678 -3.39498
199.516 91.6024 -3.32862
200.656 93.2491 -3.25752
201.779 94.9075 -3.18158
202.883 96.5776 -3.10071
203.97 98.2592 -3.01484
205.039 99.952 -2.92387
206.089 101.656 -2.82771
207.121 103.371 -2.72629
208.135 105.096 -2.61953
209.13 106.832 -2.50732
210.106 108.578 -2.3896
211.063 110.335 -2.26628
212.001 112.101 -2.13728
212.92 113.877 -2.00252
213.819 115.662 -1.86191
214.699 117.456 -1.71539
215.56 119.26 -1.56286
216.401 121.072 -1.40426
217.221 122.893 -1.2395
218.022 124.722 -1.06851
218.803 126.559 -0.891218
219.564 128.404 -0.707547
220.304 130.256 -0.517424
221.024 132.116 -0.320779
221.724 133.983 -0.117541
222.403 135.857 0.0923607
223.061 137.737 0.308993
223.698 139.624 0.532424
224.315 141.517 0.762719
224.911 143.415 0.999942
225.486 145.32 1.24416
226.039 147.229 1.49543
226.572 149.144 1.75381
227.083 151.063 2.01938
227.574 152.987 2.29217
228.042 154.915 2.57225
228.49 156.847 2.85968
228.916 158.783 3.15451
229.321 160.722 3.45679
229.704 162.665 3.76657
230.066 164.61 4.08391
230.406 166.558 4.40885
230.725 168.508 4.74143
231.022 170.461 5.08171
231.298 172.415 5.42972
231.552 174.371 5.78551
231.784 176.328 6.14912
231.995 178.286 6.52059
232.185 180.244 6.89995
232.352 182.203 7.28724
232.498 184.163 7.6825
232.623 186.122 8.08576
232.726 188.08 8.49704
232.807 190.038 8.91638
232.867 191.995 9.3438
232.906 193.951 9.77934
232.923 195.905 10.223
232.919 197.857 10.6748
232.893 199.808 11.1348
232.846 201.756 11.603
232.778 203.701 12.0795
232.689 205.644 12.5641
232.579 207.583 13.057
232.447 209.519 13.5581
232.295 211.451 14.0676
232.122 213.379 14.5853
231.928 215.303 15.1112
231.713 217.223 15.6455
231.478 219.137 16.1881
231.222 221.047 16.7389
230.945 222.951 17.2981
230.649 224.85 17.8656
230.332 226.744 18.4413
229.995 228.631 19.0254
229.638 230.512 19.6177
229.26 232.386 20.2183
228.864 234.253 20.8272
228.447 236.114 21.4444
228.011 237.967 22.0698
227.556 239.813 22.7034
227.081 241.651 23.3453
226.587 243.481 23.9953
226.074 245.303 24.6536
225.542 247.117 25.32
224.991 248.922 25.9946
224.422 250.718 26.6773
223.834 252.505 27.3681
223.229 254.283 28.0669
222.604 256.051 28.7738
221.962 257.81 29.4888
221.302 259.558 30.2117
220.625 261.297 30.9426
219.93 263.025 31.6815
219.217 264.743 32.4282
218.488 266.45 33.1828
217.741 268.146 33.9452
216.978 269.832 34.7155
216.198 271.506 35.4935
215.401 273.168 36.2792
214.588 274.819 37.0725
213.76 276.458 37.8736
212.915 278.086 38.6822
212.054 279.701 39.4983
211.178 281.304 40.322
210.287 282.895 41.1532
209.38 284.473 41.9917
208.458 286.039 42.8376
207.522 287.592 43.6909
206.571 289.131 44.5514
205.605 290.658 45.4191
204.626 292.172 46.2941
203.632 293.672 47.1761
202.624 295.159 48.0652
201.603 296.632 48.9613
200.569 298.091 49.8644
199.521 299.537 50.7744
198.46 300.969 51.6913
197.386 302.386 52.6149
196.3 303.79 53.5453
195.201 305.179 54.4824
194.09 306.555 55.4261
192.967 307.915 56.3763
191.832 309.262 57.3331
190.685 310.593 58.2964
189.527 311.911 59.266
188.358 313.213 60.242
187.178 314.501 61.2242
185.987 315.774 62.2126
184.785 317.031 63.2072
183.573 318.275 64.2079
182.35 319.503 65.2146
181.118 320.716 66.2273
179.875 321.913 67.2459
178.623 323.096 68.2703
177.362 324.264 69.3005
176.091 325.416 70.3365
174.811 326.553 71.378
173.522 327.675 72.4252
172.225 328.782 73.4779
170.919 329.873 74.536
169.605 330.949 75.5995
168.282 332.01 76.6684
166.952 333.055 77.7426
165.614 334.085 78.8219
164.268 335.099 79.9064
162.915 336.099 80.996
161.555 337.082 82.0906
160.188 338.051 83.1901
158.814 339.004 84.2945
157.433 339.941 85.4038
156.046 340.864 86.5178
154.652 341.771 87.6365
153.253 342.662 88.7598
151.847 343.539 89.8877
150.436 344.4 91.0201
149.019 345.246 92.157
147.596 346.076 93.2982
146.168 346.892 94.4437
144.735 347.692 95.5935
143.297 348.477 96.7475
141.854 349.248 97.9056
140.407 350.003 99.0678
138.955 350.743 100.234
137.499 351.468 101.404
136.038 352.178 102.578
134.574 352.874 103.756
133.105 353.555 104.938
131.633 354.221 106.123
130.157 354.872 107.312
128.678 355.509 108.504
127.195 356.131 109.701
125.709 356.738 110.9
124.22 357.332 112.103
122.728 357.91 113.309
121.233 358.475 114.519
119.736 359.025 115.732
118.236 359.561 116.948
116.734 360.084 118.167
115.229 360.592 119.389
113.722 361.086 120.614
112.213 361.566 121.842
110.702 362.033 123.073
109.189 362.485 124.307
107.675 362.925 125.544
106.158 363.35 126.783
104.641 363.763 128.025
103.122 364.161 129.27
101.601 364.547 130.517
100.079 364.919 131.767
98.5566 365.279 133.019
97.0328 365.625 134.273
95.508 365.958 135.53
93.9824 366.279 136.79
92.4561 366.587 138.051
90.929 366.882 139.315
89.4014 367.165 140.581
87.8733 367.435 141.849
86.3447 367.693 143.119
84.8158 367.938 144.391
83.2866 368.171 145.665
81.7572 368.393 146.941
80.2277 368.602 148.219
78.6981 368.8 149.498
77.1686 368.985 150.78
75.6391 369.159 152.063
74.1097 369.322 153.348
72.5806 369.472 154.634
71.0516 369.612 155.922
69.523 369.74 157.212
67.9948 369.857 158.503
66.4669 369.963 159.795
64.9396 370.058 161.089
63.4127 370.143 162.384
61.8864 370.216 163.681
60.3607 370.279 164.979
58.8357 370.331 166.278
57.3113 370.372 167.578
55.7877 370.404 168.88
54.2648 370.425 170.182
52.7428 370.436 171.486
51.2215 370.436 172.79
49.7011 370.427 174.096
48.1817 370.408 175.402
46.6631 370.379 176.709
45.1454 370.341 178.018
43.6288 370.293 179.327
42.1131 370.235 180.636
40.5984 370.169 181.947
39.0848 370.093 183.258
37.5722 370.007 184.57
36.0607 369.913 185.882
34.5502 369.81 187.195
33.0409 369.698 188.509
31.5326 369.577 189.823
30.0254 369.448 191.137
28.5194 369.31 192.452
27.0144 369.163 193.767
25.5106 369.008 195.083
24.0079 368.845 196.399
22.5063 368.674 197.715
21.0059 368.494 199.031
19.5066 368.307 200.347
18.0084 368.112 201.664
16.5113 367.909 202.98
15.0153 367.698 204.297
13.5204 367.48 205.614
12.0266 367.254 206.931
10.5339 367.021 208.247
9.04231 366.78 209.564
7.55174 366.532 210.88
6.0622 366.277 212.196
4.5737 366.015 213.512
3.08621 365.746 214.828
1.59971 365.47 216.143
0.114187 365.188 217.458
-1.37038 364.898 218.773
-2.85402 364.603 220.087
-4.33674 364.3 221.401
-5.81858 363.991 222.714
-7.29956 363.676 224.027
-8.7797 363.354 225.339
-10.259 363.027 226.651
-11.7376 362.693 227.962
-13.2154 362.353 229.272
-14.6924 362.007 230.581
-16.1688 361.655 231.89
-17.6445 361.298 233.198
-19.1196 360.934 234.505
-20.5941 360.566 235.811
-22.068 360.191 237.116
-23.5414 359.811 238.42
-25.0144 359.426 239.724
-26.4868 359.036 241.026
-27.9589 358.64 242.327
-29.4305 358.239 243.626
-30.9019 357.832 244.925
-32.3729 357.421 246.222
-33.8437 357.005 247.518
-35.3143 356.584 248.813
-36.7846 356.158 250.106
-38.2549 355.728 251.398
-39.7251 355.292 252.688
-41.1952 354.852 253.977
-42.6653 354.408 255.265
-44.1355 353.959 256.55
-45.6058 353.505 257.834
-47.0762 353.047 259.117
-48.5467 352.585 260.397
-50.0175 352.119 261.676
-51.4886 351.648 262.953
-52.9601 351.174 264.228
-54.4318 350.695 265.501
-55.9041 350.212 266.772
-57.3767 349.726 268.041
-58.8499 349.235 269.308
-60.3237 348.741 270.573
-61.7981 348.242 271.835
-63.2732 347.741 273.096
-64.749 347.235 274.354
-66.2256 346.726 275.609
-67.7029 346.213 276.862
-69.1812 345.697 278.113
-70.6604 345.177 279.361
-72.1406 344.654 280.607
-73.6218 344.127 281.85
-75.1041 343.597 283.09
-76.5875 343.064 284.327
-78.0721 342.528 285.562
-79.558 341.988 286.794
-81.0451 341.445 288.022
-82.5336 340.9 289.248
-84.0235 340.351 290.471
-85.5149 339.799 291.69
-87.0077 339.244 292.907
-88.5021 338.686 294.12
-89.9981 338.126 295.33
-91.4958 337.562 296.536
-92.9952 336.996 297.739
-94.4963 336.427 298.939
-95.9992 335.855 300.135
-97.5041 335.28 301.327
-99.0108 334.703 302.515
-100.519 334.123 303.7
-102.03 333.541 304.881
-103.543 332.956 306.058
-105.058 332.368 307.231
-106.575 331.778 308.4
-108.094 331.185 309.564
-109.616 330.59 310.725
-111.14 329.993 311.881
-112.666 329.393 313.033
-114.195 328.791 314.181
-115.726 328.186 315.323
-117.259 327.579 316.462
-118.795 326.97 317.595
-120.334 326.358 318.724
-121.876 325.745 319.848
-123.42 325.129 320.967
-124.967 324.511 322.082
-126.516 323.89 323.191
-128.069 323.268 324.295
-129.624 322.643 325.393
-131.182 322.017 326.487
-132.743 321.388 327.574
-134.307 320.757 328.657
-135.874 320.124 329.734
-137.445 319.489 330.805
-139.018 318.852 331.87
-140.594 318.213 332.93
-142.174 317.572 333.983
-143.757 316.929 335.031
-145.343 316.284 336.072
-146.932 315.637 337.107
-148.525 314.988 338.136
-150.121 314.337 339.159
-151.72 313.684 340.174
-153.323 313.03 341.184
-154.929 312.373 342.186
-156.538 311.715 343.182
-158.151 311.054 344.171
-159.768 310.392 345.153
-161.388 309.728 346.128
-163.012 309.062 347.096
-164.639 308.394 348.056
-166.27 307.724 349.009
-167.904 307.052 349.954
-169.542 306.379 350.892
-171.184 305.704 351.822
-172.829 305.027 352.745
-174.478 304.348 353.659
-176.13 303.667 354.565
-177.787 302.984 355.463
-179.447 302.3 356.353
-181.11 301.614 357.235
-182.778 300.925 358.108
-184.449 300.236 358.973
-186.124 299.544 359.829
-187.802 298.85 360.676
-189.485 298.155 361.514
-191.17 297.458 362.343
-192.86 296.759 363.163
-194.554 296.058 363.974
-196.251 295.355 364.775
-197.951 294.65 365.567
-199.656 293.944 366.349
-201.364 293.236 367.122
-203.076 292.526 367.884

2.00399 0.00808286 0.000444006
4.00784 0.032386 0.00180915
6.01143 0.0729903 0.00414577
8.01462 0.129975 0.00750506
10.0173 0.20342 0.0119391
12.0192 0.2934 0.0175007
14.0204 0.399991 0.0242437
16.0206 0.523268 0.0322227
18.0197 0.663303 0.041493
20.0175 0.820166 0.0521109
22.0139 0.993927 0.0641334
24.0088 1.18465 0.0776183
26.0019 1.39241 0.0926243
27.9932 1.61726 0.109211
29.9825 1.85928 0.127438
31.9695 2.1185 0.147366
33.9542 2.39501 0.169058
35.9364 2.68884 0.192576
37.916 3.00007 0.217982
39.8926 3.32873 0.245341
41.8663 3.67488 0.274718
43.8368 4.03857 0.306177
45.8039 4.41984 0.339784
47.7675 4.81874 0.375607
49.7273 5.23531 0.413711
51.6833 5.66958 0.454166
53.6352 6.12159 0.49704
55.5828 6.59138 0.542401
57.526 7.07898 0.590319
59.4645 7.58441 0.640866
61.3983 8.1077 0.69411
63.327 8.64887 0.750125
65.2505 9.20795 0.808981
67.1687 9.78495 0.870751
69.0812 10.3799 0.935508
70.988 10.9928 1.00332
72.8888 11.6236 1.07427
74.7834 12.2724 1.14843
76.6717 12.9392 1.22587
78.5533 13.6239 1.30667
80.4282 14.3266 1.3909
82.2961 15.0473 1.47864
84.1568 15.7859 1.56996
86.01 16.5424 1.66495
87.8557 17.3168 1.76367
89.6936 18.1092 1.8662
91.5234 18.9194 1.97262
93.345 19.7474 2.08301
95.1581 20.5933 2.19745
96.9626 21.457 2.31601
98.7581 22.3384 2.43877
100.545 23.2374 2.5658
102.322 24.1542 2.69719
104.089 25.0886 2.83301
105.847 26.0405 2.97335
107.595 27.0099 3.11827
109.333 27.9967 3.26786
111.06 29.001 3.42219
112.777 30.0225 3.58134
114.483 31.0613 3.74539
116.178 32.1172 3.91442
117.861 33.1902 4.0885
119.533 34.2802 4.26771
121.194 35.3872 4.45213
122.842 36.5109 4.64183
124.478 37.6514 4.83689
126.102 38.8085 5.03738
127.713 39.9821 5.24339
129.312 41.1722 5.45498
130.897 42.3785 5.67223
132.469 43.6011 5.89521
134.028 44.8397 6.124
135.573 46.0942 6.35867
137.104 47.3646 6.5993
138.621 48.6507 6.84595
140.124 49.9523 7.09869
141.612 51.2693 7.35761
143.085 52.6016 7.62276
144.544 53.949 7.89422
145.987 55.3114 8.17205
147.415 56.6885 8.45633
148.827 58.0804 8.74712
150.223 59.4867 9.04448
151.604 60.9073 9.34849
152.968 62.342 9.6592
154.315 63.7908 9.97669
155.647 65.2533 10.301
156.961 66.7294 10.6322
158.258 68.2189 10.9704
159.538 69.7216 11.3156
160.801 71.2373 11.6678
162.046 72.7659 12.0272
163.274 74.3071 12.3938
164.483 75.8607 12.7677
165.674 77.4265 13.1488
166.847 79.0042 13.5373
168.002 80.5937 13.9331
169.137 82.1948 14.3365
170.254 83.8071 14.7473
171.352 85.4306 15.1657
172.431 87.0649 15.5917
173.49 88.7098 16.0253
174.53 90.365 16.4667
175.55 92.0304 16.9157
176.551 93.7057 17.3725
177.531 95.3906 17.8372
178.491 97.0849 18.3097
179.431 98.7883 18.79
180.351 100.501 19.2783
181.25 102.221 19.7746
182.129 103.951 20.2788
182.986 105.688 20.7911
183.823 107.433 21.3114
184.639 109.186 21.8398
185.433 110.945 22.3762
186.206 112.712 22.9208
186.958 114.486 23.4736
187.688 116.266 24.0345
188.397 118.052 24.6036
189.084 119.843 25.1809
189.749 121.641 25.7665
190.392 123.443 26.3603
191.014 125.251 26.9623
191.613 127.063 27.5726
192.19 128.88 28.1912
192.745 130.701 28.818
193.278 132.525 29.4531
193.788 134.353 30.0965
194.276 136.184 30.7482
194.742 138.019 31.4082
195.185 139.855 32.0765
195.605 141.694 32.7531
196.003 143.535 33.4379
196.378 145.377 34.131
196.731 147.221 34.8324
197.061 149.066 35.5421
197.368 150.912 36.26
197.653 152.758 36.9861
197.914 154.604 37.7205
198.153 156.45 38.463
198.37 158.295 39.2138
198.563 160.14 39.9727
198.734 161.983 40.7397
198.882 163.825 41.5149
199.007 165.666 42.2981
199.11 167.504 43.0894
199.19 169.34 43.8888
199.248 171.173 44.6961
199.282 173.003 45.5115
199.295 174.83 46.3347
199.284 176.654 47.1659
199.252 178.474 48.005
199.197 180.289 48.8518
199.119 182.1 49.7065
199.019 183.906 50.5689
198.897 185.707 51.4391
198.753 187.503 52.3169
198.587 189.293 53.2023
198.399 191.077 54.0953
198.188 192.855 54.9958
197.956 194.626 55.9037
197.703 196.391 56.8191
197.427 198.148 57.7419
197.13 199.899 58.672
196.812 201.641 59.6093
196.472 203.375 60.5539
196.112 205.102 61.5056
195.73 206.82 62.4643
195.327 208.529 63.4301
194.903 210.229 64.4029
194.458 211.919 65.3825
193.993 213.601 66.369
193.508 215.272 67.3623
193.002 216.934 68.3623
192.476 218.585 69.3689
191.93 220.225 70.382
191.364 221.855 71.4017
190.779 223.474 72.4278
190.174 225.081 73.4603
189.549 226.677 74.4991
188.906 228.261 75.544
188.243 229.834 76.5951
187.561 231.394 77.6523
186.861 232.941 78.7155
186.142 234.476 79.7846
185.405 235.998 80.8595
184.65 237.508 81.9402
183.876 239.003 83.0266
183.085 240.486 84.1186
182.276 241.955 85.2161
181.45 243.41 86.3191
180.607 244.85 87.4275
179.746 246.277 88.5411
178.869 247.689 89.6599
177.975 249.087 90.7839
177.064 250.47 91.9129
176.138 251.838 93.0469
175.195 253.191 94.1857
174.236 254.528 95.3294
173.262 255.851 96.4777
172.273 257.157 97.6307
171.268 258.448 98.7883
170.248 259.723 99.9503
169.214 260.982 101.117
168.164 262.225 102.287
167.101 263.452 103.462
166.024 264.662 104.641
164.932 265.856 105.824
163.827 267.033 107.011
162.708 268.194 108.202
161.576 269.337 109.397
160.432 270.464 110.595
159.274 271.573 111.797
158.104 272.665 113.003
156.921 273.74 114.212
155.726 274.798 115.424
154.519 275.838 116.64
153.301 276.861 117.859
152.071 277.866 119.081
150.83 278.853 120.306
149.578 279.823 121.534
148.315 280.775 122.765
147.042 281.709 123.999
145.758 282.624 125.235
144.464 283.522 126.474
143.16 284.402 127.716
141.846 285.264 128.96
140.523 286.108 130.206
139.191 286.933 131.455
137.849 287.741 132.706
136.499 288.53 133.959
135.14 289.3 135.215
133.773 290.053 136.472
132.398 290.787 137.731
131.015 291.503 138.992
129.624 292.2 140.255
128.225 292.879 141.519
126.819 293.54 142.786
125.406 294.182 144.053
123.986 294.806 145.322
122.56 295.411 146.593
121.127 295.998 147.865
119.687 296.567 149.138
118.242 297.118 150.412
116.791 297.65 151.688
115.334 298.163 152.964
113.871 298.659 154.242
112.404 299.136 155.52
110.931 299.595 156.8
109.453 300.035 158.08
107.971 300.458 159.36
106.484 300.862 160.642
104.993 301.248 161.924
103.498 301.616 163.206
101.999 301.966 164.489
100.496 302.298 165.772
98.9893 302.612 167.056
97.4794 302.909 168.34
95.9663 303.187 169.624
94.4502 303.447 170.909
92.9311 303.69 172.193
91.4094 303.915 173.477
89.8852 304.123 174.762
88.3586 304.313 176.046
86.8298 304.485 177.33
85.299 304.64 178.614
83.7663 304.777 179.898
82.232 304.898 181.181
80.696 305.001 182.465
79.1587 305.087 183.747
77.6201 305.156 185.029
76.0805 305.207 186.311
74.5399 305.242 187.592
72.9985 305.26 188.873
71.4565 305.262 190.153
69.9139 305.246 191.432
68.371 305.214 192.71
66.8278 305.166 193.988
65.2846 305.101 195.265
63.7414 305.02 196.541
62.1983 304.922 197.816
60.6556 304.808 199.09
59.1133 304.679 200.363
57.5715 304.533 201.635
56.0304 304.371 202.905
54.4901 304.194 204.175
52.9507 304.001 205.443
51.4123 303.792 206.711
49.875 303.568 207.977
48.339 303.328 209.241
46.8044 303.074 210.505
45.2712 302.803 211.767
43.7396 302.518 213.027
42.2097 302.218 214.286
40.6815 301.903 215.544
39.1552 301.573 216.8
37.6309 301.228 218.054
36.1086 300.869 219.307
34.5885 300.495 220.558
33.0706 300.107 221.808
31.5551 299.705 223.056
30.0419 299.288 224.302
28.5313 298.857 225.546
27.0233 298.413 226.789
25.5179 297.954 228.03
24.0152 297.482 229.268
22.5154 296.996 230.505
21.0184 296.496 231.741
19.5244 295.983 232.974
18.0335 295.456 234.205
16.5456 294.917 235.434
15.0609 294.364 236.661
13.5794 293.798 237.887
12.1012 293.219 239.11
10.6263 292.627 240.331
9.15488 292.023 241.549
7.6869 291.406 242.766
6.22243 290.776 243.981
4.76154 290.134 245.193
3.30426 289.48 246.403
1.85066 288.813 247.611
0.400779 288.135 248.816
-1.04534 287.444 250.019
-2.48765 286.741 251.22
-3.9261 286.027 252.419
-5.36067 285.301 253.615
-6.7913 284.563 254.809
-8.21796 283.814 256
-9.64061 283.053 257.189
-11.0592 282.281 258.375
-12.4738 281.498 259.559
-13.8842 280.703 260.741
-15.2905 279.898 261.919
-16.6926 279.082 263.096
-18.0905 278.254 264.269
-19.4842 277.417 265.441
-20.8737 276.568 266.609
-22.2589 275.709 267.775
-23.6398 274.84 268.938
-25.0164 273.96 270.099
-26.3887 273.07 271.257
-27.7567 272.169 272.412
-29.1202 271.259 273.564
-30.4794 270.339 274.714
-31.8342 269.408 275.861
-33.1846 268.468 277.005
-34.5306 267.519 278.146
-35.8721 266.559 279.284
-37.2092 265.59 280.42
-38.5419 264.612 281.552
-39.8701 263.624 282.682
-41.1939 262.627 283.809
-42.5132 261.621 284.933
-43.828 260.605 286.053
-45.1383 259.581 287.171
-46.4442 258.548 288.286
-47.7456 257.505 289.398
-49.0426 256.454 290.507
-50.335 255.395 291.612
-51.623 254.326 292.715
-52.9065 253.249 293.814
-54.1855 252.164 294.911
-55.4601 251.07 296.004
-56.7302 249.968 297.094
-57.9959 248.858 298.181
-59.2571 247.739 299.264
-60.5139 246.612 300.345
-61.7663 245.478 301.422
-63.0142 244.335 302.496
-64.2577 243.184 303.566
-65.4968 242.026 304.633
-66.7315 240.86 305.697
-67.9618 239.686 306.757
-69.1878 238.505 307.814
-70.4094 237.316 308.868
-71.6267 236.119 309.918
-72.8396 234.915 310.965
-74.0482 233.704 312.008
-75.2525 232.485 313.048
-76.4525 231.26 314.084
-77.6483 230.027 315.116
-78.8397 228.787 316.145
-80.027 227.539 317.17
-81.21 226.285 318.192
-82.3888 225.024 319.21
-83.5634 223.756 320.224
-84.7339 222.482 321.235
-85.9001 221.2 322.241
-87.0623 219.912 323.244
-88.2203 218.617 324.243
-89.3742 217.316 325.239
-90.5241 216.008 326.23
-91.6699 214.693 327.218
-92.8116 213.372 328.201
-93.9493 212.045 329.181
-95.083 210.711 330.157
-96.2128 209.371 331.128
-97.3385 208.025 332.096
-98.4604 206.672 333.059
-99.5783 205.313 334.019
-100.692 203.949 334.974
-101.802 202.578 335.925
-102.909 201.201 336.872
-104.011 199.818 337.815
-105.11 198.43 338.753
-106.204 197.035 339.687
-107.295 195.634 340.617
-108.383 194.228 341.542
-109.466 192.816 342.463
-110.546 191.398 343.379
-111.622 189.975 344.291
-112.695 188.546 345.199
-113.763 187.111 346.102
-114.828 185.67 347
-115.89 184.225 347.894
-116.948 182.773 348.783
-118.002 181.316 349.667
-119.053 179.854 350.546
-120.1 178.386 351.421
-121.144 176.913 352.291
-122.184 175.435 353.156
-123.221 173.951 354.016
-124.254 172.462 354.871
-125.284 170.968 355.722
-126.31 169.468 356.567
-127.333 167.964 357.407
-128.353 166.454 358.242
-129.369 164.939 359.072
-130.382 163.419 359.896
-131.391 161.894 360.715
-132.397 160.364 361.529
-133.4 158.829 362.338
-134.4 157.289 363.141
-135.396 155.744 363.939
-136.389 154.194 364.731
-137.379 152.639 365.518
-138.365 151.079 366.299
-139.348 149.515 367.075
-140.328 147.945 367.845
-141.305 146.371 368.609
-142.278 144.792 369.367
-143.249 143.208 370.12
-144.216 141.62 370.867
-145.18 140.027 371.607
-146.141 138.429 372.342
-147.098 136.826 373.071
-148.053 135.219 373.793
-149.004 133.608 374.51
-149.952 131.991 375.22
-150.897 130.37 375.924
-151.839 128.745 376.621
-152.778 127.115 377.313
-153.714 125.48 377.998
-154.646 123.841 378.676
-155.576 122.198 379.348
-156.502 120.55 380.013
-157.425 118.898 380.672
-158.345 117.241 381.324
-159.262 115.58 381.969
-160.176 113.915 382.607
-161.087 112.245 383.238
-161.994 110.571 383.863
-162.899 108.893 384.48
-163.8 107.21 385.091
-164.698 105.523 385.694
-165.593 103.832 386.29
-166.485 102.137 386.879
-167.374 100.438 387.46
-168.259 98.7339 388.034
-169.142 97.0262 388.601
-170.021 95.3143 389.16
-170.897 93.5983 389.712
-171.77 91.8783 390.256
-172.639 90.1542 390.792
-173.505 88.4261 391.321
-174.368 86.6939 391.841
-175.228 84.9578 392.354
-176.084 83.2178 392.859
-176.937 81.4738 393.356
-177.787 79.7259 393.844
-178.633 77.9741 394.325
-179.476 76.2184 394.797
-180.316 74.4589 395.261
-181.152 72.6956 395.717
-181.985 70.9285 396.164
-182.814 69.1576 396.603
-183.64 67.383 397.033
-184.462 65.6047 397.454
-185.281 63.8228 397.867
-186.096 62.0371 398.271
-186.907 60.2479 398.666
-187.715 58.455 399.052
-188.519 56.6586 399.43
-189.32 54.8587 399.798
-190.116 53.0552 400.157
-190.909 51.2483 400.507
-191.698 49.438 400.847
-192.484 47.6242 401.179
-193.265 45.8071 401.501
-194.042 43.9866 401.813

2.00399 0.00629897 0.000915674
4.00791 0.0252456 0.00364094
6.01166 0.0569143 0.00814344
8.01516 0.10138 0.0143912
10.0183 0.158716 0.0223527
12.0211 0.228997 0.0319967
14.0233 0.312298 0.0432923
16.025 0.408693 0.0562092
18.0259 0.518254 0.0707173
20.0261 0.641056 0.086787
22.0254 0.777173 0.104389
24.0237 0.926677 0.123494
26.021 1.08964 0.144075
28.0171 1.26614 0.166102
30.0119 1.45624 0.189548
32.0054 1.66002 0.214386
33.9974 1.87755 0.24059
35.9878 2.10889 0.268131
37.9765 2.35413 0.296985
39.9634 2.61333 0.327125
41.9485 2.88655 0.358526
43.9315 3.17388 0.391164
45.9124 3.47537 0.425013
47.8911 3.7911 0.460049
49.8674 4.12113 0.496249
51.8412 4.46554 0.53359
53.8125 4.82437 0.572048
55.781 5.19771 0.6116
57.7467 5.58562 0.652226
59.7094 5.98815 0.693902
61.669 6.40537 0.736607
63.6254 6.83735 0.780321
65.5785 7.28414 0.825022
67.528 7.74581 0.870691
69.474 8.22241 0.917308
71.4162 8.714 0.964854
73.3545 9.22064 1.01331
75.2887 9.74238 1.06265
77.2188 10.2793 1.11287
79.1446 10.8314 1.16395
81.0659 11.3988 1.21586
82.9826 11.9815 1.26859
84.8945 12.5795 1.32212
86.8015 13.193 1.37645
88.7035 13.8219 1.43154
90.6002 14.4664 1.48739
92.4916 15.1263 1.54399
94.3774 15.8019 1.60131
96.2576 16.4931 1.65934
98.1318 17.2 1.71807
100 17.9226 1.77749
101.862 18.6609 1.83758
103.718 19.415 1.89833
105.567 20.1849 1.95972
107.41 20.9706 2.02176
109.245 21.7722 2.08442
111.074 22.5897 2.14769
112.895 23.4231 2.21156
114.709 24.2725 2.27603
116.515 25.1378 2.34108
118.314 26.0191 2.40671
120.105 26.9163 2.4729
121.887 27.8296 2.53964
123.662 28.7589 2.60694
125.427 29.7042 2.67477
127.184 30.6655 2.74314
128.933 31.6429 2.81203
130.672 32.6363 2.88144
132.401 33.6457 2.95136
134.122 34.6711 3.02179
135.832 35.7126 3.09272
137.533 36.77 3.16415
139.224 37.8435 3.23607
140.904 38.9329 3.30848
142.574 40.0383 3.38137
144.234 41.1596 3.45474
145.882 42.2968 3.52858
147.519 43.45 3.6029
149.145 44.6189 3.67769
150.76 45.8037 3.75295
152.363 47.0043 3.82868
153.954 48.2206 3.90488
155.532 49.4526 3.98153
157.099 50.7002 4.05866
158.652 51.9635 4.13624
160.193 53.2422 4.2143
161.721 54.5365 4.29281
163.236 55.8462 4.3718
164.737 57.1713 4.45125
166.225 58.5116 4.53116
167.699 59.8672 4.61155
169.159 61.2379 4.69241
170.604 62.6236 4.77375
172.035 64.0244 4.85556
173.451 65.44 4.93786
174.852 66.8704 5.02064
176.238 68.3156 5.10391
177.608 69.7753 5.18767
178.963 71.2496 5.27193
180.302 72.7382 5.35669
181.625 74.2412 5.44196
182.931 75.7583 5.52775
184.221 77.2894 5.61405
185.495 78.8345 5.70087
186.751 80.3934 5.78823
187.99 81.9659 5.87612
189.212 83.552 5.96456
190.416 85.1514 6.05355
191.602 86.7642 6.1431
192.77 88.39 6.23322
193.92 90.0287 6.32391
195.051 91.6803 6.41519
196.164 93.3444 6.50706
197.258 95.021 6.59953
198.333 96.71 6.6926
199.388 98.411 6.7863
200.424 100.124 6.88063
201.44 101.849 6.97559
202.436 103.585 7.0712
203.412 105.333 7.16747
204.367 107.091 7.26441
205.302 108.861 7.36203
206.217 110.642 7.46034
207.11 112.433 7.55934
207.982 114.235 7.65906
208.833 116.046 7.75951
209.662 117.868 7.86068
210.47 119.699 7.96261
211.255 121.54 8.06529
212.019 123.39 8.16874
212.76 125.248 8.27297
213.479 127.116 8.378
214.176 128.992 8.48383
214.849 130.877 8.59048
215.5 132.769 8.69796
216.128 134.669 8.80629
216.732 136.577 8.91547
217.313 138.491 9.02552
217.87 140.413 9.13646
218.404 142.342 9.24829
218.914 144.276 9.36102
219.4 146.217 9.47468
219.861 148.164 9.58927
220.299 150.116 9.70481
220.712 152.074 9.82131
221.1 154.036 9.93878
221.464 156.003 10.0572
221.804 157.975 10.1767
222.118 159.95 10.2972
222.407 161.929 10.4187
222.672 163.912 10.5412
222.911 165.898 10.6648
223.125 167.887 10.7894
223.314 169.878 10.9152
223.477 171.871 11.042
223.615 173.866 11.1699
223.727 175.863 11.299
223.814 177.861 11.4291
223.875 179.859 11.5605
223.91 181.859 11.6929
223.919 183.858 11.8266
223.903 185.858 11.9614
223.861 187.857 12.0974
223.793 189.855 12.2346
223.699 191.852 12.373
223.579 193.847 12.5127
223.433 195.841 12.6536
223.261 197.832 12.7957
223.063 199.822 12.9391
222.839 201.808 13.0838
222.589 203.791 13.2297
222.313 205.77 13.377
222.011 207.746 13.5256
221.684 209.717 13.6754
221.33 211.684 13.8266
220.951 213.646 13.9792
220.546 215.602 14.133
220.115 217.553 14.2883
219.658 219.498 14.4449
219.176 221.437 14.6028
218.668 223.369 14.7622
218.134 225.294 14.9229
217.576 227.211 15.0851
216.991 229.121 15.2486
216.382 231.023 15.4136
215.747 232.917 15.5799
215.088 234.802 15.7477
214.403 236.678 15.917
213.694 238.544 16.0876
212.96 240.401 16.2597
212.201 242.247 16.4333
211.418 244.084 16.6083
210.61 245.909 16.7848
209.779 247.724 16.9628
208.923 249.527 17.1422
208.043 251.319 17.3231
207.14 253.098 17.5055
206.213 254.865 17.6894
205.263 256.62 17.8747
204.289 258.362 18.0615
203.293 260.09 18.2499
202.273 261.805 18.4397
201.231 263.506 18.631
200.167 265.193 18.8238
199.08 266.865 19.0182
197.971 268.523 19.214
196.84 270.166 19.4113
195.688 271.793 19.6101
194.514 273.405 19.8104
193.319 275.001 20.0122
192.103 276.581 20.2155
190.867 278.144 20.4203
189.609 279.691 20.6266
188.332 281.221 20.8344
187.034 282.734 21.0436
185.717 284.23 21.2544
184.38 285.707 21.4666
183.024 287.167 21.6803
181.649 288.609 21.8955
180.255 290.033 22.1122
178.843 291.438 22.3303
177.412 292.824 22.5499
175.964 294.191 22.7709
174.498 295.539 22.9934
173.014 296.867 23.2173
171.514 298.176 23.4427
169.996 299.465 23.6695
168.462 300.734 23.8977
166.912 301.983 24.1273
165.346 303.212 24.3584
163.764 304.42 24.5908
162.166 305.607 24.8246
160.554 306.774 25.0598
158.927 307.919 25.2964
157.285 309.044 25.5343
155.629 310.147 25.7736
153.959 311.228 26.0142
152.276 312.288 26.2562
150.579 313.327 26.4994
148.869 314.343 26.744
147.147 315.338 26.9899
145.412 316.31 27.2371
143.666 317.261 27.4855
141.907 318.189 27.7352
140.137 319.094 27.9862
138.356 319.977 28.2383
136.564 320.838 28.4917
134.762 321.676 28.7463
132.949 322.492 29.0021
131.126 323.284 29.2591
129.294 324.054 29.5173
127.453 324.801 29.7766
125.602 325.525 30.037
123.743 326.226 30.2986
121.876 326.904 30.5612
120 327.559 30.825
118.117 328.19 31.0898
116.226 328.799 31.3557
114.329 329.385 31.6226
112.424 329.947 31.8905
110.513 330.486 32.1595
108.595 331.002 32.4294
106.672 331.495 32.7003
104.742 331.965 32.9722
102.808 332.411 33.245
100.868 332.834 33.5187
98.924 333.234 33.7933
96.9752 333.611 34.0688
95.0221 333.965 34.3452
93.0652 334.296 34.6224
91.1046 334.604 34.9004
89.1406 334.889 35.1792
87.1736 335.151 35.4589
85.2037 335.39 35.7393
83.2313 335.606 36.0204
81.2567 335.799 36.3023
79.2801 335.969 36.5849
77.3017 336.117 36.8681
75.3219 336.242 37.1521
73.3408 336.345 37.4367
71.3589 336.425 37.7219
69.3762 336.483 38.0077
67.3931 336.518 38.2941
65.4098 336.531 38.581
63.4265 336.522 38.8686
61.4436 336.491 39.1566
59.4612 336.438 39.4451
57.4795 336.363 39.7341
55.4989 336.266 40.0236
53.5195 336.148 40.3135
51.5416 336.008 40.6038
49.5654 335.846 40.8945
47.5911 335.663 41.1855
45.619 335.459 41.4769
43.6492 335.234 41.7687
41.6819 334.987 42.0607
39.7174 334.72 42.353
37.7559 334.432 42.6456
35.7976 334.123 42.9384
33.8427 333.794 43.2314
31.8913 333.445 43.5246
29.9437 333.075 43.8179
28.0001 332.685 44.1114
26.0606 332.274 44.405
24.1255 331.844 44.6987
22.1948 331.395 44.9925
20.2688 330.925 45.2863
18.3477 330.437 45.5801
16.4316 329.928 45.8739
14.5207 329.401 46.1677
12.6151 328.855 46.4615
10.715 328.289 46.7551
8.82066 327.705 47.0487
6.93209 327.103 47.3421
5.04949 326.481 47.6354
3.17301 325.842 47.9285
1.30279 325.184 48.2215
-0.561032 324.509 48.5141
-2.41832 323.815 48.8066
-4.26894 323.104 49.0987
-6.11275 322.375 49.3906
-7.94964 321.629 49.6821
-9.77948 320.865 49.9733
-11.6021 320.085 50.2642
-13.4175 319.287 50.5546
-15.2255 318.473 50.8445
-17.0259 317.642 51.1341
-18.8188 316.794 51.4231
-20.6039 315.93 51.7117
-22.3811 315.05 51.9997
-24.1504 314.154 52.2871
-25.9117 313.243 52.574
-27.6649 312.315 52.8603
-29.4098 311.372 53.1459
-31.1465 310.413 53.4309
-32.8747 309.439 53.7151
-34.5945 308.45 53.9987
-36.3057 307.446 54.2815
-38.0083 306.428 54.5635
-39.7022 305.394 54.8448
-41.3872 304.347 55.1252
-43.0635 303.285 55.4047
-44.7308 302.208 55.6834
-46.3891 301.118 55.9612
-48.0384 300.014 56.238
-49.6786 298.896 56.5139
-51.3096 297.764 56.7887
-52.9314 296.619 57.0626
-54.5439 295.461 57.3354
-56.1471 294.29 57.6071
-57.7409 293.106 57.8777
-59.3253 291.908 58.1471
-60.9003 290.699 58.4155
-62.4657 289.476 58.6826
-64.0216 288.242 58.9484
-65.5679 286.995 59.2131
-67.1046 285.736 59.4764
-68.6317 284.465 59.7384
-70.149 283.182 59.9991
-71.6567 281.887 60.2584
-73.1546 280.581 60.5164
-74.6428 279.264 60.7728
-76.1211 277.935 61.0278
-77.5897 276.595 61.2814
-79.0484 275.244 61.5333
-80.4973 273.883 61.7838
-81.9362 272.51 62.0326
-83.3654 271.127 62.2798
-84.7846 269.734 62.5254
-86.1939 268.33 62.7692
-87.5933 266.916 63.0114
-88.9827 265.493 63.2518
-90.3623 264.059 63.4904
-91.7318 262.615 63.7272
-93.0915 261.162 63.9622
-94.4411 259.699 64.1953
-95.7809 258.226 64.4264
-97.1106 256.745 64.6557
-98.4304 255.254 64.8829
-99.7403 253.754 65.1081
-101.04 252.245 65.3313
-102.33 250.728 65.5524
-103.61 249.201 65.7713
-104.88 247.666 65.9881
-106.14 246.123 66.2027
-107.391 244.571 66.4151
-108.631 243.011 66.6253
-109.861 241.443 66.8331
-111.082 239.867 67.0386
-112.293 238.283 67.2417
-113.493 236.691 67.4425
-114.684 235.092 67.6407
-115.866 233.485 67.8365
-117.037 231.87 68.0298
-118.198 230.248 68.2206
-119.35 228.619 68.4087
-120.492 226.983 68.5942
-121.624 225.34 68.7771
-122.747 223.689 68.9572
-123.859 222.032 69.1346
-124.963 220.368 69.3092
-126.056 218.697 69.481
-127.14 217.02 69.6499
-128.214 215.337 69.8159
-129.278 213.647 69.9789
-130.333 211.95 70.139
-131.379 210.248 70.2961
-132.415 208.539 70.4501
-133.441 206.825 70.601
-134.458 205.104 70.7487
-135.466 203.378 70.8932
-136.464 201.646 71.0345
-137.452 199.908 71.1726
-138.432 198.165 71.3073
-139.401 196.416 71.4386
-140.362 194.662 71.5666
-141.313 192.903 71.6911
-142.255 191.138 71.8121
-143.188 189.368 71.9296
-144.112 187.593 72.0434
-145.026 185.814 72.1537
-145.932 184.029 72.2603
-146.828 182.239 72.3632
-147.715 180.445 72.4623
-148.593 178.646 72.5576
-149.462 176.843 72.649
-150.322 175.035 72.7366
-151.173 173.222 72.8202
-152.015 171.406 72.8998
-152.848 169.584 72.9754
-153.672 167.759 73.0468
-154.487 165.93 73.1142
-155.294 164.096 73.1773
-156.092 162.259 73.2363
-156.881 160.418 73.2909
-157.661 158.572 73.3412
-158.432 156.723 73.3871
-159.195 154.871 73.4286
-159.949 153.014 73.4656
-160.695 151.154 73.4981
-161.432 149.291 73.526
-162.16 147.424 73.5492
-162.88 145.554 73.5678
-163.591 143.681 73.5816
-164.294 141.804 73.5907
-164.988 139.924 73.5949
-165.674 138.041 73.5942
-166.351 136.155 73.5885
-167.02 134.266 73.5779
-167.681 132.374 73.5622
-168.333 130.479 73.5414
-168.977 128.582 73.5154
-169.613 126.682 73.4842
-170.241 124.779 73.4478
-170.86 122.873 73.406
-171.471 120.965 73.3588
-172.074 119.055 73.3062
-172.669 117.142 73.2481
-173.255 115.227 73.1845
-173.834 113.309 73.1153
-174.404 111.39 73.0404
-174.967 109.468 72.9598
-175.521 107.544 72.8734
-176.067 105.618 72.7812
-176.606 103.69 72.6831
-177.136 101.76 72.579
-177.658 99.8289 72.469
-178.173 97.8955 72.3529
-178.679 95.9604 72.2307
-179.178 94.0237 72.1023
-179.668 92.0854 71.9676
-180.151 90.1455 71.8267
-180.626 88.2042 71.6794
-181.094 86.2615 71.5257
-181.553 84.3175 71.3655
-182.005 82.3721 71.1988
-182.448 80.4256 71.0255
-182.885 78.4779 70.8456
-183.313 76.5291 70.6589
-183.733 74.5793 70.4655
-184.146 72.6286 70.2652
-184.552 70.6769 70.058
-184.949 68.7245 69.8439
-185.339 66.7712 69.6228
-185.721 64.8173 69.3945
-186.096 62.8627 69.1592
-186.463 60.9076 68.9166
-186.822 58.9519 68.6668
-187.174 56.9959 68.4097
-187.518 55.0394 68.1451
-187.854 53.0827 67.8732
-188.183 51.1257 67.5937
-188.505 49.1686 67.3066
-188.818 47.2113 67.012
-189.125 45.2541 66.7096
-189.423 43.2969 66.3995
-189.714 41.3398 66.0815
-189.998 39.3829 65.7557
-190.274 37.4263 65.4219
-190.543 35.47 65.0801

2.004 -0.00162566 -0.00562769
4.00792 -0.00643382 -0.0225755
6.01171 -0.0143209 -0.0509403
8.01529 -0.0251832 -0.0908181
10.0186 -0.0389163 -0.142305
12.0215 -0.0554157 -0.205495
14.024 -0.0745766 -0.280483
16.026 -0.0962937 -0.367362
18.0275 -0.120461 -0.466226
20.0282 -0.146974 -0.577167
22.0282 -0.175725 -0.700277
24.0274 -0.206607 -0.835645
26.0257 -0.239515 -0.983363
28.023 -0.274339 -1.14352
30.0192 -0.310974 -1.3162
32.0143 -0.349311 -1.5015
34.0081 -0.389241 -1.6995
36.0005 -0.430656 -1.91029
37.9915 -0.473446 -2.13395
39.981 -0.517503 -2.37057
41.9689 -0.562717 -2.62022
43.9551 -0.608978 -2.883
45.9394 -0.656175 -3.15898
47.9219 -0.704198 -3.44824
49.9023 -0.752935 -3.75087
51.8806 -0.802276 -4.06694
53.8567 -0.852109 -4.39652
55.8304 -0.902322 -4.73969
57.8018 -0.952802 -5.09654
59.7706 -1.00344 -5.46712
61.7367 -1.05411 -5.85151
63.7001 -1.10472 -6.24979
65.6606 -1.15514 -6.66201
67.6181 -1.20527 -7.08826
69.5725 -1.25498 -7.52859
71.5237 -1.30416 -7.98307
73.4715 -1.35271 -8.45177
75.4158 -1.40049 -8.93475
77.3566 -1.44741 -9.43206
79.2936 -1.49334 -9.94376
81.2268 -1.53817 -10.4699
83.156 -1.58179 -11.0106
85.0811 -1.62406 -11.5658
87.0019 -1.66489 -12.1357
88.9184 -1.70416 -12.7202
90.8303 -1.74174 -13.3194
92.7376 -1.77752 -13.9334
94.6401 -1.81139 -14.5622
96.5377 -1.84322 -15.2058
98.4302 -1.87291 -15.8643
100.317 -1.90033 -16.5378
102.199 -1.92536 -17.2262
104.076 -1.94789 -17.9296
105.946 -1.9678 -18.648
107.811 -1.98498 -19.3815
109.67 -1.9993 -20.1301
111.523 -2.01065 -20.8938
113.369 -2.0189 -21.6726
115.209 -2.02396 -22.4666
117.043 -2.02568 -23.2757
118.869 -2.02397 -24.1001
120.689 -2.01869 -24.9396
122.502 -2.00974 -25.7944
124.307 -1.99699 -26.6643
126.105 -1.98033 -27.5495
127.895 -1.95964 -28.45
129.677 -1.93481 -29.3656
131.452 -1.90571 -30.2965
133.218 -1.87224 -31.2425
134.976 -1.83426 -32.2038
136.725 -1.79168 -33.1803
138.466 -1.74438 -34.172
140.198 -1.69223 -35.1788
141.921 -1.63512 -36.2007
143.635 -1.57294 -37.2378
145.339 -1.50558 -38.2899
147.034 -1.43292 -39.3571
148.719 -1.35484 -40.4393
150.393 -1.27124 -41.5365
152.058 -1.182 -42.6486
153.712 -1.08701 -43.7756
155.356 -0.986165 -44.9175
156.989 -0.879344 -46.0741
158.611 -0.766442 -47.2455
160.222 -0.647349 -48.4316
161.822 -0.521956 -49.6322
163.41 -0.390157 -50.8475
164.986 -0.251843 -52.0771
166.551 -0.106908 -53.3212
168.103 0.0447527 -54.5796
169.643 0.203244 -55.8523
171.17 0.36867 -57.1391
172.685 0.541133 -58.4399
174.186 0.720734 -59.7548
175.675 0.907576 -61.0835
177.15 1.10176 -62.426
178.612 1.30337 -63.7821
180.059 1.51253 -65.1518
181.493 1.72931 -66.5349
182.913 1.95383 -67.9314
184.318 2.18616 -69.341
185.709 2.42641 -70.7637
187.085 2.67466 -72.1994
188.446 2.931 -73.6479
189.792 3.19553 -75.109
191.122 3.46833 -76.5826
192.437 3.74948 -78.0687
193.736 4.03907 -79.5669
195.019 4.33719 -81.0772
196.286 4.64391 -82.5995
197.536 4.95931 -84.1334
198.77 5.28347 -85.6789
199.987 5.61647 -87.2359
201.187 5.95838 -88.804
202.37 6.30927 -90.3832
203.535 6.66921 -91.9732
204.683 7.03827 -93.5739
205.813 7.41653 -95.1851
206.925 7.80404 -96.8065
208.019 8.20086 -98.438
209.095 8.60707 -100.079
210.152 9.0227 -101.73
211.19 9.44784 -103.391
212.21 9.88252 -105.06
213.21 10.3268 -106.739
214.192 10.7807 -108.426
215.153 11.2444 -110.122
216.096 11.7177 -111.826
217.018 12.2009 -113.539
217.921 12.6939 -115.259
218.803 13.1968 -116.986
219.665 13.7095 -118.721
220.507 14.2322 -120.463
221.328 14.7649 -122.212
222.129 15.3076 -123.967
222.908 15.8603 -125.728
223.667 16.423 -127.496
224.404 16.9959 -129.269
225.12 17.5788 -131.048
225.815 18.1718 -132.831
226.488 18.775 -134.62
227.139 19.3883 -136.413
227.768 20.0117 -138.211
228.376 20.6453 -140.012
228.961 21.289 -141.817
229.525 21.9429 -143.626
230.066 22.6069 -145.438
230.584 23.2811 -147.252
231.08 23.9654 -149.069
231.553 24.6598 -150.889
232.004 25.3644 -152.71
232.432 26.0791 -154.533
232.837 26.8038 -156.356
233.219 27.5386 -158.181
233.578 28.2834 -160.007
233.914 29.0383 -161.833
234.227 29.8031 -163.658
234.516 30.5779 -165.484
234.783 31.3625 -167.308
235.025 32.1571 -169.132
235.245 32.9615 -170.954
235.441 33.7757 -172.775
235.614 34.5996 -174.593
235.763 35.4332 -176.41
235.888 36.2765 -178.223
235.991 37.1294 -180.034
236.069 37.9918 -181.841
236.124 38.8636 -183.645
236.155 39.7449 -185.444
236.163 40.6355 -187.239
236.148 41.5355 -189.03
236.108 42.4446 -190.815
236.046 43.3628 -192.595
235.959 44.2902 -194.37
235.85 45.2265 -196.138
235.716 46.1717 -197.9
235.56 47.1258 -199.656
235.38 48.0886 -201.404
235.177 49.06 -203.145
234.95 50.04 -204.878
234.7 51.0285 -206.604
234.427 52.0254 -208.32
234.132 53.0305 -210.029
233.813 54.0439 -211.728
233.471 55.0653 -213.418
233.107 56.0947 -215.098
232.719 57.132 -216.769
232.31 58.1771 -218.429
231.877 59.2298 -220.078
231.423 60.2902 -221.717
230.946 61.3579 -223.344
230.446 62.433 -224.96
229.925 63.5153 -226.564
229.382 64.6047 -228.156
228.817 65.7011 -229.736
228.231 66.8044 -231.302
227.623 67.9144 -232.856
226.994 69.0311 -234.397
226.344 70.1542 -235.924
225.672 71.2837 -237.437
224.98 72.4195 -238.936
224.267 73.5614 -240.42
223.534 74.7093 -241.89
222.78 75.863 -243.345
222.007 77.0225 -244.785
221.213 78.1876 -246.209
220.399 79.3581 -247.618
219.566 80.534 -249.01
218.714 81.7151 -250.387
217.842 82.9013 -251.747
216.952 84.0924 -253.09
216.043 85.2883 -254.416
215.115 86.4889 -255.726
214.169 87.694 -257.017
213.205 88.9035 -258.292
212.223 90.1172 -259.548
211.224 91.3351 -260.787
210.207 92.5569 -262.007
209.173 93.7826 -263.209
208.122 95.012 -264.392
207.055 96.245 -265.557
205.971 97.4814 -266.702
204.871 98.7211 -267.829
203.755 99.9639 -268.936
202.623 101.21 -270.024
201.476 102.459 -271.092
200.313 103.71 -272.14
199.136 104.964 -273.168
197.945 106.221 -274.176
196.738 107.48 -275.164
195.518 108.741 -276.132
194.284 110.004 -277.079
193.036 111.269 -278.006
191.775 112.536 -278.912
190.501 113.805 -279.797
189.215 115.075 -280.661
187.915 116.347 -281.504
186.604 117.62 -282.326
185.281 118.894 -283.126
183.945 120.17 -283.906
182.599 121.446 -284.664
181.242 122.723 -285.4
179.873 124 -286.115
178.494 125.279 -286.809
177.105 126.557 -287.48
175.706 127.836 -288.13
174.297 129.116 -288.758
172.879 130.395 -289.365
171.451 131.674 -289.949
170.015 132.953 -290.512
168.57 134.232 -291.053
167.117 135.511 -291.572
165.655 136.789 -292.069
164.186 138.067 -292.544
162.71 139.344 -292.996
161.226 140.62 -293.427
159.735 141.895 -293.836
158.238 143.17 -294.224
156.734 144.443 -294.589
155.224 145.715 -294.932
153.708 146.986 -295.253
152.187 148.256 -295.552
150.66 149.524 -295.83
149.129 150.79 -296.085
147.592 152.055 -296.319
146.051 153.319 -296.531
144.506 154.58 -296.721
142.956 155.84 -296.89
141.403 157.098 -297.037
139.847 158.354 -297.162
138.287 159.608 -297.266
136.724 160.86 -297.349
135.158 162.109 -297.41
133.59 163.356 -297.449
132.02 164.601 -297.468
130.448 165.844 -297.465
128.874 167.084 -297.442
127.298 168.321 -297.397
125.721 169.556 -297.331
124.143 170.789 -297.245
122.564 172.018 -297.138
120.985 173.245 -297.01
119.405 174.47 -296.862
117.826 175.691 -296.693
116.246 176.909 -296.504
114.666 178.125 -296.295
113.087 179.338 -296.066
111.509 180.547 -295.816
109.932 181.754 -295.547
108.356 182.957 -295.258
106.781 184.158 -294.95
105.208 185.355 -294.622
103.637 186.549 -294.274
102.067 187.74 -293.907
100.5 188.928 -293.522
98.9351 190.113 -293.117
97.3727 191.294 -292.693
95.8131 192.472 -292.25
94.2564 193.647 -291.789
92.7028 194.818 -291.31
91.1524 195.986 -290.812
89.6056 197.151 -290.296
88.0623 198.313 -289.762
86.5228 199.471 -289.21
84.9873 200.626 -288.64
83.456 201.777 -288.053
81.9289 202.925 -287.448
80.4063 204.07 -286.826
78.8883 205.212 -286.186
77.375 206.35 -285.53
75.8667 207.485 -284.857
74.3634 208.616 -284.167
72.8653 209.744 -283.461
71.3726 210.869 -282.738
69.8854 211.99 -281.998
68.4038 213.109 -281.243
66.9279 214.224 -280.472
65.458 215.335 -279.685
63.9941 216.444 -278.882
62.5363 217.549 -278.064
61.0848 218.651 -277.231
59.6396 219.75 -276.382
58.201 220.846 -275.518
56.7691 221.938 -274.64
55.3438 223.028 -273.747
53.9255 224.114 -272.839
52.514 225.198 -271.917
51.1097 226.278 -270.981
49.7125 227.355 -270.031
48.3226 228.43 -269.066
46.9401 229.501 -268.088
45.565 230.57 -267.097
44.1975 231.636 -266.092
42.8377 232.699 -265.074
41.4856 233.759 -264.042
40.1413 234.817 -262.998
38.8049 235.872 -261.941
37.4766 236.924 -260.872
36.1563 237.974 -259.789
34.8441 239.021 -258.695
33.5402 240.066 -257.588
32.2446 241.108 -256.47
30.9574 242.148 -255.34
29.6786 243.186 -254.198
28.4083 244.221 -253.044
27.1467 245.254 -251.879
25.8936 246.285 -250.703
24.6493 247.313 -249.516
23.4137 248.34 -248.318
22.1869 249.364 -247.109
20.969 250.387 -245.889
19.7601 251.408 -244.659
18.5601 252.427 -243.419
17.3691 253.444 -242.169
16.1873 254.459 -240.909
15.0145 255.473 -239.639
13.851 256.485 -238.359
12.6966 257.496 -237.07
11.5515 258.505 -235.771
10.4157 259.513 -234.463
9.28928 260.519 -233.146
8.17219 261.524 -231.82
7.06451 262.528 -230.486
5.96626 263.531 -229.142
4.8775 264.532 -227.791
3.79823 265.533 -226.43
2.7285 266.533 -225.062
1.66834 267.531 -223.686
0.617754 268.529 -222.301
-0.423214 269.527 -220.909
-1.45455 270.523 -219.51
-2.47622 271.519 -218.103
-3.48821 272.515 -216.688
-4.4905 273.51 -215.266
-5.48307 274.505 -213.838
-6.46591 275.499 -212.402
-7.43899 276.493 -210.959
-8.40231 277.487 -209.51
-9.35584 278.481 -208.055
-10.2996 279.475 -206.593
-11.2335 280.47 -205.125
-12.1576 281.464 -203.65
-13.0719 282.458 -202.17
-13.9764 283.453 -200.684
-14.871 284.448 -199.192
-15.7558 285.444 -197.695
-16.6307 286.44 -196.192
-17.4957 287.437 -194.684
-18.3509 288.435 -193.171
-19.1962 289.433 -191.653
-20.0317 290.432 -190.13
-20.8573 291.432 -188.602
-21.673 292.433 -187.07
-22.4788 293.436 -185.533
-23.2748 294.439 -183.992
-24.061 295.444 -182.446
-24.8372 296.45 -180.896
-25.6036 297.457 -179.343
-26.3602 298.466 -177.785
-27.1069 299.477 -176.224
-27.8437 300.489 -174.66
-28.5708 301.503 -173.091
-29.288 302.519 -171.52
-29.9954 303.537 -169.945
-30.6929 304.557 -168.367
-31.3807 305.578 -166.786
-32.0587 306.602 -165.203
-32.7269 307.629 -163.617
-33.3854 308.657 -162.028
-34.0341 309.688 -160.436
-34.673 310.722 -158.843
-35.3022 311.758 -157.247
-35.9217 312.796 -155.649
-36.5315 313.838 -154.049
-37.1316 314.882 -152.447
-37.7221 315.929 -150.844
-38.3029 316.979 -149.239
-38.874 318.032 -147.632
-39.4356 319.089 -146.025
-39.9875 320.148 -144.416
-40.5298 321.211 -142.806
-41.0626 322.277 -141.195
-41.5858 323.347 -139.583
-42.0995 324.42 -137.97
-42.6037 325.497 -136.357
-43.0984 326.578 -134.744
-43.5836 327.662 -133.13
-44.0594 328.751 -131.516
-44.5258 329.843 -129.902
-44.9827 330.939 -128.287
-45.4303 332.04 -126.673
-45.8685 333.144 -125.06
-46.2974 334.253 -123.447
-46.7169 335.366 -121.834
-47.1272 336.484 -120.222
-47.5282 337.606 -118.611
-47.92 338.733 -117
-48.3026 339.864 -115.391
-48.6759 341 -113.783
-49.0402 342.141 -112.176
-49.3953 343.287 -110.571
-49.7412 344.438 -108.967
-50.0781 345.593 -107.365
-50.406 346.754 -105.765
-50.7248 347.92 -104.167
-51.0347 349.092 -102.57
-51.3355 350.269 -100.976
-51.6275 351.451 -99.3846
-51.9105 352.638 -97.7954
-52.1847 353.831 -96.2088
-52.45 355.03 -94.6249
-52.7065 356.235 -93.044
-52.9542 357.445 -91.466
-53.1932 358.661 -89.8911
-53.4235 359.883 -88.3195
-53.645 361.111 -86.7513
-53.8579 362.345 -85.1866
-54.0623 363.585 -83.6256
-54.258 364.831 -82.0685
-54.4452 366.083 -80.5152
-54.6238 367.342 -78.9661
-54.794 368.607 -77.4212
-54.9557 369.878 -75.8806
-55.1091 371.156 -74.3445
-55.254 372.441 -72.8131
-55.3907 373.732 -71.2864
-55.519 375.029 -69.7647
-55.6391 376.334 -68.2481
-55.751 377.645 -66.7366
-55.8547 378.963 -65.2305
-55.9502 380.287 -63.7299
-56.0377 381.619 -62.2349
-56.1171 382.958 -60.7457
-56.1885 384.303 -59.2625
-56.2519 385.656 -57.7853
-56.3074 387.016 -56.3144
-56.355 388.383 -54.8498
-56.3948 389.757 -53.3917
-56.4267 391.139 -51.9404
-56.451 392.528 -50.4958
-56.4675 393.924 -49.0583
-56.4763 395.327 -47.6278
-56.4775 396.738 -46.2047
-56.4712 398.157 -44.789
-56.4573 399.582 -43.3809
-56.436 401.016 -41.9805
-56.4072 402.457 -40.588
-56.3711 403.905 -39.2036
-56.3276 405.361 -37.8274
-56.2769 406.825 -36.4596
-56.219 408.297 -35.1003
-56.1539 409.776 -33.7498
-56.0816 411.262 -32.408
-56.0024 412.757 -31.0754
-55.9161 414.259 -29.7518
-55.8228 415.769 -28.4377
-55.7227 417.287 -27.133
-55.6158 418.813 -25.838
-55.502 420.346 -24.5529
-55.3816 421.888 -23.2777

2.00399 -0.00382719 -0.00737741
4.00783 -0.0152417 -0.0295795
6.0114 -0.0341426 -0.0667101
8.01455 -0.0604282 -0.118872
10.0171 -0.0939963 -0.186168
12.019 -0.134744 -0.268697
14.0201 -0.182568 -0.36656
16.0201 -0.237364 -0.479855
18.019 -0.299028 -0.608679
20.0166 -0.367454 -0.753128
22.0128 -0.442536 -0.913296
24.0074 -0.524168 -1.08928
26.0003 -0.612243 -1.28116
27.9912 -0.706652 -1.48905
29.9801 -0.807288 -1.71301
31.9668 -0.914041 -1.95315
33.9511 -1.0268 -2.20955
35.9329 -1.14546 -2.4823
37.9121 -1.2699 -2.77147
39.8883 -1.40002 -3.07715
41.8616 -1.5357 -3.39942
43.8317 -1.67683 -3.73836
45.7984 -1.82329 -4.09405
47.7616 -1.97497 -4.46655
49.7212 -2.13176 -4.85595
51.6769 -2.29354 -5.26231
53.6285 -2.46019 -5.68571
55.576 -2.6316 -6.12621
57.5191 -2.80765 -6.58387
59.4576 -2.98822 -7.05877
61.3914 -3.17319 -7.55097
63.3203 -3.36244 -8.06052
65.2441 -3.55585 -8.58747
67.1625 -3.7533 -9.1319
69.0756 -3.95466 -9.69384
70.983 -4.15983 -10.2734
72.8845 -4.36866 -10.8705
74.78 -4.58104 -11.4853
76.6693 -4.79685 -12.1178
78.5521 -5.01595 -12.7681
80.4284 -5.23822 -13.4361
82.2978 -5.46354 -14.122
84.1603 -5.69177 -14.8257
86.0155 -5.9228 -15.5473
87.8634 -6.15648 -16.2869
89.7036 -6.3927 -17.0443
91.536 -6.63132 -17.8198
93.3604 -6.8722 -18.6132
95.1766 -7.11523 -19.4246
96.9844 -7.36026 -20.2541
98.7835 -7.60717 -21.1015
100.574 -7.85582 -21.967
102.355 -8.10607 -22.8505
104.127 -8.3578 -23.7521
105.889 -8.61087 -24.6717
107.642 -8.86513 -25.6093
109.385 -9.12046 -26.565
111.118 -9.37672 -27.5386
112.84 -9.63377 -28.5303
114.552 -9.89147 -29.5399
116.253 -10.1497 -30.5674
117.943 -10.4083 -31.6129
119.622 -10.6671 -32.6762
121.289 -10.926 -33.7574
122.945 -11.1849 -34.8565
124.589 -11.4436 -35.9733
126.22 -11.7019 -37.1078
127.839 -11.9598 -38.26
129.446 -12.2171 -39.4298
131.04 -12.4736 -40.6171
132.621 -12.7292 -41.822
134.188 -12.9838 -43.0443
135.742 -13.2372 -44.2839
137.283 -13.4892 -45.5409
138.809 -13.7398 -46.815
140.321 -13.9888 -48.1062
141.819 -14.236 -49.4145
143.302 -14.4812 -50.7397
144.77 -14.7245 -52.0818
146.223 -14.9655 -53.4405
147.661 -15.2042 -54.8159
149.084 -15.4404 -56.2078
150.49 -15.6739 -57.6162
151.88 -15.9047 -59.0407
153.255 -16.1325 -60.4815
154.612 -16.3572 -61.9382
155.953 -16.5788 -63.4108
157.277 -16.7969 -64.8992
158.584 -17.0115 -66.4032
159.874 -17.2225 -67.9226
161.146 -17.4297 -69.4573
162.4 -17.6329 -71.0071
163.636 -17.8321 -72.5718
164.854 -18.0269 -74.1514
166.053 -18.2174 -75.7456
167.234 -18.4034 -77.3542
168.395 -18.5847 -78.977
169.538 -18.7612 -80.614
170.661 -18.9327 -82.2647
171.765 -19.0992 -83.9291
172.849 -19.2603 -85.607
173.912 -19.4162 -87.2981
174.956 -19.5664 -89.0023
175.979 -19.7111 -90.7192
176.982 -19.8499 -92.4488
177.964 -19.9828 -94.1906
178.925 -20.1096 -95.9446
179.865 -20.2302 -97.7105
180.783 -20.3444 -99.4879
181.68 -20.4522 -101.277
182.555 -20.5534 -103.077
183.409 -20.6478 -104.888
184.24 -20.7353 -106.709
185.049 -20.8158 -108.541
185.835 -20.8892 -110.382
186.599 -20.9554 -112.234
187.34 -21.0141 -114.095
188.059 -21.0654 -115.965
188.754 -21.109 -117.844
189.426 -21.1448 -119.732
190.074 -21.1728 -121.628
190.699 -21.1928 -123.532
191.301 -21.2047 -125.443
191.878 -21.2083 -127.362
192.432 -21.2036 -129.288
192.961 -21.1904 -131.221
193.467 -21.1687 -133.16
193.948 -21.1383 -135.105
194.405 -21.0992 -137.056
194.837 -21.0511 -139.012
195.244 -20.9941 -140.973
195.627 -20.928 -142.939
195.985 -20.8527 -144.91
196.319 -20.7682 -146.884
196.627 -20.6742 -148.862
196.91 -20.5708 -150.843
197.168 -20.4579 -152.827
197.401 -20.3353 -154.814
197.609 -20.203 -156.803
197.791 -20.0609 -158.793
197.948 -19.9089 -160.785
198.08 -19.7469 -162.778
198.186 -19.5749 -164.772
198.267 -19.3928 -166.766
198.322 -19.2005 -168.76
198.352 -18.998 -170.754
198.357 -18.7851 -172.746
198.336 -18.5619 -174.738
198.289 -18.3283 -176.728
198.217 -18.0841 -178.715
198.12 -17.8294 -180.701
197.997 -17.5641 -182.683
197.848 -17.2882 -184.663
197.675 -17.0016 -186.638
197.475 -16.7043 -188.61
197.251 -16.3961 -190.578
197.001 -16.0772 -192.54
196.727 -15.7474 -194.498
196.427 -15.4068 -196.45
196.102 -15.0553 -198.395
195.752 -14.6928 -200.335
195.377 -14.3194 -202.268
194.977 -13.935 -204.194
194.553 -13.5396 -206.112
194.104 -13.1332 -208.022
193.631 -12.7159 -209.924
193.133 -12.2875 -211.818
192.611 -11.848 -213.702
192.065 -11.3976 -215.577
191.495 -10.9361 -217.442
190.901 -10.4636 -219.296
190.284 -9.98014 -221.141
189.643 -9.48564 -222.974
188.978 -8.98016 -224.796
188.291 -8.4637 -226.606
187.58 -7.93629 -228.404
186.847 -7.39795 -230.189
186.091 -6.8487 -231.962
185.312 -6.28857 -233.722
184.512 -5.71759 -235.468
183.689 -5.13579 -237.2
182.844 -4.54321 -238.918
181.978 -3.93988 -240.622
181.091 -3.32586 -242.31
180.182 -2.70118 -243.984
179.252 -2.06588 -245.641
178.302 -1.42002 -247.283
177.331 -0.763652 -248.909
176.34 -0.0968246 -250.518
175.329 0.580403 -252.11
174.299 1.26797 -253.685
173.249 1.96582 -255.243
172.179 2.67389 -256.783
171.091 3.3921 -258.305
169.984 4.1204 -259.808
168.859 4.85871 -261.293
167.716 5.60695 -262.759
166.555 6.36506 -264.206
165.376 7.13295 -265.633
164.181 7.91055 -267.041
162.968 8.69777 -268.429
161.739 9.49453 -269.796
160.493 10.3007 -271.143
159.232 11.1163 -272.47
157.955 11.9412 -273.775
156.662 12.7753 -275.06
155.355 13.6184 -276.323
154.032 14.4706 -277.564
152.696 15.3316 -278.784
151.345 16.2015 -279.982
149.98 17.0801 -281.158
148.602 17.9673 -282.311
147.211 18.863 -283.442
145.808 19.7671 -284.55
144.391 20.6796 -285.635
142.963 21.6002 -286.698
141.523 22.5289 -287.737
140.072 23.4656 -288.752
138.609 24.4102 -289.745
137.136 25.3626 -290.714
135.652 26.3226 -291.659
134.159 27.2902 -292.58
132.655 28.2652 -293.477
131.142 29.2475 -294.35
129.621 30.2371 -295.2
128.09 31.2337 -296.024
126.551 32.2374 -296.825
125.005 33.2479 -297.601
123.45 34.2652 -298.353
121.889 35.2891 -299.08
120.32 36.3196 -299.782
118.745 37.3564 -300.46
117.163 38.3996 -301.113
115.576 39.449 -301.742
113.983 40.5044 -302.345
112.384 41.5658 -302.924
110.781 42.633 -303.478
109.173 43.706 -304.007
107.562 44.7845 -304.511
105.946 45.8686 -304.99
104.326 46.958 -305.445
102.703 48.0527 -305.874
101.078 49.1526 -306.279
99.4497 50.2575 -306.659
97.8193 51.3673 -307.014
96.187 52.4819 -307.344
94.553 53.6013 -307.65
92.9178 54.7252 -307.93
91.2816 55.8536 -308.186
89.6448 56.9864 -308.418
88.0076 58.1234 -308.625
86.3705 59.2646 -308.807
84.7336 60.4099 -308.965
83.0972 61.5591 -309.099
81.4618 62.7121 -309.208
79.8276 63.8688 -309.294
78.1949 65.0292 -309.355
76.5639 66.1931 -309.392
74.9351 67.3604 -309.405
73.3086 68.5311 -309.394
71.6847 69.7049 -309.359
70.0638 70.8819 -309.301
68.4462 72.062 -309.22
66.832 73.2449 -309.115
65.2216 74.4307 -308.986
63.6152 75.6192 -308.835
62.0131 76.8104 -308.66
60.4156 78.0041 -308.463
58.8229 79.2003 -308.243
57.2353 80.3989 -308
55.6531 81.5998 -307.735
54.0764 82.8029 -307.447
52.5056 84.0081 -307.137
50.9409 85.2154 -306.805
49.3825 86.4246 -306.451
47.8307 87.6357 -306.076
46.2856 88.8486 -305.679
44.7476 90.0633 -305.26
43.2168 91.2796 -304.821
41.6935 92.4974 -304.36
40.1779 93.7168 -303.878
38.6702 94.9376 -303.376
37.1706 96.1598 -302.852
35.6794 97.3832 -302.309
34.1967 98.6079 -301.745
32.7227 99.8338 -301.162
31.2577 101.061 -300.558
29.8018 102.289 -299.935
28.3552 103.518 -299.292
26.9181 104.748 -298.63
25.4908 105.978 -297.949
24.0733 107.21 -297.249
22.6658 108.442 -296.531
21.2686 109.675 -295.794
19.8818 110.909 -295.038
18.5056 112.143 -294.264
17.1401 113.378 -293.473
15.7855 114.614 -292.664
14.442 115.85 -291.837
13.1096 117.086 -290.993
11.7886 118.322 -290.132
10.4792 119.559 -289.253
9.18134 120.797 -288.359
7.8953 122.034 -287.447
6.6212 123.272 -286.519
5.35917 124.51 -285.576
4.10934 125.748 -284.616
2.87183 126.986 -283.641
1.64678 128.225 -282.65
0.434311 129.463 -281.644
-0.765461 130.702 -280.623
-1.95242 131.94 -279.587
-3.12644 133.179 -278.536
-4.28742 134.417 -277.471
-5.43526 135.656 -276.392
-6.56983 136.894 -275.299
-7.69104 138.133 -274.192
-8.7988 139.371 -273.071
-9.89299 140.609 -271.937
-10.9735 141.847 -270.79
-12.0403 143.085 -269.63
-13.0933 144.323 -268.458
-14.1323 145.56 -267.272
-15.1573 146.798 -266.075
-16.1683 148.035 -264.865
-17.165 149.272 -263.643
-18.1475 150.509 -262.41
-19.1157 151.745 -261.165
-20.0695 152.982 -259.909
-21.0088 154.218 -258.642
-21.9336 155.454 -257.365
-22.8438 156.69 -256.076
-23.7393 157.926 -254.777
-24.6201 159.161 -253.468
-25.4861 160.396 -252.149
-26.3373 161.631 -250.82
-27.1735 162.866 -249.481
-27.9948 164.101 -248.134
-28.8011 165.336 -246.776
-29.5923 166.57 -245.41
-30.3685 167.805 -244.036
-31.1295 169.039 -242.652
-31.8753 170.273 -241.26
-32.6058 171.507 -239.861
-33.3211 172.741 -238.453
-34.0211 173.974 -237.037
-34.7057 175.208 -235.614
-35.3749 176.442 -234.184
-36.0288 177.675 -232.746
-36.6671 178.909 -231.301
-37.29 180.143 -229.85
-37.8974 181.376 -228.392
-38.4892 182.61 -226.928
-39.0655 183.844 -225.458
-39.6262 185.078 -223.982
-40.1713 186.312 -222.5
-40.7008 187.546 -221.012
-41.2146 188.78 -219.52
-41.7127 190.015 -218.022
-42.1952 191.249 -216.519
-42.6619 192.484 -215.011
-43.113 193.72 -213.499
-43.5483 194.955 -211.982
-43.9679 196.191 -210.462
-44.3717 197.427 -208.937
-44.7598 198.664 -207.408
-45.1321 199.901 -205.876
-45.4886 201.138 -204.341
-45.8294 202.376 -202.802
-46.1544 203.614 -201.26
-46.4636 204.853 -199.716
-46.757 206.093 -198.169
-47.0346 207.333 -196.619
-47.2965 208.573 -195.067
-47.5425 209.815 -193.513
-47.7728 211.057 -191.957
-47.9873 212.299 -190.4
-48.186 213.543 -188.841
-48.3689 214.787 -187.281
-48.5361 216.032 -185.719
-48.6875 217.278 -184.157
-48.8232 218.525 -182.594
-48.9431 219.772 -181.03
-49.0474 221.021 -179.466
-49.1359 222.271 -177.902
-49.2086 223.521 -176.338
-49.2658 224.773 -174.774
-49.3072 226.026 -173.211
-49.333 227.28 -171.648
-49.3431 228.535 -170.085
-49.3376 229.791 -168.524
-49.3165 231.049 -166.964
-49.2798 232.308 -165.405
-49.2276 233.568 -163.847
-49.1598 234.829 -162.292
-49.0765 236.092 -160.738
-48.9776 237.356 -159.186
-48.8633 238.622 -157.637
-48.7336 239.889 -156.089
-48.5884 241.157 -154.545
-48.4279 242.427 -153.003
-48.2519 243.699 -151.464
-48.0606 244.972 -149.929
-47.854 246.247 -148.396
-47.6322 247.524 -146.868
-47.3951 248.802 -145.343
-47.1427 250.082 -143.821
-46.8752 251.364 -142.304
-46.5925 252.648 -140.792
-46.2948 253.933 -139.283
-45.9819 255.22 -137.78
-45.654 256.51 -136.281
-45.3111 257.801 -134.787
-44.9533 259.094 -133.298
-44.5805 260.389 -131.815
-44.1929 261.686 -130.337
-43.7904 262.985 -128.865
-43.3732 264.286 -127.399
-42.9412 265.589 -125.94
-42.4945 266.894 -124.486
-42.0331 268.202 -123.039
-41.5572 269.511 -121.599
-41.0667 270.823 -120.165
-40.5617 272.137 -118.739
-40.0423 273.453 -117.32
-39.5085 274.772 -115.908
-38.9604 276.092 -114.504
-38.3979 277.415 -113.108
-37.8213 278.74 -111.72
-37.2305 280.068 -110.34
-36.6256 281.398 -108.968
-36.0066 282.73 -107.605
-35.3737 284.065 -106.251
-34.7269 285.402 -104.905
-34.0662 286.742 -103.569
-33.3917 288.083 -102.242
-32.7035 289.428 -100.925
-32.0017 290.775 -99.6174
-31.2863 292.124 -98.3198
-30.5575 293.475 -97.0322
-29.8152 294.829 -95.755
-29.0595 296.186 -94.4882
-28.2906 297.545 -93.2321
-27.5085 298.907 -91.9869
-26.7133 300.271 -90.7527
-25.9051 301.637 -89.5298
-25.084 303.006 -88.3184
-24.25 304.378 -87.1186
-23.4032 305.752 -85.9306
-22.5438 307.128 -84.7547
-21.6718 308.507 -83.5909
-20.7873 309.888 -82.4396
-19.8904 311.272 -81.3009
-18.9812 312.658 -80.175
-18.0599 314.047 -79.0621
-17.1264 315.438 -77.9624
-16.181 316.832 -76.876
-15.2237 318.228 -75.8032
-14.2546 319.626 -74.7442
-13.2739 321.027 -73.6992
-12.2816 322.43 -72.6682
-11.2778 323.835 -71.6517
-10.2628 325.243 -70.6496
-9.23655 326.653 -69.6623
-8.19921 328.065 -68.6898
-7.15092 329.48 -67.7325
-6.0918 330.896 -66.7905
-5.02197 332.315 -65.864
-3.94157 333.736 -64.9531
-2.85072 335.159 -64.0581
-1.74956 336.584 -63.1791
-0.638234 338.011 -62.3164
0.483129 339.44 -61.4701
1.61438 340.871 -60.6404
2.75538 342.304 -59.8275
3.90599 343.739 -59.0316
5.06604 345.176 -58.2529
6.2354 346.614 -57.4915
7.4139 348.054 -56.7476
8.60139 349.496 -56.0215
9.79771 350.939 -55.3132
11.0027 352.384 -54.623
12.2162 353.831 -53.9511
13.438 355.278 -53.2976
14.668 356.727 -52.6627
15.906 358.178 -52.0465
17.1518 359.63 -51.4494
18.4053 361.082 -50.8713
19.6662 362.536 -50.3125
20.9344 363.991 -49.7732
22.2096 365.447 -49.2535
23.4918 366.904 -48.7536
24.7807 368.361 -48.2736
26.0761 369.82 -47.8137
27.3778 371.278 -47.3741
28.6857 372.738 -46.955
29.9995 374.198 -46.5564
31.3189 375.658 -46.1786
32.6439 377.118 -45.8216
33.9742 378.579 -45.4857


