0 13.7615 63.901 40.3092 47.3486 16.0841 59.3456 48.9223 30.1299 44.5871 28.4608 41.0288 29.6088 37.0331 17.1586 50.9281 52.7312 55.7599 51.2975 58.5846 62.8328 40.8893 52.0907 31.8949 60.3548 18.4593 55.5512 33.0672 63.9536 49.1084 37.4287 41.2518 37.5691 34.4554 46.9292 16.684 20.1132 17.0214 53.926 26.6009 28.4652 40.473 24.6931 38.433 21.4957 54.5111 19.4829 16.3185 42.1442 34.3434 
13.7615 0 69.7549 33.7087 39.6885 14.1852 45.9471 53.9099 24.3628 46.5062 14.6992 46.0164 34.5964 36.605 30.9202 43.5762 50.8323 53.8609 49.3985 57.198 60.9338 33.5375 39.0952 33.8139 58.1512 32.2208 51.406 31.6805 62.0547 54.9007 39.3478 42.9027 42.5567 40.3093 44.2021 18.6031 24.1205 12.562 54.4096 12.8394 20.8052 38.574 33.8489 26.4826 16.4031 50.3659 13.7158 21.306 28.3827 30.1981 
63.901 69.7549 0 86.9421 67.8331 65.3771 88.6621 66.9714 80.7672 58.675 75.9177 47.7189 63.7721 64.7496 46.7423 101.565 45.781 56.5529 43.0814 18.4179 20.423 91.5267 65.5579 45.9827 61.1479 55.9832 103.615 43.9353 50.9297 84.0764 42.9496 47.1271 62.6201 29.4456 55.6912 60.3185 49.9682 65.7511 23.9516 77.0277 48.9497 41.266 63.0246 96.2375 85.3967 65.3725 70.1202 50.4817 93.4731 82.4069 
40.3092 33.7087 86.9421 0 19.109 27.8908 50.4617 72.1524 28.0441 33.3635 38.7662 67.8501 68.305 34.3032 57.4678 31.3914 64.5379 67.5666 63.1042 74.3852 74.6394 29.6129 44.1201 46.0558 72.1615 58.7685 24.6132 48.8677 75.7603 88.6094 47.0908 54.2212 75.7803 57.4965 58.7359 38.3695 57.8292 32.1963 66.0888 20.8692 37.9923 52.2797 65.0023 60.1913 43.6613 24.6679 20.8263 55.0147 36.9253 9.63159 
47.3486 39.6885 67.8331 19.109 0 35.3107 58.9484 80.6391 36.5307 18.3383 49.0799 71.8778 67.8653 15.1942 55.6843 39.878 68.5656 71.5943 67.1319 55.2762 66.8987 38.0996 25.0111 31.0306 76.1892 64.9251 39.3261 29.7587 79.4659 88.1696 35.2211 35.1122 75.8255 38.3875 66.1558 30.6646 56.2508 35.6847 52.4878 37.9213 18.8834 56.3074 67.1178 66.1712 56.0917 17.8619 34.6005 54.5749 45.4119 18.1182 
16.0841 14.1852 65.3771 27.8908 35.3107 0 48.1561 47.2982 15.417 38.6248 24.4524 39.9593 45.6929 31.0708 33.2428 38.684 36.6471 39.6758 35.2134 52.6223 46.7486 28.6453 41.4445 25.9325 44.2707 34.5434 39.4671 27.1048 47.8695 65.1926 31.4664 38.5249 47.8895 35.9315 30.8451 10.7217 36.1973 10.8772 41.7033 11.6506 16.4274 24.3888 40.7772 40.6678 30.5883 38.427 7.23888 32.4026 30.5917 18.2592 
59.3456 45.9471 88.6621 50.4617 58.9484 48.1561 0 21.6907 34.6473 64.562 50.3952 40.9433 54.8989 74.1425 71.0417 30.8875 44.4233 51.8822 55.3892 81.4038 69.7813 20.8488 74.7912 72.5696 52.093 71.9269 42.3422 72.9631 65.7984 79.4751 78.1034 84.1853 33.0439 75.3308 38.1438 57.3587 70.0676 50.5996 64.7105 38.3173 62.0877 48.6187 56.6163 20.9127 37.8499 60.9979 40.9172 54.2946 17.5644 40.8301 
48.9223 53.9099 66.9714 72.1524 80.6391 47.2982 21.6907 0 56.338 77.7432 61.6684 19.2526 33.2082 72.9199 49.351 52.5782 22.7326 30.1915 33.6985 59.7131 48.0906 42.5395 86.0644 65.0509 30.4023 50.2362 64.0329 65.7489 44.1077 57.7844 62.0178 71.3216 11.3532 53.6401 16.4531 52.5708 53.8231 48.0932 43.0198 58.9488 63.7256 26.928 34.9256 42.6034 59.5406 82.6886 54.5371 32.6039 39.2551 62.5208 
30.1299 24.3628 80.7672 28.0441 36.5307 15.417 34.6473 56.338 0 42.1444 29.6391 55.3762 58.9592 46.4877 47.2885 27.8822 52.0641 55.0927 50.6303 68.0392 62.1656 17.8435 54.0351 41.3495 59.6876 48.5892 39.3878 42.5218 63.2865 79.2383 46.8833 53.9151 63.3065 51.3217 46.262 26.1386 48.4834 24.0244 57.1202 11.7421 31.8175 39.8058 54.823 39.4427 22.5055 38.5802 10.647 45.6689 17.083 18.4125 
44.5871 46.5062 58.675 33.3635 18.3383 38.6248 64.562 77.7432 42.1444 0 46.3185 58.4907 65.1038 21.5279 61.557 45.4917 64.2961 67.3247 55.7366 53.0874 52.1575 43.7132 36.5855 12.6923 71.9196 63.0464 44.9398 27.57 61.7015 85.4082 16.8828 41.446 73.0641 44.2602 66.463 27.9031 62.5846 38.9971 34.7234 43.5349 28.6337 52.0378 64.3563 72.9888 62.9093 13.6348 40.2142 51.8135 51.0256 23.7319 
28.4608 14.6992 75.9177 38.7662 49.0799 24.4524 50.3952 61.6684 29.6391 46.3185 0 59.6286 49.2956 38.7645 39.605 48.6338 56.3165 58.9536 54.8827 60.316 66.418 38.5951 24.396 33.6262 59.1645 39.319 57.3478 34.7985 67.5389 69.6 39.1601 42.8268 57.2559 46.4721 45.2153 18.4154 25.9495 13.5752 55.6573 17.897 30.1966 44.0582 48.5482 29.4825 31.1024 56.3076 20.286 36.0053 38.6499 36.1399 
41.0288 46.0164 47.7189 67.8501 71.8778 39.9593 40.9433 19.2526 55.3762 58.4907 59.6286 0 38.0007 61.5623 41.4575 71.8308 13.5068 29.3237 20.2013 46.6937 37.9302 61.7921 76.6199 45.7984 29.5345 42.3427 79.4263 46.4963 39.0511 58.3051 42.7652 63.4281 16.3428 45.7466 15.5853 41.2132 45.9296 47.2254 23.7673 51.6099 52.9944 15.5704 37.2533 61.8559 62.4196 65.1882 47.1981 24.7104 58.5076 58.2185 
29.6088 34.5964 63.7721 68.305 67.8653 45.6929 54.8989 33.2082 58.9592 65.1038 49.2956 38.0007 0 57.5498 29.9318 78.1726 38.694 52.6377 44.2002 60.1785 64.052 68.1339 70.4389 52.4115 52.8485 23.0831 79.9739 51.0168 66.554 24.5762 57.9454 52.0081 21.8549 34.3265 38.8994 37.2007 34.5096 36.2014 61.768 47.4358 48.9819 45.737 7.98465 61.079 50.9995 75.834 48.3122 13.2903 62.9791 58.7661 
37.0331 36.605 64.7496 34.3032 15.1942 31.0708 74.1425 72.9199 46.4877 21.5279 38.7645 61.5623 57.5498 0 44.3166 55.0722 58.2502 61.2788 56.8164 52.1927 63.8151 53.2937 15.0575 31.7413 65.8737 53.5574 54.5203 26.6752 69.4726 77.8541 36.4843 19.9181 65.5101 35.304 61.9158 20.3491 41.0566 31.4431 49.4043 39.3905 15.7998 45.9919 56.8023 63.0876 53.0081 33.0561 36.9704 44.2595 60.1435 33.3124 
17.1586 30.9202 46.7423 57.4678 55.6843 33.2428 71.0417 49.351 47.2885 61.557 39.605 41.4575 29.9318 44.3166 0 68.0867 54.8368 68.7806 60.3431 43.1488 54.7713 58.048 42.8294 48.8647 68.9914 9.24082 72.7099 33.987 80.5086 45.518 53.9707 24.3985 37.9978 17.2968 55.0422 33.8427 13.6555 34.18 56.7161 43.7596 36.8009 57.0279 21.9471 55.5916 38.6544 71.6697 36.6415 16.7472 59.3029 51.502 
50.9281 43.5762 101.565 31.3914 39.878 38.684 30.8875 52.5782 27.8822 45.4917 48.6338 71.8308 78.1726 55.0722 68.0867 0 75.3108 78.3598 73.8974 89.0085 85.4327 10.0387 64.8891 58.184 82.9547 69.3873 14.2756 63.491 86.5536 98.477 62.3745 74.7132 63.9315 72.1198 69.0314 48.9884 67.6968 43.0191 80.2151 30.7368 52.6157 63.0729 75.6212 45.288 40.853 41.9275 31.4452 64.8823 15.3802 21.7598 
52.7312 50.8323 45.781 64.5379 68.5656 36.6471 44.4233 22.7326 52.0641 64.2961 56.3165 13.5068 38.694 58.2502 54.8368 75.3108 0 26.6283 14.8215 36.9805 25.358 65.2721 73.3077 51.6038 19.1512 55.722 76.1142 52.3017 35.7389 63.2702 48.5706 71.7798 16.839 59.1259 12.8899 37.9011 59.3089 44.53 29.5727 48.2977 49.6823 12.2583 40.4114 65.336 67.2354 70.9936 43.886 38.0897 61.9877 54.9063 
55.7599 53.8609 56.5529 67.5666 71.5943 39.6758 51.8822 30.1915 55.0927 67.3247 58.9536 29.3237 52.6377 61.2788 68.7806 78.3598 26.6283 0 26.1115 49.2692 37.6467 68.3211 76.3364 54.6324 14.2871 69.6657 79.1429 55.3304 14.5449 77.214 51.5993 74.8085 30.7828 72.0206 13.7384 40.9297 73.2527 45.3784 32.6013 51.3264 52.7109 15.2869 54.3551 72.7948 70.264 74.0222 46.9146 52.0334 69.4466 57.935 
51.2975 49.3985 43.0814 63.1042 67.1319 35.2134 55.3892 33.6985 50.6303 55.7366 54.8827 20.2013 44.2002 56.8164 60.3431 73.8974 14.8215 26.1115 0 34.2809 22.6584 63.8587 71.874 43.0443 24.3717 61.2282 74.6805 43.7422 34.3052 68.7765 40.0111 63.2947 22.3453 60.1328 20.6598 36.4673 64.8152 46.0906 21.0132 46.864 48.2485 10.8245 45.9176 75.8812 65.8017 62.4341 42.4523 43.5959 65.8051 53.4726 
58.5846 57.198 18.4179 74.3852 55.2762 52.6223 81.4038 59.7131 68.0392 53.0874 60.316 46.6937 60.1785 52.1927 43.1488 89.0085 36.9805 49.2692 34.2809 0 11.6225 78.9697 61.4099 40.3952 53.8641 52.3896 92.0894 25.5174 49.9045 80.4829 41.9244 43.5335 53.8195 25.852 49.8704 41.9006 46.3746 52.9945 22.9264 60.942 36.3928 33.9823 59.431 83.6806 73.6011 63.8176 57.5633 46.8882 80.9162 70.8815 
62.8328 60.9338 20.423 74.6394 66.8987 46.7486 69.7813 48.0906 62.1656 52.1575 66.418 37.9302 64.052 63.8151 54.7713 85.4327 25.358 37.6467 22.6584 11.6225 0 75.3939 73.0324 39.4652 42.2416 64.0121 86.2157 37.1399 44.4122 88.6282 36.432 55.156 42.197 37.4745 38.2479 48.0026 57.9971 57.6258 17.4341 58.3992 48.0153 22.3598 65.7694 87.4164 77.3369 58.855 53.9875 58.5107 77.3404 65.0079 
40.8893 33.5375 91.5267 29.6129 38.0996 28.6453 20.8488 42.5395 17.8435 43.7132 38.5951 61.7921 68.1339 53.2937 58.048 10.0387 65.2721 68.3211 63.8587 78.9697 75.3939 0 62.9911 54.1605 72.916 59.3486 21.5444 53.4523 76.5148 88.4382 59.6944 64.6745 53.8927 62.0811 58.9926 38.9496 57.658 32.9804 70.3486 20.6981 42.5769 53.0342 65.5824 41.7615 37.8561 40.1491 21.4064 54.8435 12.3834 19.9813 
52.0907 39.0952 65.5579 44.1201 25.0111 41.4445 74.7912 86.0644 54.0351 36.5855 24.396 76.6199 70.4389 15.0575 42.8294 64.8891 73.3077 76.3364 71.874 61.4099 73.0324 62.9911 0 40.9586 80.9313 52.0702 64.3372 35.8925 84.5301 88.3473 45.7015 18.4309 78.3992 36.1124 69.6113 35.4066 39.5694 37.9712 58.6215 42.293 25.0171 61.0495 64.7765 53.8785 55.4984 42.873 44.682 57.1486 63.0459 43.1293 
31.8949 33.8139 45.9827 46.0558 31.0306 25.9325 72.5696 65.0509 41.3495 12.6923 33.6262 45.7984 52.4115 31.7413 48.8647 58.184 51.6038 54.6324 43.0443 40.3952 39.4652 54.1605 40.9586 0 59.2274 50.3541 57.632 14.8777 49.0092 72.7159 13.3332 34.4302 60.3718 31.568 53.7707 15.2108 52.0081 26.3048 22.0311 34.2523 15.9415 39.3455 51.6641 60.2966 50.2171 23.4224 32.7541 39.1212 55.0052 36.4242 
60.3548 58.1512 61.1479 72.1615 76.1892 44.2707 52.093 30.4023 59.6876 71.9196 59.1645 29.5345 52.8485 65.8737 68.9914 82.9547 19.1512 14.2871 24.3717 53.8641 42.2416 72.916 80.9313 59.2274 0 69.8765 83.7378 59.9253 25.4193 77.4248 56.1942 79.4034 30.9936 73.2804 13.9492 45.5246 73.4635 45.5892 37.1962 55.9213 57.3058 19.8818 54.5659 73.0057 74.5544 78.6171 51.5096 52.2442 69.6574 62.5299 
18.4593 32.2208 55.9832 58.7685 64.9251 34.5434 71.9269 50.2362 48.5892 63.0464 39.319 42.3427 23.0831 53.5574 9.24082 69.3873 55.722 69.6657 61.2282 52.3896 64.0121 59.3486 52.0702 50.3541 69.8765 0 74.0105 43.2278 81.3938 36.2771 55.888 33.6393 38.8829 26.5376 55.9274 35.1433 13.3695 35.4807 65.9569 45.0602 46.0418 57.9131 19.5576 56.8922 39.955 72.9704 37.9422 17.6323 60.6035 52.8026 
55.5512 51.406 103.615 24.6132 39.3261 39.4671 42.3422 64.0329 39.3878 44.9398 57.3478 79.4263 79.9739 54.5203 72.7099 14.2756 76.1142 79.1429 74.6805 92.0894 86.2157 21.5444 64.3372 57.632 83.7378 74.0105 0 66.5719 87.3366 100.278 61.8225 74.4383 75.3862 75.3986 70.3122 50.1888 75.5265 43.7725 79.6631 41.0109 55.8945 63.8559 79.2264 54.6856 50.2506 41.3756 37.6902 66.6836 24.7779 21.2079 
33.0672 31.6805 43.9353 48.8677 29.7587 27.1048 72.9631 65.7489 42.5218 27.57 34.7985 46.4963 51.0168 26.6752 33.987 63.491 52.3017 55.3304 43.7422 25.5174 37.1399 53.4523 35.8925 14.8777 59.9253 43.2278 66.5719 0 49.7072 71.3211 19.9837 19.5525 58.9771 16.6902 54.4686 16.3831 37.2129 27.4771 22.7291 35.4246 10.8754 40.0435 50.2693 58.1632 48.0837 38.3002 32.0459 37.7264 55.3987 45.3641 
63.9536 62.0547 50.9297 75.7603 79.4659 47.8695 65.7984 44.1077 63.2865 61.7015 67.5389 39.0511 66.554 69.4726 80.5086 86.5536 35.7389 14.5449 34.3052 49.9045 44.4122 76.5148 84.5301 49.0092 25.4193 81.3938 87.3366 49.7072 0 91.1302 45.9761 69.2597 44.699 66.3974 27.6546 49.1235 84.0669 58.7467 26.9781 59.5201 60.5825 23.4807 68.2714 86.7111 78.4578 68.399 55.1084 63.7615 78.4612 66.1287 
49.1084 54.9007 84.0764 88.6094 88.1696 65.1926 79.4751 57.7844 79.2383 85.4082 69.6 58.3051 24.5762 77.8541 45.518 98.477 63.2702 77.214 68.7765 80.4829 88.6282 88.4382 88.3473 72.7159 77.4248 36.2771 100.278 71.3211 91.1302 0 78.2497 69.9165 46.4312 54.6309 63.4756 57.505 49.6467 56.5057 82.0723 67.7401 69.2862 70.3132 24.4153 81.3834 70.6042 96.1383 68.5913 33.5947 83.2834 79.0704 
37.4287 39.3478 42.9496 47.0908 35.2211 31.4664 78.1034 62.0178 46.8833 16.8828 39.1601 42.7652 57.9454 36.4843 53.9707 62.3745 48.5706 51.5993 40.0111 41.9244 36.432 59.6944 45.7015 13.3332 56.1942 55.888 61.8225 19.9837 45.9761 78.2497 0 39.5362 59.108 36.6739 50.7375 20.7447 57.1966 31.8387 18.9979 39.7861 20.6844 36.3124 57.1979 65.8304 55.7509 22.4229 38.2879 44.6551 60.5391 40.6147 
41.2518 42.9027 47.1271 54.2212 35.1122 38.5249 84.1853 71.3216 53.9151 41.446 42.8268 63.4281 52.0081 19.9181 24.3985 74.7132 71.7798 74.8085 63.2947 43.5335 55.156 64.6745 18.4309 34.4302 79.4034 33.6393 74.4383 19.5525 69.2597 69.9165 39.5362 0 59.9683 17.6815 69.37 33.8788 21.1386 38.8989 42.2815 50.1755 22.0976 59.5216 46.3456 69.3854 59.3059 52.9741 43.2681 38.7177 66.6209 53.2305 
37.5691 42.5567 62.6201 75.7803 75.8255 47.8895 33.0439 11.3532 63.3065 73.0641 57.2559 16.3428 21.8549 65.5101 37.9978 63.9315 16.839 30.7828 22.3453 53.8195 42.197 53.8927 78.3992 60.3718 30.9936 38.8829 75.3862 58.9771 44.699 46.4312 59.108 59.9683 0 42.2868 17.0444 45.161 42.4699 44.1617 40.1101 55.3961 56.9422 23.882 23.5723 53.9566 58.9598 81.531 55.1284 21.2506 50.6083 66.1487 
34.4554 40.3093 29.4456 57.4965 38.3875 35.9315 75.3308 53.6401 51.3217 44.2602 46.4721 45.7466 34.3265 35.304 17.2968 72.1198 59.1259 72.0206 60.1328 25.852 37.4745 62.0811 36.1124 31.568 73.2804 26.5376 75.3986 16.6902 66.3974 54.6309 36.6739 17.6815 42.2868 0 59.3313 31.2854 20.5227 36.3055 39.4193 47.5821 19.5042 56.7337 33.5791 66.792 55.9512 54.9904 40.6747 21.0362 64.0275 54.1908 
46.9292 44.2021 55.6912 58.7359 66.1558 30.8451 38.1438 16.4531 46.262 66.463 45.2153 15.5853 38.8994 61.9158 55.0422 69.0314 12.8899 13.7384 20.6598 49.8704 38.2479 58.9926 69.6113 53.7707 13.9492 55.9274 70.3122 54.4686 27.6546 63.4756 50.7375 69.37 17.0444 59.3313 0 41.5667 59.5143 31.6401 31.7396 42.4957 47.2724 17.4376 40.6168 59.0565 60.6052 69.272 38.0839 38.2951 55.7082 49.1043 
16.684 18.6031 60.3185 38.3695 30.6646 10.7217 57.3587 52.5708 26.1386 27.9031 18.4154 41.2132 37.2007 20.3491 33.8427 48.9884 37.9011 40.9297 36.4673 41.9006 48.0026 38.9496 35.4066 15.2108 45.5246 35.1433 50.1888 16.3831 49.1235 57.505 20.7447 33.8788 45.161 31.2854 41.5667 0 36.7972 11.094 37.242 19.0414 11.7812 25.6428 36.4532 45.0857 35.0062 38.6333 17.5432 23.9104 39.7944 28.9809 
20.1132 24.1205 49.9682 57.8292 56.2508 36.1973 70.0676 53.8231 48.4834 62.5846 25.9495 45.9296 34.5096 41.0566 13.6555 67.6968 59.3089 73.2527 64.8152 46.3746 57.9971 57.658 39.5694 52.0081 73.4635 13.3695 75.5265 37.2129 84.0669 49.6467 57.1966 21.1386 42.4699 20.5227 59.5143 36.7972 0 36.6826 59.942 36.96 40.0268 60.5862 28.0294 50.6032 40.5237 74.1127 37.8364 21.2193 52.5032 54.3187 
17.0214 12.562 65.7511 32.1963 35.6847 10.8772 50.5996 48.0932 24.0244 38.9971 13.5752 47.2254 36.2014 31.4431 34.18 43.0191 44.53 45.3784 46.0906 52.9945 57.6258 32.9804 37.9712 26.3048 45.5892 35.4807 43.7725 27.4771 58.7467 56.5057 31.8387 38.8989 44.1617 36.3055 31.6401 11.094 36.6826 0 48.3359 12.2823 16.8013 35.266 35.4539 39.0447 28.9652 42.7324 14.1045 22.911 33.0353 22.5647 
53.926 54.4096 23.9516 66.0888 52.4878 41.7033 64.7105 43.0198 57.1202 34.7234 55.6573 23.7673 61.768 49.4043 56.7161 80.2151 29.5727 32.6013 21.0132 22.9264 17.4341 70.3486 58.6215 22.0311 37.1962 65.9569 79.6631 22.7291 26.9781 82.0723 18.9979 42.2815 40.1101 39.4193 31.7396 37.242 59.942 48.3359 0 53.3539 33.6044 17.3144 61.0205 80.8922 70.8127 41.4209 48.9421 48.4776 72.295 58.4553 
26.6009 12.8394 77.0277 20.8692 37.9213 11.6506 38.3173 58.9488 11.7421 43.5349 17.897 51.6099 47.4358 39.3905 43.7596 30.7368 48.2977 51.3264 46.864 60.942 58.3992 20.6981 42.293 34.2523 55.9213 45.0602 41.0109 35.4246 59.5201 67.7401 39.7861 50.1755 55.3961 47.5821 42.4957 19.0414 36.96 12.2823 53.3539 0 28.078 36.0395 46.6883 39.322 22.792 39.9708 9.00156 34.1455 20.753 19.803 
28.4652 20.8052 48.9497 37.9923 18.8834 16.4274 62.0877 63.7256 31.8175 28.6337 30.1966 52.9944 48.9819 15.7998 36.8009 52.6157 49.6823 52.7109 48.2485 36.3928 48.0153 42.5769 25.0171 15.9415 57.3058 46.0418 55.8945 10.8754 60.5825 69.2862 20.6844 22.0976 56.9422 19.5042 47.2724 11.7812 40.0268 16.8013 33.6044 28.078 0 37.424 48.2344 47.2878 37.2083 36.7453 21.1705 35.6915 44.5234 34.6866 
40.473 38.574 41.266 52.2797 56.3074 24.3888 48.6187 26.928 39.8058 52.0378 44.0582 15.5704 45.737 45.9919 57.0279 63.0729 12.2583 15.2869 10.8245 33.9823 22.3598 53.0342 61.0495 39.3455 19.8818 57.9131 63.8559 40.0435 23.4807 70.3132 36.3124 59.5216 23.882 56.7337 17.4376 25.6428 60.5862 35.266 17.3144 36.0395 37.424 0 47.4543 65.0566 54.9771 58.7353 31.6277 40.2808 54.9806 42.6481 
24.6931 33.8489 63.0246 65.0023 67.1178 40.7772 56.6163 34.9256 54.823 64.3563 48.5482 37.2533 7.98465 56.8023 21.9471 75.6212 40.4114 54.3551 45.9176 59.431 65.7694 65.5824 64.7765 51.6641 54.5659 19.5576 79.2264 50.2693 68.2714 24.4153 57.1979 46.3456 23.5723 33.5791 40.6168 36.4532 28.0294 35.4539 61.0205 46.6883 48.2344 47.4543 0 60.3315 46.1889 75.0865 44.176 12.5429 62.2316 58.0186 
38.433 26.4826 96.2375 60.1913 66.1712 40.6678 20.9127 42.6034 39.4427 72.9888 29.4825 61.8559 61.079 63.0876 55.5916 45.288 65.336 72.7948 75.8812 83.6806 87.4164 41.7615 53.8785 60.2966 73.0057 56.8922 54.6856 58.1632 86.7111 81.3834 65.8304 69.3854 53.9566 66.792 59.0565 45.0857 50.6032 39.0447 80.8922 39.322 47.2878 65.0566 60.3315 0 16.9372 76.8485 40.1985 47.7887 29.9077 56.6808 
21.4957 16.4031 85.3967 43.6613 56.0917 30.5883 37.8499 59.5406 22.5055 62.9093 31.1024 62.4196 50.9995 53.0081 38.6544 40.853 67.2354 70.264 65.8017 73.6011 77.3369 37.8561 55.4984 50.2171 74.5544 39.955 50.2506 48.0837 78.4578 70.6042 55.7509 59.3059 58.9598 55.9512 60.6052 35.0062 40.5237 28.9652 70.8127 22.792 37.2083 54.9771 46.1889 16.9372 0 61.0857 30.119 37.7092 25.4728 40.918 
54.5111 50.3659 65.3725 24.6679 17.8619 38.427 60.9979 82.6886 38.5802 13.6348 56.3076 65.1882 75.834 33.0561 71.6697 41.9275 70.9936 74.0222 62.4341 63.8176 58.855 40.1491 42.873 23.4224 78.6171 72.9704 41.3756 38.3002 68.399 96.1383 22.4229 52.9741 81.531 54.9904 69.272 38.6333 74.1127 42.7324 41.4209 39.9708 36.7453 58.7353 75.0865 76.8485 61.0857 0 36.65 62.5436 47.4614 20.1677 
19.4829 13.7158 70.1202 20.8263 34.6005 7.23888 40.9172 54.5371 10.647 40.2142 20.286 47.1981 48.3122 36.9704 36.6415 31.4452 43.886 46.9146 42.4523 57.5633 53.9875 21.4064 44.682 32.7541 51.5096 37.9422 37.6902 32.0459 55.1084 68.5913 38.2879 43.2681 55.1284 40.6747 38.0839 17.5432 37.8364 14.1045 48.9421 9.00156 21.1705 31.6277 44.176 40.1985 30.119 36.65 0 35.0219 23.3528 16.4823 
16.3185 21.306 50.4817 55.0147 54.5749 32.4026 54.2946 32.6039 45.6689 51.8135 36.0053 24.7104 13.2903 44.2595 16.7472 64.8823 38.0897 52.0334 43.5959 46.8882 58.5107 54.8435 57.1486 39.1212 52.2442 17.6323 66.6836 37.7264 63.7615 33.5947 44.6551 38.7177 21.2506 21.0362 38.2951 23.9104 21.2193 22.911 48.4776 34.1455 35.6915 40.2808 12.5429 47.7887 37.7092 62.5436 35.0219 0 49.6887 45.4757 
42.1442 28.3827 93.4731 36.9253 45.4119 30.5917 17.5644 39.2551 17.083 51.0256 38.6499 58.5076 62.9791 60.1435 59.3029 15.3802 61.9877 69.4466 65.8051 80.9162 77.3404 12.3834 63.0459 55.0052 69.6574 60.6035 24.7779 55.3987 78.4612 83.2834 60.5391 66.6209 50.6083 64.0275 55.7082 39.7944 52.5032 33.0353 72.295 20.753 44.5234 54.9806 62.2316 29.9077 25.4728 47.4614 23.3528 49.6887 0 27.2937 
34.3434 30.1981 82.4069 9.63159 18.1182 18.2592 40.8301 62.5208 18.4125 23.7319 36.1399 58.2185 58.7661 33.3124 51.502 21.7598 54.9063 57.935 53.4726 70.8815 65.0079 19.9813 43.1293 36.4242 62.5299 52.8026 21.2079 45.3641 66.1287 79.0704 40.6147 53.2305 66.1487 54.1908 49.1043 28.9809 54.3187 22.5647 58.4553 19.803 34.6866 42.6481 58.0186 56.6808 40.918 20.1677 16.4823 45.4757 27.2937 0 
