13.7615 16.0841 16.3185 16.684 17.1586 18.4593 20.1132 17.0214 24.6931 21.4957 19.4829 
12.562 12.8394 13.7158 14.1852 13.7615 14.6992 18.6031 24.1205 20.8052 26.4826 16.4031 21.306 28.3827 
18.4179 20.423 23.9516 29.4456 
9.63159 19.109 20.8263 20.8692 24.6132 24.6679 
15.1942 17.8619 18.1182 18.3383 19.109 25.0111 18.8834 
7.23888 10.7217 10.8772 11.6506 16.0841 14.1852 15.417 30.8451 16.4274 24.3888 18.2592 
17.5644 20.8488 20.9127 21.6907 
11.3532 16.4531 19.2526 22.7326 21.6907 26.928 
10.647 11.7421 15.417 17.083 17.8435 22.5055 18.4125 
12.6923 13.6348 16.8828 21.5279 18.3383 23.7319 
13.5752 14.6992 17.897 18.4154 24.396 25.9495 29.4825 20.286 
13.5068 15.5704 15.5853 16.3428 19.2526 20.2013 23.7673 24.7104 
7.98465 13.2903 21.8549 23.0831 24.5762 
15.0575 15.7998 19.9181 20.3491 15.1942 21.5279 
9.24082 13.6555 16.7472 17.1586 24.3985 17.2968 21.9471 
10.0387 14.2756 15.3802 21.7598 
12.2583 12.8899 14.8215 16.839 22.7326 13.5068 25.358 19.1512 
13.7384 14.2871 14.5449 15.2869 
10.8245 20.2013 20.6598 21.0132 14.8215 22.6584 24.3717 22.3453 
11.6225 22.9264 25.5174 25.852 18.4179 
17.4341 22.3598 22.6584 25.358 20.423 11.6225 
12.3834 17.8435 19.9813 20.6981 20.8488 10.0387 21.5444 21.4064 
18.4309 24.396 25.0111 25.0171 15.0575 
13.3332 14.8777 15.2108 15.9415 12.6923 22.0311 23.4224 
13.9492 19.1512 19.8818 24.3717 14.2871 25.4193 
13.3695 17.6323 18.4593 19.5576 23.0831 9.24082 36.2771 
21.2079 21.5444 24.6132 24.7779 14.2756 
10.8754 16.3831 16.6902 19.5525 25.5174 14.8777 19.9837 22.7291 
23.4807 25.4193 26.9781 27.6546 14.5449 
24.4153 24.5762 33.5947 36.2771 
18.9979 19.9837 20.6844 20.7447 16.8828 13.3332 22.4229 
17.6815 21.1386 22.0976 24.3985 19.9181 18.4309 19.5525 
17.0444 21.2506 22.3453 23.5723 11.3532 16.3428 21.8549 16.839 23.882 
17.2968 19.5042 20.5227 21.0362 29.4456 25.852 16.6902 17.6815 
17.4376 30.8451 31.6401 31.7396 16.4531 15.5853 12.8899 13.7384 20.6598 13.9492 27.6546 17.0444 
11.094 11.7812 17.5432 18.6031 16.684 10.7217 18.4154 20.3491 15.2108 16.3831 20.7447 19.0414 25.6428 23.9104 
20.1132 21.2193 24.1205 25.9495 13.6555 13.3695 21.1386 20.5227 28.0294 
12.2823 14.1045 16.8013 17.0214 12.562 10.8772 13.5752 31.6401 11.094 22.911 22.5647 
17.3144 22.0311 22.7291 23.7673 23.9516 21.0132 22.9264 17.4341 26.9781 18.9979 31.7396 
9.00156 19.0414 19.803 20.753 12.8394 20.8692 11.6506 11.7421 17.897 20.6981 12.2823 22.792 
16.4274 18.8834 20.8052 21.1705 15.7998 25.0171 15.9415 10.8754 20.6844 22.0976 19.5042 11.7812 16.8013 
23.882 24.3888 25.6428 26.928 15.5704 12.2583 15.2869 10.8245 22.3598 19.8818 23.4807 17.4376 17.3144 
12.5429 21.9471 24.6931 28.0294 7.98465 19.5576 24.4153 23.5723 
16.9372 26.4826 29.4825 29.9077 20.9127 
16.4031 21.4957 22.5055 22.792 16.9372 25.4728 
20.1677 22.4229 23.4224 24.6679 17.8619 13.6348 
16.4823 19.4829 20.286 21.4064 13.7158 20.8263 7.23888 10.647 17.5432 14.1045 9.00156 21.1705 23.3528 
21.306 22.911 23.9104 24.7104 16.3185 13.2903 16.7472 17.6323 33.5947 21.2506 21.0362 21.2193 12.5429 
23.3528 25.4728 27.2937 28.3827 17.5644 17.083 15.3802 12.3834 24.7779 20.753 29.9077 
18.2592 18.4125 22.5647 23.7319 9.63159 18.1182 21.7598 19.9813 21.2079 19.803 20.1677 16.4823 27.2937 
