1.13908 -2.91682 -7.74563 -12.4445 -2.37768 2.10415 
-3.56286 3.26963 -1.01321 -8.64277 -3.95106 10.2739 
1.6842 2.69781 -4.17316 -10.2375 21.461 -29.905 
6.09073 6.01462 2.27685 13.855 11.8275 15.4519 
4.52117 3.02104 0.591953 -3.03448 17.733 20.9982 
-1.61374 -0.877316 -3.77486 -0.654218 5.92604 6.92407 
-1.94254 1.02823 1.10089 13.3506 -23.6449 13.7915 
6.88131 -3.65902 -0.282887 12.7286 -13.9186 -2.75398 
-4.67343 -3.89763 -4.68815 2.66814 0.222167 20.145 
-7.58437 -4.18537 0.349985 -1.20651 27.3881 14.5798 
5.81829 -2.69056 2.97223 -10.4887 -0.292754 18.011 
8.65661 -0.343442 -3.04897 6.08783 2.90578 -7.41302 
-2.09952 -1.9758 3.26841 -13.727 -18.7746 -13.5793 
-0.690638 3.33075 -0.357269 -16.9209 17.3338 17.882 
-1.02089 -0.0725906 -6.68954 -26.988 -1.31162 -6.13586 
-2.11325 1.12763 -1.43535 25.1006 -3.05858 23.0856 
4.23523 -4.90286 1.71862 8.83678 2.13982 -17.9592 
6.70059 1.04915 -3.92719 23.072 8.55341 -10.6307 
-9.64394 -2.55565 0.674645 9.72929 3.63753 -13.7871 
-6.98595 -8.17258 4.57784 -10.5106 16.4481 -23.2643 
-9.01673 -5.98297 4.96462 -0.12543 20.7029 -23.509 
1.90619 -2.54349 -3.6675 18.1013 -5.60289 19.815 
4.10823 -3.33001 8.66704 -25.7063 17.8042 18.5843 
-2.72428 -5.05848 5.02986 -3.79553 21.9999 5.6874 
5.60253 0.556126 2.00453 26.866 1.97778 -21.1118 
3.57032 -1.79448 -5.04562 -28.5641 -8.3183 -3.47721 
-10.4714 2.12803 -4.03057 27.9359 7.80857 23.3382 
0.0662411 3.50022 6.38144 -12.3629 20.4947 -2.23827 
8.54357 2.604 -3.9527 26.8154 21.8972 -6.93348 
-6.60183 5.1971 6.94169 -28.3769 -29.9947 -26.931 
3.55184 -0.758993 0.409913 2.94377 28.8452 3.18149 
-2.45333 -3.01799 1.053 -28.8092 19.3711 3.53475 
5.12672 -1.64162 0.253464 5.40825 -12.2581 -10.8234 
-2.59163 6.01065 3.21564 -23.8226 10.8808 -7.84385 
7.60937 -4.47973 -1.45297 18.6997 -2.68099 -13.0592 
4.58216 -2.04012 0.147365 -6.25628 10.3421 3.93337 
-2.24697 -5.16031 2.13046 -29.4655 -1.59561 2.52868 
4.90705 2.00681 2.82806 -3.05034 1.787 7.92564 
-4.37773 -0.373957 -4.82389 3.84416 22.0814 -11.7832 
-4.81304 0.559339 2.96335 2.38908 -0.25348 12.4545 
0.367032 7.06588 1.57425 -9.86329 15.096 4.61489 
-1.50022 -0.435175 2.79318 12.3264 9.38382 -12.3377 
2.63427 0.603135 -0.687415 -16.9326 -16.7526 -15.7431 
-0.167458 -2.13467 5.63484 -6.16963 -28.3974 13.8319 
-5.2141 -0.186539 -6.84235 -7.27237 -18.3659 13.5523 
-2.32856 -3.72872 -2.93606 6.22073 28.6356 24.0959 
-4.66913 1.19887 -5.38677 2.18418 2.78766 11.1962 
0.190599 1.25675 1.8253 -14.2268 -6.88643 -9.42259 
-6.79773 -2.88825 -1.44149 13.791 -11.3598 24.3752 
1.46049 2.30186 -5.05016 12.5023 12.6233 16.6333 
