481 105 166 468 
181 361 145 176 464 
226 453 214 67 177 227 371 477 478 
173 477 175 226 334 422 446 459 
443 53 232 361 
245 499 260 304 495 
238 318 348 112 126 367 403 493 
81 133 92 239 243 424 
263 46 276 471 489 
280 374 153 429 
131 467 357 
64 223 172 204 265 326 457 463 
26 69 432 166 245 
316 279 124 388 
72 470 85 241 
384 290 95 
219 315 416 375 490 
156 117 59 288 
419 136 425 
452 372 317 199 268 444 
301 417 288 
449 52 293 194 415 421 461 
248 54 381 287 348 488 
172 135 265 
448 198 281 200 219 305 315 404 483 
328 86 384 
127 166 121 12 156 338 432 481 
57 346 379 472 
213 59 169 329 489 
301 210 326 107 169 394 
106 217 191 
107 458 131 168 394 
486 328 438 315 360 387 491 494 
339 379 261 247 
247 339 179 191 257 271 
378 465 391 201 426 
60 91 206 119 275 
267 377 466 85 286 350 
285 464 456 365 
68 78 42 
392 331 244 164 167 310 
286 311 150 66 376 399 405 409 418 
153 111 78 39 68 98 145 176 181 373 464 
421 449 233 308 461 
300 366 273 202 256 306 443 474 
82 282 393 
215 393 185 8 54 84 190 248 378 489 
229 304 114 
380 302 318 319 
286 267 196 
170 421 455 239 498 
494 187 438 70 352 414 487 
277 449 496 21 293 439 442 
443 124 366 4 93 212 232 316 
248 381 46 22 215 393 
61 279 246 386 
479 97 253 
274 102 483 27 379 
222 418 466 377 
169 333 213 17 28 121 156 329 338 427 431 
451 91 188 36 
246 279 134 55 69 
471 269 242 318 
307 472 446 
94 326 223 11 172 204 210 301 355 463 
98 366 256 212 373 443 
376 294 41 150 311 327 399 462 484 
214 171 2 442 478 
304 78 42 39 114 
351 140 61 12 105 408 473 
187 51 487 
158 442 79 
401 118 470 14 241 
216 395 155 208 
322 385 410 
260 229 114 499 
234 254 482 362 400 
134 403 238 231 246 279 447 451 
371 176 464 39 42 68 
439 291 435 71 295 320 385 493 496 
350 377 267 196 354 466 
100 243 455 7 178 
282 414 342 45 
157 122 107 
427 185 46 381 417 437 
377 267 37 14 286 466 470 
328 438 383 25 250 384 483 491 
492 473 125 347 388 408 
427 381 378 157 190 215 230 248 283 289 391 
379 281 310 261 313 369 420 
165 224 238 105 410 
206 454 199 36 60 
170 424 421 7 233 455 
388 473 53 
463 355 210 64 168 326 
382 187 340 15 494 
368 214 405 336 434 
479 253 454 56 
373 111 42 65 
281 423 132 446 
360 155 178 81 
205 170 239 
483 250 221 57 216 274 404 
202 273 256 306 366 
315 167 164 155 328 
140 90 69 0 
251 191 217 30 453 459 
394 131 29 31 83 
453 334 173 217 
268 413 287 209 269 318 397 
423 259 497 175 356 446 
181 361 373 42 98 312 
249 228 6 410 
353 296 347 151 428 
304 499 68 47 75 229 260 
310 392 379 308 421 
280 429 172 265 337 374 415 
427 299 283 17 288 
183 120 478 72 401 
262 160 36 
183 132 220 118 
338 333 59 26 263 432 
136 426 402 83 425 
445 177 478 
202 246 279 13 53 
347 296 428 87 492 
323 130 6 298 318 
495 258 432 26 309 435 441 481 
447 249 359 
234 143 482 271 362 
264 323 287 126 137 224 298 314 348 480 
203 394 431 10 31 107 458 467 
197 334 313 99 120 
205 239 170 7 178 208 424 
238 403 246 61 77 407 
343 182 172 23 358 
426 192 402 18 122 
488 130 298 
327 188 267 275 476 
278 433 460 325 
349 246 351 69 105 303 408 
305 274 221 270 344 346 448 
298 161 323 454 
271 257 234 129 297 362 456 
275 359 206 193 364 
176 42 280 1 361 
297 343 182 
401 365 478 152 370 
291 295 421 498 
236 370 255 430 
399 66 235 41 286 376 
345 113 492 411 
401 177 147 
374 280 337 9 42 
440 293 498 322 390 449 
167 392 104 73 100 331 
59 481 26 17 
215 190 88 83 
306 171 442 71 447 
338 326 301 463 482 
460 262 409 119 
302 389 317 142 
400 456 415 234 412 
365 272 300 
310 40 281 104 197 
410 229 385 90 
12 481 245 0 26 
331 315 40 104 155 390 392 483 490 
254 94 31 
213 329 29 28 59 427 431 
421 424 392 50 92 101 133 205 239 455 
442 434 214 67 158 371 474 
265 204 64 11 23 116 135 457 
334 477 459 3 108 211 281 313 
266 320 405 244 368 493 
446 423 110 3 422 
42 1 464 78 145 
478 226 2 123 152 401 430 
81 133 239 100 
217 420 257 34 251 
463 326 355 343 358 
361 464 42 1 111 312 
343 297 374 135 146 
334 478 220 118 120 477 
462 330 325 
378 333 425 46 84 201 417 437 
309 258 312 441 
387 438 340 51 70 95 380 383 487 494 
376 327 364 60 138 240 294 484 
250 375 483 
215 88 46 157 299 391 
456 34 257 30 106 217 251 
426 414 402 136 419 
294 318 144 460 
415 21 293 495 
196 231 267 
267 466 80 49 195 377 
334 164 281 132 220 336 
448 281 200 24 
240 19 452 91 372 389 
24 281 219 198 
378 35 185 391 
306 300 44 103 124 366 
467 288 394 131 341 
265 11 64 172 
208 239 170 101 133 395 
406 454 240 36 91 144 275 364 
253 209 407 321 323 351 353 479 
133 395 73 205 
269 109 228 207 253 323 353 413 479 
463 326 64 29 94 223 394 
459 173 334 477 
443 65 53 
329 431 333 28 59 169 338 
442 434 336 2 67 96 171 227 478 
393 88 54 46 157 190 
274 483 102 73 395 
191 108 420 30 106 179 
457 337 304 373 429 469 
315 416 24 16 200 375 490 
336 477 197 120 183 
344 404 305 102 141 448 
377 350 466 58 267 418 
326 463 210 11 64 
264 367 130 90 
283 408 427 
453 3 477 2 177 422 
336 2 214 
413 269 407 112 209 345 450 492 
114 385 291 47 75 165 260 410 499 
289 88 378 
451 77 403 195 
316 386 53 4 443 
421 449 92 43 
335 362 162 76 129 143 
476 286 262 150 409 470 
430 398 255 149 370 
387 438 384 342 
403 348 407 6 77 90 134 323 
170 50 7 101 133 178 205 
294 188 452 199 206 
354 72 14 
264 471 381 62 425 
293 7 329 81 
440 174 392 40 496 
499 260 12 5 166 
279 77 388 55 61 124 134 140 
339 472 33 34 307 
381 88 46 22 54 
450 447 403 112 128 
384 483 86 102 189 
191 339 179 106 307 
398 401 478 445 
479 407 209 56 97 207 454 492 
482 463 355 76 168 
354 370 350 149 236 
366 44 300 65 103 
297 34 335 143 179 191 
441 495 464 127 186 304 309 
423 356 446 110 497 
499 229 114 5 75 245 
420 379 89 33 472 
409 460 476 119 160 235 
493 489 121 8 
323 367 314 130 224 242 381 
280 116 11 23 172 204 457 
368 390 322 174 405 
466 377 222 37 49 80 85 138 195 196 
372 397 19 109 332 406 413 452 
397 109 413 62 209 228 
404 141 448 360 
297 129 34 143 
474 300 464 163 273 285 365 
300 371 272 44 103 474 
483 310 102 57 141 216 379 
36 206 138 144 
410 385 471 8 417 498 
496 295 440 52 442 449 
460 416 325 139 433 
388 316 77 13 55 61 124 246 386 473 
374 429 412 9 116 145 153 265 456 
448 459 173 24 89 99 164 197 198 200 313 379 
471 314 419 45 82 
289 427 88 117 225 
465 363 436 
496 474 272 38 
150 37 85 41 49 235 409 460 476 
413 348 22 109 130 488 
17 117 301 20 203 
88 427 381 230 283 
491 485 344 15 
295 367 385 79 148 229 293 
380 387 340 433 486 
449 291 52 21 154 194 243 
332 311 188 66 193 240 376 462 
496 79 385 148 277 291 440 
321 351 347 113 125 353 428 
143 343 362 146 182 257 271 
130 323 126 137 142 
391 190 427 117 
474 366 306 44 163 202 256 272 273 
64 326 338 20 29 159 288 
318 317 380 48 161 314 480 
349 140 411 468 473 
258 337 5 47 68 114 218 499 
448 346 24 141 221 344 497 
44 386 103 158 202 300 
472 247 251 63 
421 43 115 339 
441 127 258 186 312 481 495 
379 40 483 89 115 164 274 392 
66 405 399 41 294 462 
181 111 309 186 361 
89 173 281 132 
323 130 302 264 282 
328 24 32 16 104 167 219 416 486 
53 388 386 13 232 279 
444 452 372 19 161 302 389 397 
126 62 109 6 48 193 302 405 
471 383 48 
493 79 439 174 368 
351 408 207 296 
390 498 154 74 266 440 
238 209 207 126 130 142 264 298 314 
431 329 357 436 458 465 467 
396 416 139 184 278 
463 94 11 29 64 159 180 210 223 301 355 
376 484 66 138 188 476 
486 384 104 25 32 86 315 344 438 475 
59 28 431 169 213 243 324 333 
475 444 486 184 342 
483 392 155 40 167 
450 406 268 294 359 372 403 
431 338 329 59 121 185 213 
477 459 3 108 132 173 183 197 211 453 
362 400 456 234 257 
96 197 396 214 220 227 
457 373 116 153 218 304 
26 213 59 121 159 301 333 
472 308 461 33 34 247 251 
433 380 387 95 187 292 487 
391 203 467 
387 237 330 82 
358 180 412 135 146 182 297 429 
305 141 328 221 290 
492 407 228 151 
141 497 448 27 305 
428 87 353 113 125 296 
22 413 130 6 238 287 480 488 
473 411 388 140 303 468 
377 466 37 80 222 255 354 
408 407 207 69 140 296 321 
494 51 382 
209 296 207 113 347 
370 80 350 241 255 
463 64 326 94 180 254 482 
110 423 446 259 497 
467 431 458 10 324 465 
463 135 180 343 
403 406 332 128 144 451 479 
404 270 32 100 
312 145 4 1 111 181 
76 129 143 234 297 335 
465 426 402 284 436 
206 406 144 188 
272 464 38 147 163 
443 202 103 44 53 65 256 300 
493 489 6 224 264 291 
174 320 405 96 266 
446 420 89 
236 398 147 149 255 354 
453 2 171 78 273 
452 332 199 19 268 317 397 
65 42 218 98 111 337 
429 116 469 9 153 182 280 
16 219 416 189 
41 294 150 66 188 327 466 484 
466 58 196 37 80 85 222 267 350 
381 391 46 35 88 185 201 230 425 437 
274 57 281 27 33 89 115 261 310 
187 444 387 48 292 302 340 433 460 
84 427 264 22 54 88 242 248 289 378 
491 438 494 95 352 485 
438 494 187 86 319 
438 491 86 15 25 237 250 328 
410 435 79 74 165 229 276 291 295 
55 279 441 232 306 316 
438 487 32 187 237 292 340 342 380 486 
473 13 87 93 246 279 316 349 
199 317 452 161 
440 154 167 266 322 
190 88 201 35 299 341 378 467 
167 310 483 40 115 155 170 244 331 
402 54 426 45 46 215 465 
31 210 29 107 131 203 
205 216 436 73 208 
490 416 462 325 336 
109 372 317 268 269 452 
430 401 478 236 252 370 445 
418 66 41 150 311 
456 412 76 162 335 415 
478 118 177 72 147 152 252 398 445 
426 414 465 122 136 192 363 393 
451 6 332 77 134 231 238 249 359 407 450 
102 448 24 221 270 360 
266 318 41 96 174 311 368 
454 479 268 206 332 359 364 413 450 
492 134 403 207 228 238 253 345 351 
140 69 87 225 321 351 
235 286 41 160 262 
90 112 229 74 165 276 385 
473 151 468 303 349 
415 456 162 280 343 400 
268 209 406 109 228 269 287 348 
51 419 426 82 192 402 
21 116 400 162 194 412 456 
490 475 315 16 219 278 325 375 396 
185 84 276 20 
466 41 222 58 399 
425 471 192 18 282 414 
446 89 472 179 217 261 369 
449 21 115 43 50 92 148 170 233 308 461 
3 175 226 
497 446 448 99 110 175 259 356 
7 133 482 92 170 
242 378 122 18 185 419 
465 35 436 122 136 192 363 393 402 414 
437 169 59 84 88 117 225 283 289 299 381 
296 479 113 125 347 
9 343 218 116 280 374 469 
478 177 149 236 398 
59 467 169 131 213 324 329 333 357 
481 121 26 12 127 
380 278 292 139 340 
442 96 439 171 214 
495 439 127 79 385 
363 465 324 284 395 426 
378 185 84 427 
494 491 328 32 51 86 187 237 382 383 384 387 
496 442 52 79 320 434 435 
322 295 498 154 244 277 390 
495 127 186 258 309 386 464 
52 67 277 71 158 171 214 434 439 496 
65 44 232 4 53 212 366 
452 19 462 317 330 380 
401 398 252 123 
110 3 99 63 175 259 356 369 420 423 472 
158 450 77 128 249 
497 221 141 24 198 270 281 305 346 404 423 
154 277 461 21 43 52 233 293 421 
228 406 403 249 332 447 451 
359 77 450 60 231 403 
268 462 397 19 199 240 317 372 389 444 
106 477 334 2 108 226 371 
479 253 142 91 97 206 406 
170 92 498 50 81 
280 415 143 38 162 191 335 400 412 
11 172 265 218 337 469 
467 324 131 31 357 
477 3 106 173 211 281 334 
380 193 286 139 160 262 278 
43 421 21 339 449 
66 294 311 184 396 444 452 
64 11 159 94 180 210 223 254 326 355 358 482 
42 441 1 38 78 176 181 258 272 365 
324 393 357 35 284 363 402 426 436 
85 80 376 37 58 196 222 267 350 377 418 
324 131 391 10 203 341 357 431 458 
349 303 0 411 
218 457 429 374 
476 85 235 14 72 
8 498 493 62 242 276 282 319 419 
446 27 261 63 247 307 339 420 
69 303 279 87 93 349 388 411 
44 273 171 272 285 300 
486 328 490 330 416 
327 286 138 235 262 470 
2 183 211 3 173 220 226 334 453 459 
67 214 2 118 123 147 177 183 252 398 401 430 
359 207 209 56 97 253 406 428 454 
302 130 348 
26 309 127 0 156 166 432 
355 159 463 76 129 254 424 
167 24 86 57 102 189 216 250 274 310 331 392 
66 188 376 327 
491 494 382 290 
292 315 387 32 328 330 475 
187 340 51 70 387 
287 22 348 137 
28 46 8 263 367 
16 219 167 396 416 475 
32 494 86 290 382 384 438 485 
228 253 125 87 151 345 407 
174 6 79 263 320 367 471 
187 95 32 51 352 382 383 438 485 491 
5 194 309 127 258 435 441 
79 244 442 52 277 285 295 439 
305 259 356 110 346 423 448 
148 276 50 154 322 440 455 471 
75 229 304 5 114 245 260 
