-1 0 33 46 40 0 43 32 46 23 1 47 47 35 0 21 41 41 41 27 41 46 13 35 41 0 49 35 41 42 35 36 47 14 5 0 0 0 23 1 35 5 0 44 0 49 0 0 1 5 
1 -1 33 39 40 1 48 32 46 23 1 47 47 40 0 21 41 41 41 27 41 39 10 35 34 0 49 40 41 47 35 40 47 40 37 1 1 1 27 1 1 5 47 1 1 49 1 1 1 46 
14 40 -1 4 40 40 7 11 46 23 36 38 47 40 33 21 20 41 20 2 2 46 31 38 41 14 49 19 38 47 38 33 16 2 38 27 33 40 2 5 33 38 47 1 0 30 40 33 46 9 
46 39 33 -1 3 49 21 6 49 49 39 41 47 4 0 49 41 41 41 27 41 49 4 9 41 0 3 40 41 47 45 13 34 40 5 46 1 49 30 3 4 5 0 1 39 3 3 1 49 3 
35 40 33 4 -1 40 21 6 49 4 35 41 47 4 33 49 41 41 41 27 19 49 4 9 41 14 49 40 38 47 9 13 47 40 5 40 31 40 27 49 4 35 47 1 1 4 49 35 49 4 
5 5 33 49 40 -1 48 34 5 23 37 41 47 35 0 21 41 41 41 27 41 46 40 35 41 0 49 35 41 42 35 40 34 40 5 5 0 5 41 5 5 5 0 1 1 49 5 0 46 5 
44 48 38 49 49 46 -1 6 48 49 43 7 32 4 47 21 7 34 32 20 16 6 10 35 34 47 48 40 34 12 35 40 7 47 7 39 1 39 11 48 46 7 32 6 43 49 48 32 6 21 
47 47 38 49 49 34 7 -1 48 23 37 7 32 35 47 21 7 34 32 20 16 6 10 38 34 47 48 38 34 12 38 33 7 47 7 41 47 34 11 5 5 7 32 6 43 49 5 32 6 21 
46 46 33 49 49 8 48 6 -1 49 39 41 47 35 0 21 41 41 41 27 41 8 10 35 41 0 21 35 41 42 35 40 34 40 5 5 1 39 41 8 46 5 0 44 8 49 8 1 8 8 
35 35 38 49 9 35 21 11 49 -1 35 38 47 9 33 49 41 41 38 27 38 49 13 9 41 0 49 23 38 47 9 13 47 27 38 23 31 35 23 49 23 38 47 1 1 9 49 35 49 9 
1 10 33 39 40 37 43 34 39 23 -1 41 47 35 36 21 41 34 41 27 41 39 10 35 34 36 49 35 41 47 35 22 47 36 37 10 10 10 23 10 35 35 47 10 1 49 10 1 39 37 
47 47 38 49 40 41 7 11 5 23 35 -1 47 35 47 21 11 34 11 38 41 6 13 38 34 47 49 38 41 47 38 33 11 47 11 41 47 34 11 5 35 11 47 6 1 30 5 11 6 5 
47 47 33 39 40 0 7 32 46 23 1 47 -1 35 42 21 32 34 32 33 16 39 31 35 34 12 49 33 34 12 35 33 12 47 32 47 47 47 11 1 35 32 12 1 1 23 1 12 1 37 
35 40 33 4 13 35 21 41 5 13 35 41 47 -1 31 49 41 41 41 27 19 49 13 40 41 14 49 40 41 47 40 13 47 40 5 13 31 35 27 35 13 35 47 1 1 4 40 35 39 4 
14 0 33 46 40 0 7 32 46 23 36 47 42 31 -1 21 32 34 32 33 19 46 31 27 34 14 49 33 41 25 27 14 47 14 32 0 14 0 27 1 33 11 14 44 0 49 0 14 1 5 
46 39 33 49 49 46 21 6 21 49 39 7 47 4 0 -1 7 41 41 27 41 15 4 9 41 0 15 40 41 47 9 40 7 40 7 46 1 39 23 21 46 5 0 48 48 49 21 1 15 15 
5 5 20 49 40 41 7 16 5 23 35 16 32 35 47 21 -1 34 16 20 16 6 13 38 16 47 49 38 41 12 38 40 16 47 16 41 47 34 41 5 35 16 32 6 1 30 5 32 6 5 
5 5 38 49 40 41 7 34 5 23 37 34 32 35 47 21 34 -1 41 20 41 46 13 38 17 47 49 38 17 12 38 40 34 27 17 41 47 34 41 5 35 17 32 6 1 30 5 32 6 5 
5 5 20 49 40 41 7 32 5 23 35 18 32 35 47 21 18 41 -1 20 18 46 13 38 18 47 49 38 41 12 38 27 18 19 18 41 47 5 18 5 35 18 32 1 1 30 5 32 46 5 
35 40 19 4 40 35 7 16 5 23 35 38 47 40 33 21 20 41 20 -1 19 46 40 27 41 14 49 19 38 47 38 33 16 19 16 27 33 35 19 35 27 20 47 1 1 23 40 33 46 5 
5 5 20 49 40 41 7 16 5 23 35 41 32 40 33 21 20 41 20 20 -1 46 40 38 41 14 49 19 38 12 38 33 16 19 16 41 33 5 20 5 27 20 32 1 1 30 5 33 46 5 
46 39 33 49 49 46 21 6 21 49 39 7 47 4 0 21 7 41 41 27 41 -1 10 35 41 0 21 40 41 47 35 40 7 40 7 46 1 39 41 21 46 5 0 6 48 49 21 1 21 21 
35 10 33 4 22 40 43 34 39 13 22 41 47 22 31 49 41 41 41 27 19 39 -1 40 41 14 49 40 41 25 40 22 47 31 37 13 31 10 27 10 22 35 14 10 1 4 10 33 39 4 
35 35 38 49 9 35 48 11 5 23 35 38 47 40 33 49 41 41 38 27 38 46 40 -1 41 0 49 23 38 47 23 27 47 27 38 23 0 35 23 35 23 38 47 1 1 23 35 35 39 9 
5 37 38 49 40 41 7 34 5 23 37 34 32 35 47 21 24 24 24 20 41 46 13 38 -1 47 49 38 24 12 38 40 34 47 24 41 47 34 41 5 35 24 32 6 1 30 5 32 6 5 
25 0 33 46 40 0 7 32 46 23 36 47 25 31 25 21 32 34 32 33 19 46 31 35 34 -1 49 33 41 25 35 14 47 14 32 0 25 0 27 1 33 11 25 44 0 49 0 25 1 5 
5 46 38 26 49 49 48 6 21 49 37 41 47 4 0 26 41 41 41 27 41 26 4 9 41 0 -1 35 41 47 9 13 7 40 5 5 1 49 23 49 5 5 47 48 48 49 49 37 26 26 
35 40 19 4 40 35 48 11 5 23 35 38 47 40 33 21 41 41 38 27 19 46 40 27 41 14 49 -1 38 47 27 27 47 27 38 27 33 35 27 35 27 38 47 1 1 23 40 33 46 5 
5 5 38 49 40 41 7 34 5 23 35 41 32 35 47 21 41 28 41 38 38 46 13 38 28 47 49 38 -1 12 38 27 34 27 28 41 0 5 28 5 27 28 32 6 1 30 5 11 46 5 
42 47 33 39 40 0 7 32 46 23 1 47 29 35 25 21 32 34 32 33 16 39 31 35 34 29 49 33 34 -1 35 14 12 47 32 47 25 47 11 1 35 32 29 1 0 23 0 29 1 37 
35 35 38 45 9 35 48 11 5 30 35 38 47 40 33 49 41 41 38 38 38 46 40 30 41 0 49 30 38 47 -1 27 11 27 38 30 33 35 30 35 30 38 47 1 1 30 35 35 39 9 
36 40 33 4 13 40 48 32 46 13 22 47 47 31 31 21 41 41 38 33 19 46 31 27 41 14 49 31 38 25 27 -1 47 31 5 40 31 40 27 5 31 35 14 1 1 4 40 33 46 4 
47 47 20 49 40 34 7 32 5 23 1 32 32 35 47 21 32 34 32 20 16 6 31 35 34 47 48 33 34 12 38 33 -1 47 32 47 47 47 11 1 35 32 32 6 1 30 5 32 6 5 
14 40 33 4 40 40 7 32 46 23 36 47 47 40 33 21 32 41 20 33 19 46 31 27 34 14 49 33 38 47 27 33 47 -1 32 40 33 40 27 5 33 38 47 1 0 23 40 33 46 5 
5 37 38 49 40 34 7 34 5 23 37 34 32 35 47 21 34 34 34 20 16 6 10 38 34 47 49 38 34 12 38 40 34 47 -1 5 47 34 34 5 5 34 32 6 1 49 5 32 6 5 
35 35 19 46 40 35 48 41 5 23 35 41 47 35 0 21 41 41 41 27 41 46 13 35 41 0 49 35 41 47 35 40 47 40 5 -1 0 35 23 35 35 35 47 1 1 23 35 35 39 5 
36 36 33 39 13 0 48 32 46 13 36 47 47 31 36 21 32 34 32 33 19 39 31 35 34 36 49 33 41 25 27 36 47 36 32 0 -1 1 27 1 33 5 36 1 1 4 1 36 1 46 
37 37 33 49 40 37 48 34 39 23 37 34 47 35 0 21 34 34 41 27 41 39 10 35 34 0 49 35 41 47 35 40 47 40 37 37 1 -1 23 37 37 5 47 1 1 49 37 37 39 37 
35 40 38 45 40 41 7 11 5 23 35 38 47 40 33 49 41 41 38 38 38 46 40 38 41 14 49 38 38 47 38 27 11 27 38 23 33 35 -1 5 27 38 47 1 1 30 5 11 46 9 
1 39 33 39 49 39 48 34 39 49 39 41 47 35 0 21 41 41 41 27 41 39 10 35 41 0 49 35 41 47 35 40 47 40 5 39 1 39 41 -1 5 5 47 1 39 49 39 1 39 39 
35 40 33 4 40 40 48 34 46 23 35 41 47 40 33 21 41 41 41 27 19 46 40 40 41 14 49 40 38 47 40 40 47 40 5 40 33 40 27 5 -1 35 47 1 1 4 40 35 46 5 
5 5 38 49 40 41 7 41 5 23 35 41 32 35 47 21 41 41 41 20 41 46 13 38 41 47 49 38 41 12 38 40 41 27 41 41 0 5 41 5 35 -1 32 1 1 30 5 11 46 5 
42 47 33 46 40 0 7 32 46 23 1 47 42 35 42 21 32 34 32 33 16 46 31 35 34 42 49 33 34 42 35 14 42 47 32 47 42 47 11 1 35 32 -1 1 0 23 0 42 1 37 
44 43 33 39 40 1 43 6 44 23 43 7 47 40 0 48 7 34 41 27 41 6 10 35 34 0 48 40 34 47 35 40 7 40 7 1 1 1 27 1 1 5 47 -1 43 49 1 1 43 46 
44 44 33 39 40 1 43 6 44 23 1 47 47 40 0 48 41 41 41 27 41 48 10 35 34 0 48 40 41 42 35 40 47 14 37 1 1 1 27 44 1 5 0 44 -1 49 1 1 44 8 
5 46 38 45 45 49 21 6 49 45 37 38 47 4 0 49 41 41 38 27 38 49 4 45 41 0 49 23 38 47 45 13 11 27 5 23 31 49 30 49 4 38 47 1 8 -1 49 35 49 45 
46 46 33 46 49 46 48 34 46 49 46 41 47 40 0 21 41 41 41 27 41 46 10 35 41 0 49 40 41 42 35 40 34 40 5 46 1 46 41 46 46 5 0 1 1 49 -1 1 46 46 
47 47 33 39 40 0 7 32 46 23 1 47 47 35 47 21 32 34 32 33 19 39 31 35 34 47 49 33 41 47 35 33 47 47 32 47 47 47 11 1 35 11 47 1 1 23 1 -1 1 37 
1 48 33 49 49 46 48 6 48 49 39 7 47 35 0 48 7 34 41 27 41 48 10 35 34 0 48 40 41 47 35 40 7 40 7 39 1 39 41 48 46 5 47 48 48 49 48 1 -1 48 
5 46 38 49 49 49 21 6 49 49 37 41 47 4 0 49 41 41 41 27 41 49 4 9 41 0 49 35 41 47 9 13 34 40 5 5 1 49 23 49 5 5 47 1 8 49 49 37 49 -1 
