0 3.5 0 0 0 0 
0.133974 3.28699 -0.114511 -0.0914271 0.0355165 0.161795 
0.267948 3.07397 -0.229021 -0.182854 0.071033 0.32359 
0.133974 3.28699 -0.114511 -0.0914271 0.0355165 0.161795 
0.267948 3.07397 -0.229021 -0.182854 0.071033 0.32359 
0.394724 2.87989 -0.33738 -0.26459 0.102785 0.468236 
0.267948 3.07397 -0.229021 -0.182854 0.071033 0.32359 
0.394724 2.87989 -0.33738 -0.26459 0.102785 0.468236 
0.521501 2.68581 -0.445739 -0.346327 0.134537 0.612882 
0.643572 2.50774 -0.550077 -0.421996 0.163932 0.746791 
0.521501 2.68581 -0.445739 -0.346327 0.134537 0.612882 
0.394724 2.87989 -0.33738 -0.26459 0.102785 0.468236 
0.521501 2.68581 -0.445739 -0.346327 0.134537 0.612882 
0.643572 2.50774 -0.550077 -0.421996 0.163932 0.746791 
0.765643 2.32968 -0.654414 -0.497665 0.193327 0.8807 
0.884393 2.16251 -0.755912 -0.569194 0.221114 1.00728 
0.765643 2.32968 -0.654414 -0.497665 0.193327 0.8807 
0.643572 2.50774 -0.550077 -0.421996 0.163932 0.746791 
0.521501 2.68581 -0.445739 -0.346327 0.134537 0.612882 
0.643572 2.50774 -0.550077 -0.421996 0.163932 0.746791 
0.765643 2.32968 -0.654414 -0.497665 0.193327 0.8807 
0.884393 2.16251 -0.755912 -0.569194 0.221114 1.00728 
1.00314 1.99533 -0.85741 -0.640723 0.248901 1.13386 
1.12162 1.83899 -0.958671 -0.712022 0.276598 1.26004 
1.24009 1.68264 -1.05993 -0.783321 0.304296 1.38622 
1.35745 1.53109 -1.16025 -0.853298 0.331479 1.51005 
1.47482 1.37954 -1.26056 -0.923275 0.358663 1.63389 
1.59772 1.2355 -1.36561 -1.00021 0.388552 1.77004 
1.72062 1.09146 -1.47066 -1.07715 0.41844 1.9062 
1.84574 0.948327 -1.5776 -1.15687 0.449407 2.04727 
1.97085 0.805193 -1.68454 -1.23659 0.480374 2.18834 
2.10151 0.662571 -1.79621 -1.32328 0.514053 2.34176 
2.23216 0.519949 -1.90788 -1.40998 0.547732 2.49519 
2.37001 0.375892 -2.0257 -1.50589 0.584992 2.66492 
2.50786 0.231836 -2.14352 -1.60181 0.622252 2.83466 
2.65152 0.0844662 -2.26632 -1.70539 0.66249 3.01797 
2.79518 -0.0629032 -2.38911 -1.80897 0.702729 3.20127 
2.94881 -0.214951 -2.52042 -1.92589 0.748149 3.40818 
3.10243 -0.366999 -2.65172 -2.04281 0.793569 3.6151 
3.26769 -0.525673 -2.79297 -2.17583 0.84524 3.85048 
3.10243 -0.366999 -2.65172 -2.04281 0.793569 3.6151 
2.94881 -0.214951 -2.52042 -1.92589 0.748149 3.40818 
2.79518 -0.0629032 -2.38911 -1.80897 0.702729 3.20127 
2.65152 0.0844662 -2.26632 -1.70539 0.66249 3.01797 
2.50786 0.231836 -2.14352 -1.60181 0.622252 2.83466 
2.65152 0.0844662 -2.26632 -1.70539 0.66249 3.01797 
2.79518 -0.0629032 -2.38911 -1.80897 0.702729 3.20127 
2.94881 -0.214951 -2.52042 -1.92589 0.748149 3.40818 
3.10243 -0.366999 -2.65172 -2.04281 0.793569 3.6151 
3.26769 -0.525673 -2.79297 -2.17583 0.84524 3.85048 
3.43294 -0.684346 -2.93421 -2.30884 0.896912 4.08587 
3.6076 -0.85055 -3.0835 -2.45564 0.95394 4.34566 
3.78227 -1.01675 -3.23279 -2.60245 1.01097 4.60545 
3.96717 -1.19146 -3.39084 -2.7648 1.07404 4.89276 
4.15208 -1.36617 -3.54888 -2.92715 1.13711 5.18007 
4.01197 -1.14517 -3.49561 -2.90533 1.24005 5.20475 
3.87405 -0.929152 -3.4426 -2.88202 1.33704 5.22377 
3.73833 -0.718099 -3.38985 -2.85729 1.4282 5.23724 
3.61237 -0.513093 -3.34436 -2.84307 1.51999 5.26737 
3.48824 -0.312228 -3.2991 -2.82761 1.60704 5.29287 
3.36594 -0.115504 -3.25405 -2.81092 1.68942 5.31382 
3.25249 0.0772443 -3.21616 -2.80514 1.77486 5.35341 
3.1405 0.26668 -3.17845 -2.79832 1.85662 5.3893 
3.03664 0.453797 -3.14781 -2.80276 1.94326 5.44541 
2.93387 0.638429 -3.11731 -2.80637 2.02715 5.49866 
2.83219 0.820576 -3.08693 -2.80916 2.10832 5.54909 
2.73773 1.00248 -3.06352 -2.82372 2.1966 5.62181 
2.64399 1.18272 -3.0402 -2.8377 2.28305 5.69257 
2.55674 1.36437 -3.02375 -2.86394 2.37838 5.78737 
2.46984 1.54519 -3.00736 -2.88986 2.47277 5.88115 
2.38332 1.72519 -2.991 -2.91546 2.56625 5.97391 
2.30235 1.90867 -2.98142 -2.95406 2.67085 6.09314 
2.2264 2.09686 -2.97855 -3.00619 2.788 6.24044 
2.15009 2.28589 -2.97563 -3.0587 2.90612 6.38888 
2.07341 2.47575 -2.97267 -3.1116 3.02522 6.53847 
2.00083 2.6724 -2.97631 -3.17904 3.15938 6.71918 
1.92752 2.8707 -2.97986 -3.24733 3.29559 6.90232 
1.85757 3.07746 -2.98993 -3.33113 3.44905 7.11933 
1.78654 3.2867 -2.99987 -3.4163 3.60572 7.34026 
1.71814 3.50604 -3.01623 -3.51812 3.78204 7.59815 
1.64827 3.7287 -3.03243 -3.62193 3.96285 7.86166 
1.58032 3.96313 -3.05496 -3.74367 4.16596 8.16564 
1.51054 4.2017 -3.07728 -3.86812 4.37501 8.47717 
1.44193 4.45368 -3.10585 -4.01198 4.60928 8.83311 
1.37113 4.71064 -3.13416 -4.15937 4.85112 9.19881 
1.44193 4.45368 -3.10585 -4.01198 4.60928 8.83311 
1.51054 4.2017 -3.07728 -3.86812 4.37501 8.47717 
1.58032 3.96313 -3.05496 -3.74367 4.16596 8.16564 
1.51054 4.2017 -3.07728 -3.86812 4.37501 8.47717 
1.44193 4.45368 -3.10585 -4.01198 4.60928 8.83311 
1.37113 4.71064 -3.13416 -4.15937 4.85112 9.19881 
1.30078 4.98267 -3.16864 -4.32786 5.12142 9.61336 
1.22787 5.2605 -3.20281 -4.50081 5.40114 10.0402 
1.22277 5.11089 -3.06744 -4.62816 5.19767 9.6944 
1.21993 4.97356 -2.94044 -4.76493 5.01988 9.39505 
1.21689 4.83797 -2.8154 -4.8933 4.84612 9.10191 
1.21366 4.70413 -2.69232 -5.0134 4.67636 8.81494 
1.21024 4.57205 -2.57121 -5.12538 4.51054 8.53405 
1.20919 4.45118 -2.45728 -5.2517 4.3672 8.29445 
1.2054 4.32242 -2.3399 -5.34853 4.20866 8.02478 
1.20663 4.21366 -2.23414 -5.48503 4.08927 7.82864 
1.20512 4.097 -2.12493 -5.59222 3.95463 7.60234 
1.2061 3.9905 -2.02173 -5.71832 3.83969 7.41294 
1.20696 3.88506 -1.9197 -5.83966 3.72675 7.22656 
1.21039 3.78909 -1.82291 -5.98286 3.63193 7.07459 
1.21375 3.69382 -1.7269 -6.12284 3.53835 6.92446 
1.21703 3.59925 -1.63167 -6.25961 3.44601 6.77617 
1.22298 3.51328 -1.54069 -6.42204 3.37003 6.65961 
1.22889 3.42765 -1.4501 -6.58282 3.29462 6.54388 
1.23755 3.34992 -1.36298 -6.77242 3.23435 6.45805 
1.24621 3.27219 -1.27585 -6.96203 3.17407 6.37223 
1.25487 3.19446 -1.18873 -7.15164 3.11379 6.2864 
1.26638 3.12375 -1.10409 -7.37435 3.06729 6.22853 
1.27792 3.05269 -1.01905 -7.59885 3.02027 6.16996 
1.29239 2.98795 -0.93571 -7.8602 2.98605 6.13804 
1.30693 2.92251 -0.851585 -8.1253 2.95085 6.1048 
1.32448 2.86269 -0.768371 -8.43137 2.92759 6.09713 
1.34214 2.80182 -0.683981 -8.74341 2.90291 6.08762 
1.35993 2.7399 -0.598412 -9.06147 2.87682 6.07626 
1.38379 2.68851 -0.513882 -9.46704 2.87401 6.11563 
1.40485 2.62976 -0.426478 -9.84163 2.8568 6.12617 
1.4321 2.58049 -0.338934 -10.3117 2.86183 6.18644 
1.45655 2.52386 -0.248517 -10.7511 2.85237 6.21775 
1.48731 2.47566 -0.156782 -11.2948 2.86413 6.29798 
1.51835 2.42501 -0.0623006 -11.8562 2.87291 6.37489 
1.54966 2.37191 0.0349282 -12.4358 2.87864 6.44837 
1.46716 2.05243 0.0466306 -12.1182 2.73149 6.31854 
1.38639 1.74107 0.0579869 -11.8038 2.58926 6.18845 
1.30734 1.43785 0.0689969 -11.4928 2.45186 6.05815 
1.23523 1.1476 0.0799983 -11.2802 2.3389 5.97806 
1.16188 0.861321 0.0905588 -11.0218 2.21959 5.87225 
1.09472 0.584526 0.101259 -10.8591 2.12236 5.81611 
1.02631 0.311697 0.111519 -10.6508 2.0187 5.73431 
0.963363 0.0448716 0.122066 -10.5361 1.93498 5.70191 
0.901155 -0.21847 0.132465 -10.4217 1.85295 5.66889 
0.839686 -0.478327 0.142716 -10.3075 1.77257 5.63527 
0.7807 -0.736344 0.153161 -10.2394 1.70143 5.62613 
0.722207 -0.992038 0.163506 -10.1712 1.63135 5.61649 
0.665704 -1.24821 0.174144 -10.1486 1.56937 5.63163 
0.609447 -1.50323 0.184732 -10.1258 1.50789 5.64647 
0.554686 -1.76105 0.195712 -10.1487 1.45346 5.68658 
0.499925 -2.01887 0.206692 -10.1715 1.39903 5.7267 
0.445165 -2.27669 0.217671 -10.1944 1.3446 5.76682 
0.391283 -2.54022 0.229166 -10.2633 1.29599 5.83312 
0.337155 -2.80491 0.24071 -10.3325 1.24689 5.89985 
0.283413 -3.07763 0.252868 -10.4486 1.20269 5.99372 
0.229177 -3.35267 0.265125 -10.5656 1.15754 6.08857 
0.174448 -3.63004 0.277481 -10.6834 1.11144 6.18439 
0.119489 -3.91834 0.290574 -10.8496 1.06908 6.30888 
0.063789 -4.21012 0.303816 -11.0175 1.0253 6.43504 
0.00736524 -4.51517 0.317894 -11.2355 0.984358 6.59137 
-0.0499378 -4.8145 0.331458 -11.4069 0.937482 6.72125 
-0.108442 -5.13919 0.346644 -11.6791 0.896758 6.91152 
-0.167826 -5.45817 0.361316 -11.9048 0.850052 7.07539 
-0.228674 -5.79388 0.376973 -12.1839 0.804729 7.27214 
