3.00556 2.1751 3.22367 -6.53171 19.7239 -10.5508 
3.0168 2.29477 2.91882 -6.23183 18.5885 -10.0467 
3.03534 2.41423 2.63746 -5.9857 17.6379 -9.63142 
3.06238 2.53569 2.37695 -5.79121 16.8593 -9.30089 
3.09909 2.6614 2.13463 -5.64674 16.2422 -9.05206 
3.14663 2.79358 1.90785 -5.55123 15.7779 -8.88273 
3.2062 2.93446 1.69396 -5.50416 15.4597 -8.79165 
3.27159 3.07932 1.48697 -5.48087 15.214 -8.73901 
3.35854 3.24392 1.29137 -5.53137 15.1755 -8.80425 
3.45327 3.41621 1.09824 -5.60709 15.2055 -8.90958 
3.55637 3.59731 0.906266 -5.70891 15.3038 -9.05615 
3.67659 3.79677 0.715703 -5.86388 15.5399 -9.28664 
3.80675 4.00801 0.522756 -6.04818 15.8465 -9.56298 
3.95599 4.24133 0.326809 -6.29064 16.296 -9.93044 
4.11675 4.48941 0.124947 -6.56722 16.822 -10.3508 
4.2896 4.75335 -0.0841561 -6.88018 17.4275 -10.8272 
4.47513 5.03427 -0.301824 -7.23199 18.1159 -11.3635 
4.67394 5.33329 -0.529381 -7.62534 18.8911 -11.9636 
4.41776 5.20074 -0.381538 -7.2785 18.2905 -11.393 
4.18593 5.09008 -0.240826 -6.99857 17.8369 -10.9293 
3.96815 4.99055 -0.10535 -6.75323 17.4537 -10.5215 
3.76347 4.90206 0.0257246 -6.54082 17.1402 -10.1665 
3.57097 4.82452 0.153234 -6.35988 16.8959 -9.86176 
3.3897 4.75784 0.278013 -6.20913 16.7207 -9.60497 
3.21871 4.70191 0.400898 -6.08748 16.615 -9.39412 
3.05708 4.65665 0.522724 -5.99403 16.5793 -9.2275 
2.90385 4.62197 0.644327 -5.92807 16.6147 -9.1037 
2.75809 4.59776 0.766543 -5.88907 16.7228 -9.02161 
2.61295 4.57361 0.888201 -5.85024 16.8294 -8.93998 
2.75809 4.59776 0.766543 -5.88907 16.7228 -9.02161 
2.90385 4.62197 0.644327 -5.92807 16.6147 -9.1037 
3.05708 4.65665 0.522724 -5.99403 16.5793 -9.2275 
3.21871 4.70191 0.400898 -6.08748 16.615 -9.39412 
3.3897 4.75784 0.278013 -6.20913 16.7207 -9.60497 
3.57097 4.82452 0.153234 -6.35988 16.8959 -9.86176 
3.76347 4.90206 0.0257246 -6.54082 17.1402 -10.1665 
3.96815 4.99055 -0.10535 -6.75323 17.4537 -10.5215 
4.18593 5.09008 -0.240826 -6.99857 17.8369 -10.9293 
4.41776 5.20074 -0.381538 -7.2785 18.2905 -11.393 
4.67394 5.33329 -0.529381 -7.62534 18.8911 -11.9636 
4.57589 5.23531 -0.419055 -7.19881 18.3609 -11.4532 
4.47877 5.13798 -0.311652 -6.78736 17.8384 -10.9575 
4.38258 5.04132 -0.207171 -6.39074 17.3236 -10.4764 
4.29639 4.9558 -0.105836 -6.03417 16.8878 -10.0519 
4.211 4.87085 -0.00700644 -5.68956 16.4576 -9.63901 
4.13535 4.79685 0.0895119 -5.37999 16.1028 -9.2776 
4.06925 4.73365 0.184345 -5.10209 15.8209 -8.96423 
4.00368 4.67084 0.277509 -4.83144 15.5416 -8.65758 
3.93864 4.6084 0.369002 -4.56795 15.2648 -8.35759 
3.88281 4.55654 0.459854 -4.33089 15.0579 -8.10039 
3.836 4.5151 0.550691 -4.11744 14.9194 -7.88324 
3.78946 4.47385 0.640693 -3.9073 14.7817 -7.669 
3.75167 4.44285 0.731515 -3.71725 14.711 -7.49153 
3.72243 4.42194 0.823783 -3.54481 14.7071 -7.34864 
3.70155 4.41099 0.918124 -3.38766 14.7697 -7.2384 
3.68053 4.39995 1.01288 -3.22897 14.8325 -7.12693 
3.67583 4.40854 1.11304 -3.0964 15.0295 -7.07743 
3.67073 4.41684 1.21445 -2.95937 15.2278 -7.02464 
3.67333 4.43463 1.32002 -2.83029 15.4956 -6.99933 
3.68342 4.46176 1.43037 -2.70703 15.8345 -7.00026 
3.70081 4.49809 1.54614 -2.58742 16.2468 -7.02633 
3.7253 4.54347 1.66794 -2.46927 16.7351 -7.07652 
3.75669 4.59778 1.79641 -2.35033 17.3025 -7.14993 
3.80254 4.67039 1.93613 -2.23736 18.0261 -7.27534 
3.84707 4.74205 2.08002 -2.10896 18.7643 -7.39248 
3.64856 4.57855 2.16524 -2.11281 17.5136 -7.05564 
3.46992 4.43554 2.25171 -2.12421 16.4552 -6.77938 
3.31003 4.31264 2.34118 -2.14518 15.5725 -6.56139 
3.16777 4.20946 2.43542 -2.17776 14.8512 -6.39989 
3.04202 4.12563 2.53622 -2.22397 14.2789 -6.29375 
2.93166 4.06076 2.64533 -2.28593 13.8454 -6.24245 
2.82918 4.00545 2.75832 -2.35524 13.4814 -6.21803 
2.74642 3.97744 2.88909 -2.4552 13.303 -6.27731 
2.66967 3.95836 3.02668 -2.56671 13.184 -6.36523 
2.59838 3.948 3.17197 -2.6912 13.1223 -6.48279 
2.53761 3.95496 3.33326 -2.84284 13.1747 -6.66077 
2.48081 3.97014 3.50462 -3.01181 13.2809 -6.87214 
2.43266 4.00202 3.69492 -3.21391 13.4987 -7.14969 
2.38698 4.04161 3.89764 -3.43869 13.7695 -7.46617 
2.3432 4.08873 4.11368 -3.68852 14.0933 -7.82416 
2.30077 4.14318 4.34392 -3.96593 14.4706 -8.22648 
2.25911 4.20477 4.58923 -4.2737 14.9017 -8.67627 
2.27241 4.24344 4.42139 -4.12774 13.9937 -8.11617 
2.29197 4.29321 4.27428 -4.01472 13.2328 -7.64435 
2.3137 4.34652 4.13835 -3.91734 12.5532 -7.22191 
2.33801 4.40425 4.01325 -3.83546 11.9489 -6.84499 
2.37052 4.47707 3.90723 -3.78557 11.4648 -6.53876 
2.40673 4.55659 3.81109 -3.75106 11.043 -6.26946 
2.44704 4.64365 3.72448 -3.73204 10.6794 -6.03435 
2.49749 4.74983 3.65528 -3.74559 10.4171 -5.85731 
2.44704 4.64365 3.72448 -3.73204 10.6794 -6.03435 
2.49749 4.74983 3.65528 -3.74559 10.4171 -5.85731 
2.54738 4.85486 3.58656 -3.75845 10.1583 -5.68272 
2.60853 4.98129 3.5343 -3.80498 9.99306 -5.56079 
2.67572 5.11927 3.48992 -3.86895 9.87238 -5.4635 
2.74318 5.25782 3.44531 -3.93339 9.75031 -5.36515 
2.82356 5.42121 3.41574 -4.03431 9.71356 -5.31319 
2.90476 5.58631 3.38546 -4.13687 9.67314 -5.25836 
2.99339 5.76582 3.36187 -4.25982 9.67158 -5.22361 
3.08986 5.96061 3.34463 -4.40434 9.70764 -5.20781 
3.18771 6.15826 3.32621 -4.5521 9.73823 -5.18752 
3.30096 6.38589 3.3207 -4.74331 9.84669 -5.20676 
3.18771 6.15826 3.32621 -4.5521 9.73823 -5.18752 
3.30096 6.38589 3.3207 -4.74331 9.84669 -5.20676 
3.409 6.60368 3.30661 -4.91912 9.90676 -5.19825 
3.52598 6.83903 3.29791 -5.12034 10.0016 -5.20573 
3.65233 7.0928 3.29425 -5.34866 10.1302 -5.22816 
3.78088 7.35114 3.2887 -5.58355 10.251 -5.24353 
3.74568 7.00437 3.27552 -5.43191 9.71765 -4.94977 
3.71696 6.67929 3.26742 -5.30236 9.24137 -4.68655 
3.68717 6.36119 3.25781 -5.17267 8.78092 -4.43274 
3.67197 6.076 3.26062 -5.08621 8.40756 -4.22411 
3.65597 5.79605 3.2623 -4.99919 8.04479 -4.02185 
3.64713 5.53341 3.26999 -4.93318 7.72614 -3.84263 
3.64564 5.2868 3.28398 -4.88804 7.44848 -3.68458 
3.64363 5.04367 3.29722 -4.84223 7.17702 -3.53032 
3.64924 4.81481 3.31713 -4.8173 6.94274 -3.39498 
3.66268 4.59891 3.344 -4.81335 6.74308 -3.27703 
3.68415 4.39465 3.37809 -4.83063 6.57575 -3.17508 
3.70549 4.19127 3.412 -4.8476 6.40973 -3.07394 
3.7267 3.98875 3.44573 -4.86428 6.245 -2.97362 
3.76476 3.80429 3.49504 -4.92503 6.13685 -2.90024 
3.80297 3.61895 3.54454 -4.98617 6.02754 -2.8261 
3.8413 3.43274 3.59423 -5.04772 5.91705 -2.75121 
3.88847 3.25294 3.65228 -5.13261 5.83144 -2.68757 
3.94467 3.07822 3.71896 -5.24168 5.7692 -2.63415 
4.00127 2.90089 3.78621 -5.35228 5.70371 -2.57857 
4.06718 2.7269 3.86247 -5.48842 5.65969 -2.53188 
4.13361 2.54942 3.93948 -5.62683 5.61145 -2.48235 
4.20059 2.36845 4.01725 -5.76756 5.55892 -2.42992 
4.2772 2.18864 4.10449 -5.93583 5.52554 -2.3847 
4.35448 2.00445 4.19267 -6.1073 5.48687 -2.33585 
4.44166 1.81969 4.29071 -6.3082 5.46551 -2.29285 
4.52964 1.62968 4.38988 -6.51335 5.43783 -2.24544 
4.61843 1.43444 4.49017 -6.72277 5.40368 -2.19355 
4.71746 1.23642 4.60078 -6.96435 5.38441 -2.14565 
4.66693 1.12809 4.42538 -6.55927 5.08414 -2.04187 
4.62547 1.02445 4.26187 -6.19426 4.81422 -1.94941 
4.58363 0.923018 4.10107 -5.8413 4.553 -1.85968 
4.54141 0.823806 3.94298 -5.50019 4.30034 -1.77261 
4.50841 0.728359 3.79566 -5.19284 4.07344 -1.69539 
4.47509 0.634759 3.65059 -4.89483 3.85328 -1.62026 
4.45111 0.544185 3.51539 -4.6261 3.65562 -1.55392 
4.42688 0.455088 3.382 -4.36448 3.46308 -1.48916 
4.4024 0.367468 3.25041 -4.10989 3.2756 -1.42595 
4.38741 0.281952 3.12757 -3.87946 3.10691 -1.37037 
4.37224 0.197543 3.00609 -3.65409 2.94184 -1.31589 
4.36669 0.1145 2.89245 -3.44919 2.7929 -1.26819 
4.37086 0.0322679 2.78599 -3.2622 2.65824 -1.22671 
4.37496 -0.0495951 2.67998 -3.0768 2.5247 -1.18557 
4.379 -0.131089 2.57441 -2.89296 2.39229 -1.14475 
4.40286 -0.213176 2.4805 -2.73534 2.28156 -1.11431 
4.42678 -0.295632 2.38614 -2.57621 2.16974 -1.08356 
4.45076 -0.378457 2.29133 -2.41555 2.05685 -1.0525 
4.48484 -0.462687 2.20099 -2.26349 1.9516 -1.02571 
4.52911 -0.548875 2.11445 -2.1178 1.85244 -1.00277 
4.58367 -0.637575 2.03103 -1.97631 1.75783 -0.983257 
4.63847 -0.727752 1.94581 -1.8288 1.659 -0.96258 
4.70369 -0.821179 1.86281 -1.68246 1.56262 -0.944797 
4.77941 -0.918412 1.78136 -1.53499 1.46712 -0.929513 
4.85552 -1.01786 1.69721 -1.37823 1.36513 -0.91249 
4.9525 -1.12418 1.61705 -1.2221 1.26698 -0.901136 
5.04999 -1.23345 1.53329 -1.05319 1.15995 -0.88747 
5.1583 -1.34837 1.44882 -0.874663 1.04799 -0.87492 
4.95868 -1.33414 1.21772 -1.04865 0.954789 -0.851759 
4.7828 -1.32456 1.00045 -1.21284 0.874326 -0.834797 
4.61988 -1.31705 0.792925 -1.36662 0.801535 -0.820589 
4.46945 -1.31171 0.593927 -1.51268 0.735606 -0.809192 
4.34058 -1.31154 0.403139 -1.66087 0.678769 -0.804202 
4.22297 -1.31385 0.217662 -1.80779 0.626945 -0.802212 
4.11614 -1.31874 0.0362902 -1.95577 0.579517 -0.803326 
4.02869 -1.32932 -0.142505 -2.11663 0.538323 -0.811312 
3.94187 -1.33976 -0.319691 -2.27437 0.4978 -0.819058 
3.8732 -1.35618 -0.497519 -2.45113 0.462116 -0.834097 
3.81313 -1.37571 -0.676875 -2.6398 0.428364 -0.852982 
3.75275 -1.39531 -0.857036 -2.83009 0.394293 -0.872012 
3.70866 -1.42134 -1.04267 -3.04925 0.363143 -0.899216 
3.66363 -1.4476 -1.23071 -3.27354 0.331047 -0.926915 
3.62566 -1.47734 -1.42431 -3.51848 0.29931 -0.959333 
3.59427 -1.51066 -1.62466 -3.78703 0.267458 -0.996797 
3.56133 -1.54435 -1.82904 -4.06478 0.233992 -1.03521 
3.54188 -1.58515 -2.04613 -4.38907 0.200585 -1.08375 
3.51289 -1.62307 -2.2641 -4.70747 0.164169 -1.12905 
3.48924 -1.66487 -2.49205 -5.0586 0.126235 -1.18047 
3.47047 -1.71067 -2.73119 -5.44622 0.0862287 -1.23845 
3.44921 -1.75706 -2.97676 -5.85097 0.0433923 -1.29829 
3.54614 -1.62446 -2.91865 -5.68139 0.0974197 -1.37147 
3.6473 -1.50301 -2.8712 -5.55029 0.14634 -1.44238 
3.75509 -1.39167 -2.83472 -5.45848 0.191661 -1.51421 
3.8719 -1.28942 -2.80953 -5.407 0.234781 -1.58998 
4.00012 -1.19523 -2.79593 -5.39724 0.277017 -1.67261 
4.14214 -1.10807 -2.79423 -5.43098 0.319632 -1.76501 
4.29066 -1.02459 -2.79844 -5.48569 0.362227 -1.86171 
4.45695 -0.94643 -2.81508 -5.5879 0.407263 -1.97314 
4.63293 -0.870579 -2.83803 -5.71486 0.453932 -2.09296 
4.8198 -0.796526 -2.86746 -5.86827 0.502869 -2.22281 
5.03001 -0.725382 -2.91004 -6.07729 0.557221 -2.37502 
5.25429 -0.654664 -2.95951 -6.31837 0.615635 -2.54201 
5.49383 -0.583856 -3.01602 -6.59409 0.678846 -2.72579 
5.74982 -0.512443 -3.07973 -6.90725 0.747636 -2.92849 
6.01059 -0.438971 -3.14406 -7.22994 0.819322 -3.13898 
6.30267 -0.364977 -3.22259 -7.62639 0.901531 -3.38583 
6.60113 -0.288237 -3.30195 -8.03704 0.987883 -3.64392 
6.90595 -0.208751 -3.38214 -8.46214 1.07847 -3.91349 
7.23161 -0.126773 -3.4701 -8.93767 1.17809 -4.21161 
7.10204 0.0386488 -3.47934 -8.6081 1.31489 -4.23716 
6.97292 0.198757 -3.48648 -8.28606 1.44107 -4.25459 
6.87301 0.355037 -3.50618 -8.03862 1.56999 -4.30007 
6.75909 0.506257 -3.51683 -7.76288 1.68399 -4.32099 
6.6742 0.655642 -3.54084 -7.5578 1.8047 -4.37259 
6.5896 0.801705 -3.56353 -7.35623 1.91913 -4.41907 
6.51954 0.946519 -3.59277 -7.18957 2.03627 -4.48011 
6.44971 1.08868 -3.62096 -7.02539 2.14846 -4.53702 
6.39432 1.23091 -3.65621 -6.89429 2.26582 -4.61034 
6.33909 1.37115 -3.69068 -6.76483 2.37951 -4.68052 
6.29819 1.5128 -3.73275 -6.66692 2.50077 -4.769 
6.27152 1.65686 -3.7828 -6.59964 2.63142 -4.87728 
6.24491 1.80025 -3.8326 -6.53278 2.76081 -4.98444 
6.23243 1.94737 -3.89091 -6.4956 2.90204 -5.11354 
6.21995 2.09449 -3.94923 -6.45843 3.04327 -5.24265 
6.20746 2.24161 -4.00754 -6.42126 3.1845 -5.37175 
6.20896 2.39412 -4.07504 -6.41294 3.34077 -5.52571 
6.22436 2.55302 -4.1521 -6.43316 3.51408 -5.70647 
6.23965 2.71325 -4.2297 -6.45297 3.69011 -5.88979 
6.25482 2.87481 -4.30781 -6.47236 3.86886 -6.07571 
6.28375 3.04442 -4.39616 -6.52007 4.06829 -6.29199 
6.31252 3.21602 -4.4853 -6.56733 4.272 -6.5124 
6.34111 3.38961 -4.57523 -6.61412 4.48001 -6.73696 
6.38332 3.57291 -4.67605 -6.68929 4.71271 -6.99592 
6.43907 3.76692 -4.78816 -6.79306 4.97267 -7.29192 
6.4808 3.95586 -4.89121 -6.86748 5.21836 -7.56366 
6.53601 4.15618 -5.00582 -6.97065 5.49325 -7.87444 
6.59094 4.35982 -5.12174 -7.07354 5.77621 -8.19322 
6.65923 4.57616 -5.24973 -7.20564 6.09229 -8.55514 
6.72719 4.79648 -5.37931 -7.33769 6.41864 -8.92734 
6.79481 5.02078 -5.51046 -7.46966 6.75542 -9.30998 
6.67047 4.99348 -5.442 -7.05503 6.61007 -9.25714 
6.56043 4.97516 -5.38434 -6.68242 6.4916 -9.23422 
6.45111 4.9558 -5.32647 -6.32178 6.37306 -9.2042 
6.3425 4.93539 -5.2684 -5.97295 6.25449 -9.16725 
6.24789 4.92442 -5.22121 -5.65978 6.16211 -9.16251 
6.15387 4.91257 -5.17386 -5.3559 6.06949 -9.15189 
6.07362 4.9105 -5.13747 -5.0832 6.00265 -9.17525 
5.99385 4.90774 -5.10094 -4.81755 5.93544 -9.19375 
5.91455 4.90428 -5.06427 -4.55886 5.86785 -9.20745 
5.84872 4.91103 -5.03866 -4.32627 5.82578 -9.25755 
5.78324 4.91726 -5.01294 -4.09865 5.78328 -9.30389 
5.731 4.93406 -4.99834 -3.89345 5.76625 -9.38868 
5.69182 4.96168 -4.99493 -3.70812 5.77481 -9.51363 
5.65275 4.98913 -4.99148 -3.52434 5.78312 -9.63717 
5.61381 5.0164 -4.988 -3.34211 5.79119 -9.75931 
5.60026 5.06637 -5.00708 -3.19016 5.85172 -9.96987 
5.5866 5.11652 -5.0262 -3.03673 5.91262 -10.182 
5.57282 5.16684 -5.04536 -2.88182 5.97389 -10.3958 
5.57138 5.22903 -5.07591 -2.73765 6.06262 -10.6588 
5.58211 5.30336 -5.1179 -2.60211 6.17966 -10.974 
5.60483 5.39008 -5.17138 -2.47308 6.32603 -11.3447 
5.62708 5.4775 -5.22501 -2.33825 6.47465 -11.7233 
5.66108 5.57766 -5.29021 -2.20706 6.65426 -12.1624 
5.70666 5.69083 -5.36702 -2.07735 6.86628 -12.6661 
5.75152 5.80505 -5.44405 -1.93874 7.08251 -13.1835 
5.81977 5.94493 -5.54424 -1.80596 7.36386 -13.829 
5.88708 6.0862 -5.64472 -1.66102 7.65195 -14.4953 
5.96536 6.24135 -5.75699 -1.50961 7.97873 -15.2434 
5.89585 6.11849 -5.61597 -1.21613 7.6201 -14.6284 
5.8255 5.99638 -5.47654 -0.939266 7.27235 -14.0296 
5.77848 5.8997 -5.36114 -0.684342 6.99371 -13.56 
5.71869 5.79128 -5.23581 -0.439402 6.69382 -13.0456 
5.68255 5.70802 -5.13391 -0.209833 6.45794 -12.6524 
5.64588 5.62523 -5.033 0.0102343 6.22761 -12.2671 
5.62098 5.55506 -4.9439 0.221921 6.0291 -11.942 
5.59566 5.48526 -4.8556 0.426223 5.83471 -11.6226 
5.58233 5.4279 -4.77872 0.626019 5.66955 -11.3595 
5.58113 5.38283 -4.71294 0.824068 5.53191 -11.1499 
5.57973 5.33795 -4.64757 1.01851 5.39605 -10.9428 
5.57811 5.29326 -4.5826 1.20938 5.26196 -10.738 
5.5889 5.26063 -4.52824 1.40302 5.15287 -10.5834 
5.61226 5.23992 -4.48421 1.6021 5.06746 -10.477 
5.64833 5.23099 -4.45019 1.80932 5.00456 -10.4175 
5.67174 5.21024 -4.40606 2.0093 4.91876 -10.3107 
5.7208 5.21286 -4.38157 2.22923 4.8766 -10.296 
5.77007 5.21529 -4.35669 2.45287 4.83308 -10.2798 
5.81955 5.21754 -4.33141 2.68024 4.78819 -10.262 
5.88223 5.23115 -4.31526 2.92427 4.76293 -10.2881 
5.94522 5.24447 -4.29851 3.17407 4.73572 -10.3121 
6.02162 5.26897 -4.29049 3.44465 4.72707 -10.3791 
6.09844 5.2931 -4.28168 3.72322 4.71593 -10.4437 
6.18888 5.32822 -4.2812 4.02703 4.72238 -10.5508 
6.2931 5.37418 -4.28875 4.35961 4.74578 -10.7002 
6.38464 5.40831 -4.28618 4.6856 4.74594 -10.8018 
6.49007 5.45319 -4.29145 5.04308 4.76253 -10.9455 
6.60954 5.50869 -4.30426 5.43595 4.79493 -11.1314 
6.72974 5.56354 -4.31567 5.84502 4.82325 -11.3142 
6.63904 5.4312 -4.11455 5.55754 4.44119 -11.034 
6.54779 5.30027 -3.91773 5.27962 4.07637 -10.7546 
6.48311 5.19247 -3.74086 5.05331 3.75982 -10.5641 
6.40442 5.07496 -3.55965 4.81296 3.44068 -10.3294 
6.35251 4.98005 -3.39677 4.61987 3.16262 -10.1821 
6.30025 4.88603 -3.23658 4.43176 2.89411 -10.0341 
6.26135 4.80339 -3.08583 4.26723 2.64657 -9.92885 
6.22218 4.72146 -2.93722 4.10644 2.40635 -9.82276 
6.1965 4.65057 -2.79697 3.96695 2.18305 -9.75916 
6.17061 4.5802 -2.65834 3.83009 1.96506 -9.69466 
6.15835 4.52053 -2.527 3.71249 1.76022 -9.67271 
6.15983 4.47127 -2.40214 3.61281 1.56586 -9.69361 
6.16124 4.4222 -2.27781 3.5139 1.37319 -9.71402 
6.17652 4.38319 -2.1589 3.43126 1.18757 -9.77805 
6.19181 4.34418 -2.03999 3.34861 1.00196 -9.84209 
6.20709 4.30517 -1.92107 3.26596 0.816338 -9.90612 
6.23642 4.2758 -1.80623 3.1977 0.633571 -10.0152 
6.2799 4.25579 -1.69464 3.1428 0.45115 -10.1705 
6.32352 4.23542 -1.58199 3.08653 0.265374 -10.3274 
6.36727 4.21471 -1.46826 3.02887 0.0762179 -10.4859 
6.42535 4.20292 -1.35645 2.98297 -0.116855 -10.6932 
6.48363 4.1906 -1.24303 2.93504 -0.31508 -10.9031 
6.54212 4.17775 -1.128 2.88506 -0.518508 -11.1158 
6.61511 4.17339 -1.01355 2.84528 -0.730341 -11.3803 
6.70269 4.17725 -0.898869 2.81483 -0.95336 -11.6989 
6.77626 4.17139 -0.779854 2.76933 -1.18044 -11.9724 
6.8645 4.17358 -0.660076 2.73249 -1.42079 -12.3017 
6.95309 4.17489 -0.537613 2.69224 -1.67047 -12.6367 
7.05648 4.18389 -0.413312 2.65939 -1.93756 -13.031 
7.16028 4.19183 -0.285791 2.62242 -2.21631 -13.433 
7.2645 4.19872 -0.155049 2.58122 -2.50694 -13.8429 
6.87613 3.97812 0.00161419 2.30651 -2.51955 -12.7909 
6.55325 3.79516 0.14826 2.08753 -2.55431 -11.9896 
6.2927 3.64808 0.28865 1.91601 -2.61775 -11.4166 
6.06436 3.51953 0.424659 1.76929 -2.69259 -10.9574 
5.87987 3.41632 0.559424 1.65159 -2.79493 -10.6529 
5.73687 3.33715 0.695767 1.55888 -2.93024 -10.4955 
5.62029 3.27333 0.834623 1.48099 -3.09063 -10.4336 
5.54098 3.23124 0.980073 1.42216 -3.29519 -10.5127 
5.47226 3.19539 1.12991 1.36741 -3.52006 -10.6383 
5.42522 3.17231 1.28791 1.32159 -3.78449 -10.8584 
5.38666 3.1543 1.45281 1.27739 -4.07677 -11.1267 
5.35579 3.14095 1.62554 1.23386 -4.40016 -11.4447 
5.33181 3.13182 1.80706 1.19002 -4.75823 -11.8136 
5.31394 3.12647 1.99829 1.14482 -5.15477 -12.2353 
5.29081 3.11825 2.1958 1.09279 -5.57163 -12.661 
5.08364 3.00587 1.93658 1.1762 -5.35187 -12.2652 
4.88025 2.89544 1.68385 1.25363 -5.13795 -11.8768 
4.69041 2.79279 1.44061 1.33074 -4.9504 -11.5438 
4.51332 2.69748 1.20547 1.40879 -4.78761 -11.2639 
4.32969 2.59803 0.972891 1.47641 -4.60874 -10.9415 
4.15826 2.50565 0.747483 1.5459 -4.45356 -10.6706 
3.99823 2.41993 0.527857 1.61844 -4.32065 -10.4493 
3.84035 2.33532 0.311938 1.68777 -4.19035 -10.2309 
3.69279 2.25681 0.0999476 1.76171 -4.08065 -10.0597 
3.54685 2.17914 -0.109262 1.83326 -3.97275 -9.89043 
3.41013 2.107 -0.316398 1.91097 -3.88397 -9.76653 
3.2745 2.03542 -0.52168 1.98708 -3.7963 -9.64368 
3.13995 1.9644 -0.725108 2.0616 -3.70973 -9.52185 
3.2745 2.03542 -0.52168 1.98708 -3.7963 -9.64368 
3.41013 2.107 -0.316398 1.91097 -3.88397 -9.76653 
3.54685 2.17914 -0.109262 1.83326 -3.97275 -9.89043 
3.69279 2.25681 0.0999476 1.76171 -4.08065 -10.0597 
3.84035 2.33532 0.311938 1.68777 -4.19035 -10.2309 
3.99823 2.41993 0.527857 1.61844 -4.32065 -10.4493 
4.15826 2.50565 0.747483 1.5459 -4.45356 -10.6706 
4.32969 2.59803 0.972891 1.47641 -4.60874 -10.9415 
4.51332 2.69748 1.20547 1.40879 -4.78761 -11.2639 
4.69041 2.79279 1.44061 1.33074 -4.9504 -11.5438 
4.88025 2.89544 1.68385 1.25363 -5.13795 -11.8768 
5.08364 3.00587 1.93658 1.1762 -5.35187 -12.2652 
5.29081 3.11825 2.1958 1.09279 -5.57163 -12.661 
4.95564 3.11918 2.14462 0.899009 -5.44045 -12.2325 
4.62862 3.11845 2.09397 0.71605 -5.30917 -11.8122 
4.3188 3.12262 2.04813 0.545948 -5.19965 -11.4481 
4.0161 3.12534 2.00274 0.384858 -5.08985 -11.0903 
3.72858 3.13337 1.96204 0.233595 -5.00136 -10.7853 
3.45468 3.14701 1.92593 0.0901209 -4.93391 -10.531 
3.18588 3.15962 1.89015 -0.0472984 -4.8659 -10.2802 
2.92868 3.17827 1.85882 -0.179559 -4.81875 -10.0776 
2.68156 3.20325 1.83185 -0.308494 -4.79243 -9.92176 
2.44297 3.23488 1.80914 -0.435888 -4.78701 -9.81144 
2.21141 3.27347 1.7906 -0.563496 -4.80272 -9.74576 
1.98086 3.31186 1.77212 -0.689942 -4.81815 -9.68037 
1.75926 3.36519 1.76164 -0.822625 -4.87713 -9.70248 
1.54354 3.4341 1.75897 -0.965101 -4.98097 -9.81211 
1.75926 3.36519 1.76164 -0.822625 -4.87713 -9.70248 
1.98086 3.31186 1.77212 -0.689942 -4.81815 -9.68037 
2.21141 3.27347 1.7906 -0.563496 -4.80272 -9.74576 
1.98086 3.31186 1.77212 -0.689942 -4.81815 -9.68037 
1.75926 3.36519 1.76164 -0.822625 -4.87713 -9.70248 
1.54354 3.4341 1.75897 -0.965101 -4.98097 -9.81211 
1.32477 3.50363 1.7561 -1.11119 -5.08627 -9.92204 
1.10781 3.58956 1.76077 -1.27208 -5.239 -10.121 
0.887692 3.68451 1.76896 -1.44553 -5.41819 -10.3664 
0.662875 3.78879 1.78056 -1.63371 -5.62531 -10.6596 
0.432745 3.91092 1.79924 -1.84669 -5.88669 -11.0485 
0.194245 4.05152 1.82482 -2.08936 -6.20627 -11.5378 
-0.0555679 4.20279 1.85339 -2.35769 -6.56243 -12.0848 
0.194245 4.05152 1.82482 -2.08936 -6.20627 -11.5378 
0.432745 3.91092 1.79924 -1.84669 -5.88669 -11.0485 
0.662875 3.78879 1.78056 -1.63371 -5.62531 -10.6596 
0.887692 3.68451 1.76896 -1.44553 -5.41819 -10.3664 
1.10781 3.58956 1.76077 -1.27208 -5.239 -10.121 
1.32477 3.50363 1.7561 -1.11119 -5.08627 -9.92204 
1.54354 3.4341 1.75897 -0.965101 -4.98097 -9.81211 
1.75926 3.36519 1.76164 -0.822625 -4.87713 -9.70248 
1.54354 3.4341 1.75897 -0.965101 -4.98097 -9.81211 
1.32477 3.50363 1.7561 -1.11119 -5.08627 -9.92204 
1.54354 3.4341 1.75897 -0.965101 -4.98097 -9.81211 
1.75926 3.36519 1.76164 -0.822625 -4.87713 -9.70248 
1.98086 3.31186 1.77212 -0.689942 -4.81815 -9.68037 
2.21141 3.27347 1.7906 -0.563496 -4.80272 -9.74576 
2.44297 3.23488 1.80914 -0.435888 -4.78701 -9.81144 
2.68156 3.20325 1.83185 -0.308494 -4.79243 -9.92176 
2.92868 3.17827 1.85882 -0.179559 -4.81875 -10.0776 
3.18588 3.15962 1.89015 -0.0472984 -4.8659 -10.2802 
2.92868 3.17827 1.85882 -0.179559 -4.81875 -10.0776 
2.68156 3.20325 1.83185 -0.308494 -4.79243 -9.92176 
2.44297 3.23488 1.80914 -0.435888 -4.78701 -9.81144 
2.21141 3.27347 1.7906 -0.563496 -4.80272 -9.74576 
1.98086 3.31186 1.77212 -0.689942 -4.81815 -9.68037 
1.75926 3.36519 1.76164 -0.822625 -4.87713 -9.70248 
1.54354 3.4341 1.75897 -0.965101 -4.98097 -9.81211 
1.32477 3.50363 1.7561 -1.11119 -5.08627 -9.92204 
1.10781 3.58956 1.76077 -1.27208 -5.239 -10.121 
1.32477 3.50363 1.7561 -1.11119 -5.08627 -9.92204 
1.54354 3.4341 1.75897 -0.965101 -4.98097 -9.81211 
1.75926 3.36519 1.76164 -0.822625 -4.87713 -9.70248 
1.54354 3.4341 1.75897 -0.965101 -4.98097 -9.81211 
1.75926 3.36519 1.76164 -0.822625 -4.87713 -9.70248 
1.98086 3.31186 1.77212 -0.689942 -4.81815 -9.68037 
1.75926 3.36519 1.76164 -0.822625 -4.87713 -9.70248 
1.54354 3.4341 1.75897 -0.965101 -4.98097 -9.81211 
1.32477 3.50363 1.7561 -1.11119 -5.08627 -9.92204 
1.10781 3.58956 1.76077 -1.27208 -5.239 -10.121 
0.887692 3.68451 1.76896 -1.44553 -5.41819 -10.3664 
0.662875 3.78879 1.78056 -1.63371 -5.62531 -10.6596 
0.432745 3.91092 1.79924 -1.84669 -5.88669 -11.0485 
0.194245 4.05152 1.82482 -2.08936 -6.20627 -11.5378 
-0.0555679 4.20279 1.85339 -2.35769 -6.56243 -12.0848 
0.194245 4.05152 1.82482 -2.08936 -6.20627 -11.5378 
0.432745 3.91092 1.79924 -1.84669 -5.88669 -11.0485 
0.662875 3.78879 1.78056 -1.63371 -5.62531 -10.6596 
0.887692 3.68451 1.76896 -1.44553 -5.41819 -10.3664 
1.10781 3.58956 1.76077 -1.27208 -5.239 -10.121 
1.32477 3.50363 1.7561 -1.11119 -5.08627 -9.92204 
1.54354 3.4341 1.75897 -0.965101 -4.98097 -9.81211 
1.32477 3.50363 1.7561 -1.11119 -5.08627 -9.92204 
1.54354 3.4341 1.75897 -0.965101 -4.98097 -9.81211 
1.75926 3.36519 1.76164 -0.822625 -4.87713 -9.70248 
1.98086 3.31186 1.77212 -0.689942 -4.81815 -9.68037 
1.75926 3.36519 1.76164 -0.822625 -4.87713 -9.70248 
1.54354 3.4341 1.75897 -0.965101 -4.98097 -9.81211 
1.32477 3.50363 1.7561 -1.11119 -5.08627 -9.92204 
1.10781 3.58956 1.76077 -1.27208 -5.239 -10.121 
0.887692 3.68451 1.76896 -1.44553 -5.41819 -10.3664 
0.662875 3.78879 1.78056 -1.63371 -5.62531 -10.6596 
0.432745 3.91092 1.79924 -1.84669 -5.88669 -11.0485 
0.194245 4.05152 1.82482 -2.08936 -6.20627 -11.5378 
-0.0555679 4.20279 1.85339 -2.35769 -6.56243 -12.0848 
-0.235609 4.02596 1.84088 -2.18091 -6.11125 -11.3414 
-0.0555679 4.20279 1.85339 -2.35769 -6.56243 -12.0848 
