456
0.419937 -0.746735 0.0810647 0.596968 1.80732 0.503189 -2.10131 0.498054 -0.560472 0.731776 0.516668 1.99638 -0.875539 1.54587 
0.399526 -0.720879 0.0308028 0.630195 1.78737 0.470132 -2.02678 0.422962 -0.441103 0.583125 0.474865 1.9076 -0.702776 1.59466 
0.379075 -0.694973 -0.0195577 0.663486 1.76737 0.43701 -1.95211 0.366246 -0.306441 0.447014 0.380213 1.85066 -0.573545 1.62887 
0.311074 -0.662098 0.00683268 0.685904 1.72556 0.418059 -1.863 0.291742 -0.256161 0.415278 0.339387 1.86604 -0.479721 1.63032 
0.266278 -0.680306 -0.0180525 0.694158 1.7493 0.39007 -1.7678 0.144749 -0.179309 0.402963 0.0975502 2.02838 -0.517964 1.43849 
0.228009 -0.67629 0.0334953 0.680366 1.72143 0.372338 -1.69127 0.0936575 -0.181786 0.457065 0.0673713 1.98237 -0.503319 1.49098 
0.19005 -0.672307 0.0846256 0.666686 1.69378 0.354748 -1.61536 0.0399743 -0.184419 0.515813 0.0308555 1.94324 -0.502098 1.5217 
0.152511 -0.668368 0.135189 0.653158 1.66644 0.337354 -1.54029 -0.0130953 -0.181366 0.577071 -0.0171917 1.91269 -0.510544 1.53436 
0.115514 -0.664486 0.185024 0.639824 1.63949 0.32021 -1.4663 -0.0782169 -0.187517 0.64208 -0.0505396 1.88098 -0.515481 1.52209 
0.18859 -0.816115 0.156588 0.708111 1.20476 0.296172 -0.902635 -0.0883976 -0.171618 0.620237 -0.0431029 1.79731 -0.552247 1.57774 
0.539296 -0.925692 -0.197088 0.577121 0.812446 0.631369 -0.421585 -0.0425817 -0.179376 0.605428 -0.0404685 1.81079 -0.592482 1.50334 
0.497321 -0.90722 -0.138572 0.558429 0.799462 0.62456 -0.368652 -0.0563061 -0.231648 0.574188 -0.0272554 1.83371 -0.502697 1.46109 
0.455904 -0.888993 -0.0808333 0.539985 0.78665 0.617841 -0.316422 -0.0753158 -0.286867 0.538621 -0.00583204 1.84957 -0.402239 1.41782 
0.415094 -0.871034 -0.0239425 0.521813 0.774027 0.61122 -0.264959 -0.0987538 -0.354421 0.489841 0.0365015 1.84354 -0.274751 1.38369 
0.374974 -0.853377 0.0319888 0.503946 0.761617 0.604711 -0.214365 -0.0960227 -0.433104 0.395958 0.0855679 1.80766 -0.105325 1.39356 
0.335864 -0.836166 0.0865098 0.48653 0.749519 0.598367 -0.165046 0.0376469 -0.530607 0.128177 0.145884 1.92358 0.188185 1.33972 
0.296372 -0.818786 0.141565 0.468944 0.737303 0.59196 -0.115244 0.120513 -0.557473 -0.0755872 0.188332 2.04416 0.439438 1.218 
0.257353 -0.801615 0.19596 0.451568 0.725234 0.58563 -0.0660379 0.0960542 -0.553776 -0.149922 0.216527 2.13685 0.623122 1.03528 
0.413357 -0.86528 -0.0687863 0.204661 0.36756 0.960398 -0.00654498 0.148448 -0.569 -0.174069 0.249056 2.03844 0.57602 1.01203 
0.385012 -0.896566 -0.0650962 0.213973 0.418643 0.937051 -0.047949 0.130988 -0.628805 -0.135626 0.269255 2.11906 0.566107 1.16434 
0.357502 -0.926932 -0.0615148 0.22301 0.468222 0.914391 -0.0881336 0.113007 -0.682891 -0.102618 0.283845 2.1952 0.563537 1.3044 
0.330822 -0.956381 -0.0580415 0.231774 0.516304 0.892415 -0.127105 0.0947612 -0.731124 -0.0753544 0.295043 2.26745 0.570265 1.4318 
0.304962 -0.984924 -0.054675 0.240268 0.562908 0.871115 -0.164879 0.0762256 -0.773447 -0.053644 0.304739 2.33564 0.587888 1.54702 
0.279905 -1.01258 -0.0514129 0.2485 0.608066 0.850476 -0.20148 0.0569999 -0.809736 -0.0367221 0.314375 2.39904 0.617593 1.65114 
0.25563 -1.03938 -0.0482526 0.256474 0.651815 0.830481 -0.236939 0.0364052 -0.839665 -0.023403 0.324851 2.4567 0.660205 1.74544 
0.232113 -1.06533 -0.0451911 0.264199 0.694196 0.81111 -0.27129 0.0136781 -0.862637 -0.0123514 0.336463 2.50764 0.716231 1.83127 
0.209331 -1.09048 -0.0422252 0.271683 0.735254 0.792345 -0.304568 -0.0118447 -0.877744 -0.00232393 0.348852 2.55109 0.785843 1.90978 
0.187261 -1.11484 -0.0393521 0.278932 0.775028 0.774166 -0.336806 -0.0406194 -0.883789 0.00771543 0.360982 2.58656 0.868798 1.98186 
0.165882 -1.13844 -0.0365688 0.285955 0.813558 0.756557 -0.368035 -0.068686 -0.880572 0.0200478 0.364138 2.61919 0.948187 2.05429 
0.127806 -1.0743 0.0143045 0.304139 0.933545 0.747299 -0.538329 -0.0342703 -0.924059 -0.00520329 0.407467 2.55759 0.963684 2.06012 
0.0951497 -1.00105 0.065952 0.318678 1.04635 0.747087 -0.701858 -0.000141457 -0.967183 -0.030244 0.450435 2.4965 0.979052 2.06591 
0.0759714 -0.92147 0.114461 0.328009 1.14735 0.75821 -0.838661 0.0335246 -1.00972 -0.054945 0.492821 2.43624 0.994212 2.07162 
0.0700343 -0.840806 0.161279 0.33906 1.2402 0.77615 -0.950252 0.0664829 -1.05137 -0.0791269 0.534315 2.37725 1.00905 2.07721 
0.0758514 -0.763286 0.209339 0.357463 1.3304 0.797896 -1.04033 0.0985174 -1.09185 -0.102631 0.574646 2.31991 1.02348 2.08264 
0.0918741 -0.692317 0.26199 0.386996 1.42367 0.822205 -1.11257 0.129444 -1.13092 -0.125322 0.613582 2.26456 1.0374 2.08789 
0.11705 -0.631012 0.322582 0.429228 1.52519 0.849649 -1.16906 0.159105 -1.1684 -0.147085 0.650926 2.21147 1.05076 2.09292 
0.150764 -0.582981 0.394588 0.483281 1.63917 0.882328 -1.20887 0.187366 -1.20411 -0.16782 0.686506 2.16088 1.06349 2.09771 
0.191921 -0.553197 0.482123 0.545567 1.76849 0.922773 -1.22689 0.21411 -1.23791 -0.187443 0.720177 2.11301 1.07553 2.10225 
0.236878 -0.548323 0.590412 0.609267 1.91458 0.971452 -1.21332 0.23924 -1.26966 -0.205881 0.751816 2.06803 1.08684 2.10651 
0.273342 -0.582071 0.729324 0.65989 2.07161 1.02157 -1.13214 0.26269 -1.29929 -0.223086 0.781338 2.02606 1.0974 2.11049 
0.294407 -0.587206 0.668902 0.716674 2.06846 1.01564 -1.27998 0.284424 -1.32675 -0.239032 0.808701 1.98716 1.10719 2.11417 
0.312704 -0.570857 0.594371 0.757051 2.04771 1.02053 -1.43677 0.305811 -1.35378 -0.254724 0.835627 1.94888 1.11682 2.1178 
0.323226 -0.533315 0.508136 0.774425 2.00364 1.03216 -1.59514 0.326888 -1.38041 -0.270189 0.862164 1.91115 1.12631 2.12137 
0.320352 -0.493134 0.425628 0.768575 1.9364 1.03976 -1.72406 0.347705 -1.40671 -0.285462 0.888372 1.87389 1.13569 2.1249 
0.307079 -0.443709 0.343567 0.734437 1.84886 1.04695 -1.83759 0.368282 -1.43272 -0.30056 0.914278 1.83706 1.14495 2.12839 
0.286598 -0.404823 0.275774 0.682441 1.75115 1.04957 -1.9135 0.388652 -1.45845 -0.315506 0.939924 1.8006 1.15412 2.13185 
0.264948 -0.378504 0.222849 0.620699 1.65166 1.05137 -1.9573 0.408789 -1.4839 -0.33028 0.965276 1.76456 1.16319 2.13526 
0.244027 -0.348618 0.177543 0.537026 1.54791 1.0607 -1.98511 0.428635 -1.50898 -0.344841 0.990262 1.72904 1.17213 2.13863 
0.226281 -0.31341 0.140444 0.429788 1.44365 1.08099 -1.99779 0.448137 -1.53362 -0.35915 1.01482 1.69413 1.18091 2.14194 
0.21542 -0.286975 0.11447 0.324001 1.35167 1.10713 -1.99516 0.46721 -1.55772 -0.373145 1.03883 1.65999 1.1895 2.14517 
0.210789 -0.269104 0.0965149 0.227233 1.27371 1.13632 -1.98536 0.485738 -1.58113 -0.386739 1.06215 1.62683 1.19784 2.14831 
0.209826 -0.242215 0.0826315 0.113571 1.20144 1.17519 -1.97306 0.503632 -1.60374 -0.399868 1.08468 1.5948 1.2059 2.15135 
0.213427 -0.225038 0.0729909 0.0172114 1.14323 1.21244 -1.96046 0.52081 -1.62545 -0.412471 1.10631 1.56405 1.21363 2.15426 
0.141692 -0.286589 -0.0199112 0.0139207 1.12058 1.16733 -1.97368 0.519782 -1.33843 -0.459037 1.00054 1.69814 1.19446 1.93043 
0.0728792 -0.345631 -0.109028 0.0107641 1.09886 1.12405 -1.98636 0.477123 -1.06672 -0.485413 0.843827 1.82762 1.20243 1.7881 
0.00818023 -0.401144 -0.192818 0.0077962 1.07843 1.08336 -1.99829 0.40876 -0.839234 -0.49741 0.649413 1.93376 1.17967 1.73418 
0.044829 -0.654744 -0.342309 0.207479 0.965611 1.05302 -1.97033 0.382542 -0.792113 -0.549466 0.637389 1.91614 1.10617 1.65743 
0.131424 -0.884209 -0.513668 0.314039 0.773189 1.05779 -1.86703 0.356247 -0.744852 -0.601677 0.62533 1.89847 1.03245 1.58045 
0.276344 -1.09886 -0.691699 0.359827 0.515597 1.0906 -1.6948 0.330415 -0.698424 -0.652968 0.613483 1.88111 0.960023 1.50482 
0.473261 -1.29288 -0.848909 0.354098 0.218224 1.16326 -1.47095 0.30565 -0.653913 -0.702141 0.602125 1.86447 0.890592 1.43232 
0.697815 -1.46469 -0.951263 0.319471 -0.0825352 1.28529 -1.22303 0.282465 -0.612242 -0.748176 0.591492 1.8489 0.825591 1.36445 
0.642132 -1.4676 -0.926978 0.328837 -0.0171864 1.30816 -1.27157 0.231004 -0.732403 -0.746182 0.570621 1.59946 0.883097 1.56148 
0.588983 -1.47036 -0.903797 0.337778 0.0451892 1.32998 -1.3179 0.188066 -0.806765 -0.761761 0.515587 1.41059 1.0129 1.73101 
0.538571 -1.47299 -0.88181 0.346258 0.104352 1.35068 -1.36184 0.12438 -0.841213 -0.769907 0.421614 1.2823 1.20019 1.84757 
0.490796 -1.47548 -0.860973 0.354294 0.160421 1.3703 -1.40349 0.0489793 -0.843656 -0.75541 0.310647 1.22474 1.38831 1.92922 
0.445419 -1.47784 -0.841182 0.361927 0.213675 1.38893 -1.44304 0.265301 -0.900799 -0.791206 0.500268 1.3983 1.10014 1.9957 
0.400357 -1.48019 -0.821529 0.369507 0.266559 1.40744 -1.48232 0.456979 -0.907222 -0.76596 0.604639 1.65516 0.815681 2.01936 
0.355772 -1.48251 -0.802083 0.377007 0.318883 1.42575 -1.52119 0.621327 -0.851644 -0.706753 0.614025 2.00421 0.565964 1.97048 
0.311705 -1.48481 -0.782864 0.38442 0.3706 1.44384 -1.5596 0.792595 -0.719237 -0.698178 0.529064 2.38522 0.382968 1.89455 
0.268392 -1.48706 -0.763973 0.391706 0.421432 1.46163 -1.59735 0.952685 -0.528861 -0.751354 0.372635 2.65853 0.224568 1.90436 
0.226263 -1.48926 -0.745598 0.398792 0.470875 1.47893 -1.63408 1.05342 -0.32797 -0.816464 0.178734 2.82834 0.051637 1.95395 
0.0302224 -1.16033 -0.647918 0.0383809 0.605851 1.77252 -1.72329 1.0548 -0.320008 -0.79416 0.17527 2.81388 0.0121008 1.90911 
-0.101487 -0.951089 -0.57417 0.0167863 0.687175 1.83946 -1.82256 1.08845 -0.344826 -0.724045 0.216781 2.78552 -0.0174338 1.94269 
-0.203732 -0.782084 -0.508307 0.0511136 0.726021 1.86103 -1.90781 1.12127 -0.369038 -0.655641 0.257279 2.75786 -0.0462476 1.97545 
-0.291875 -0.646164 -0.4591 0.149542 0.737715 1.83924 -2.00661 1.15335 -0.392699 -0.588797 0.296854 2.73083 -0.0744047 2.00746 
-0.402017 -0.729341 -0.473119 0.368135 0.675594 1.79074 -2.07157 1.11405 -0.377241 -0.568601 0.297531 2.64941 -0.114801 2.03485 
-0.413614 -0.72505 -0.420709 0.365933 0.684234 1.73594 -1.99685 1.17079 -0.0674704 -0.557515 0.14 2.57177 -0.09075 2.13506 
-0.42519 -0.720768 -0.3684 0.363736 0.692857 1.68123 -1.92228 1.2052 0.191273 -0.549383 0.000578952 2.46947 -0.0456875 2.19169 
-0.608791 -0.906112 -0.449217 0.88337 0.6356 1.40387 -2.21521 1.16059 0.192852 -0.530375 0.00978407 2.39072 -0.08913 2.21582 
-0.592816 -0.929655 -0.434112 0.945554 0.669714 1.4193 -2.22595 1.2893 0.176649 -0.625805 0.191969 2.27251 0.181295 2.23915 
-0.576904 -0.953106 -0.419067 1.00749 0.703693 1.43467 -2.23664 1.42994 0.223778 -0.765483 0.365217 2.25412 0.552085 2.16035 
-0.561498 -0.97581 -0.404501 1.06746 0.736592 1.44955 -2.247 1.42369 0.205945 -0.868352 0.513487 2.2025 0.87385 1.92821 
-0.546595 -0.997773 -0.39041 1.12547 0.768415 1.46395 -2.25701 1.45957 0.143601 -0.762362 0.274537 1.72563 0.362363 2.4687 
-0.757074 -0.63161 -0.423608 0.737788 0.624472 1.7442 -2.08789 1.40231 0.17724 -0.699673 0.287311 1.64079 0.38679 2.46978 
-1.02063 -0.242935 -0.475271 0.367517 0.540203 1.97411 -2.01416 1.35066 0.207578 -0.643135 0.298832 1.56428 0.408819 2.47076 
-1.04129 -0.241528 -0.406772 0.414451 0.521876 1.95856 -1.95354 1.58308 0.281682 -0.650596 0.172024 1.06307 0.491125 3.01534 
-1.27663 0.0241904 -0.428613 0.209217 0.482255 2.03616 -1.87643 1.57948 0.255445 -0.601508 0.168714 1.00975 0.542209 2.94308 
-1.24215 0.0136783 -0.371381 0.237249 0.524546 2.02984 -1.8603 1.66572 0.431984 -0.643206 -0.0205718 0.872308 0.638057 3.03037 
-1.22083 0.0400048 -0.306101 0.272401 0.465762 2.00777 -1.83062 1.96316 0.278252 -0.576736 0.206831 0.875639 0.586625 2.91351 
-1.209 0.0295224 -0.324518 0.280766 0.45949 1.96507 -1.81344 2.10152 0.377139 -0.410212 0.098791 0.768512 0.567457 2.93366 
-0.924105 -0.216709 -0.283291 0.331278 0.725091 2.04436 -1.46479 1.99706 0.369607 -0.382931 0.116787 0.76316 0.508822 2.86805 
-0.922884 -0.221883 -0.239312 0.34428 0.714091 1.98715 -1.40758 2.17037 0.383568 -0.257018 0.120552 0.739763 0.464422 2.77669 
-0.921682 -0.226975 -0.196024 0.357078 0.703264 1.93083 -1.35126 2.29179 0.363932 -0.1382 0.152153 0.722701 0.394263 2.64551 
-0.92049 -0.232028 -0.153062 0.369779 0.692518 1.87494 -1.29537 2.28932 0.315695 -0.0152776 0.243506 0.708498 0.247017 2.42397 
-0.91928 -0.237153 -0.109501 0.382658 0.681623 1.81827 -1.2387 2.17262 0.292019 0.10421 0.348862 0.665655 0.0644885 2.15622 
-0.940382 -0.274771 -0.0352007 0.406256 0.702085 1.77376 -1.24308 1.84831 0.361574 0.045797 0.410176 0.524886 -0.0712351 1.88582 
-0.961755 -0.312871 0.0400536 0.430156 0.72281 1.72867 -1.24751 1.476 0.336946 -0.0861835 0.471481 0.311843 -0.0980191 1.64048 
-0.982303 -0.349502 0.112403 0.453135 0.742735 1.68532 -1.25178 1.16993 0.224914 -0.218457 0.485147 0.123756 0.0259213 1.41747 
-1.0012 -0.383184 0.178931 0.474264 0.761056 1.64546 -1.2557 0.914071 0.0695426 -0.301553 0.43388 -0.0155591 0.279162 1.19269 
-1.01809 -0.413293 0.238399 0.493151 0.777433 1.60983 -1.2592 0.710741 -0.0539264 -0.328674 0.29767 -0.0860803 0.622309 0.975168 
-1.03295 -0.439786 0.290727 0.50977 0.791844 1.57848 -1.26228 0.564772 -0.0908944 -0.333019 0.085382 -0.0985063 0.986151 0.786145 
-1.12372 -0.239566 0.227175 0.547695 0.511523 1.45911 -1.68375 0.606638 -0.0982237 -0.312614 0.123938 -0.00848986 0.905614 0.801855 
-0.929257 -0.144329 0.268489 0.279941 0.772808 1.66006 -1.28686 0.63883 -0.16468 -0.264838 0.173331 -0.0449746 0.906164 0.733703 
-0.903586 -0.13205 0.320111 0.29316 0.729217 1.58724 -1.2731 0.622581 -0.0603721 -0.234622 -0.0373568 -0.0299476 1.2112 0.61441 
-0.890814 -0.0902798 0.375198 0.200045 0.572504 1.64619 -1.31923 0.666946 -0.0777471 -0.250129 0.000695459 -0.0241534 1.22409 0.528073 
-0.867865 -0.044304 0.433936 0.0941349 0.415016 1.72184 -1.37792 0.710946 -0.0949791 -0.265509 0.0384346 -0.0184069 1.23687 0.442447 
-0.836318 0.000710067 0.496454 -0.0134199 0.255914 1.80275 -1.45977 0.754448 -0.112016 -0.280715 0.0757473 -0.0127254 1.24951 0.357789 
-0.957229 0.0229861 0.483024 0.115232 0.0178524 1.66976 -1.68354 0.754204 -0.0943049 -0.272256 0.12943 0.0492198 1.19752 0.336437 
-1.00784 0.133017 0.374425 -0.0012117 0.132202 1.80651 -1.55851 0.753959 -0.0765483 -0.263775 0.183251 0.111323 1.14539 0.31503 
-0.958929 0.145688 0.411584 0.0375891 0.0484991 1.80304 -1.53587 1.10231 -0.200253 -0.138086 0.622312 0.295863 0.632167 0.509233 
-0.907329 0.159055 0.450786 0.078524 -0.0398072 1.79937 -1.51199 1.51378 -0.243923 0.136375 0.842666 0.633795 0.225755 0.752081 
-0.924913 0.171153 0.376762 0.115005 0.00895636 1.80574 -1.47268 1.61099 -0.360806 0.294764 0.917217 0.83239 0.166426 0.864991 
-0.942502 0.183254 0.302721 0.151494 0.0577304 1.81211 -1.43336 1.72695 -0.562965 0.40734 0.976191 1.01718 0.217129 1.01462 
-0.960988 0.157113 0.304553 0.150754 0.0841153 1.79609 -1.45201 1.89816 -0.635909 0.202697 0.944436 1.09473 0.330532 1.14863 
-0.977774 0.133376 0.306216 0.150082 0.108073 1.78155 -1.46893 2.03274 -0.654811 0.00950717 0.898356 1.08438 0.439012 1.32615 
-0.992875 0.112022 0.307712 0.149477 0.129626 1.76847 -1.48416 2.12194 -0.643232 -0.135251 0.842707 1.04033 0.522867 1.52267 
-1.00655 0.0926885 0.309067 0.148929 0.149139 1.75662 -1.49795 2.16467 -0.624965 -0.242804 0.793178 1.0011 0.596145 1.681 
-1.01911 0.0749231 0.310312 0.148426 0.16707 1.74573 -1.51062 2.17453 -0.610522 -0.324908 0.753835 0.970987 0.662574 1.79889 
-1.0308 0.0583958 0.31147 0.147958 0.183751 1.73561 -1.5224 2.16062 -0.603745 -0.389242 0.724992 0.947196 0.724331 1.88095 
-1.04177 0.0428753 0.312557 0.147519 0.199416 1.7261 -1.53347 2.14409 -0.597859 -0.443002 0.697867 0.925447 0.782802 1.95365 
-1.05211 0.028256 0.313582 0.147105 0.214171 1.71714 -1.5439 2.12675 -0.592213 -0.487911 0.671964 0.905416 0.838589 2.01842 
-1.06187 0.0144501 0.314549 0.146714 0.228106 1.70868 -1.55374 2.0838 -0.598588 -0.523618 0.657632 0.885539 0.897545 2.03897 
-1.07117 0.00130648 0.31547 0.146341 0.241372 1.70063 -1.56312 2.04338 -0.601591 -0.553274 0.63987 0.863863 0.95693 2.05846 
-1.08002 -0.0112107 0.316347 0.145987 0.254006 1.69296 -1.57204 2.00546 -0.60065 -0.57699 0.618581 0.841293 1.01648 2.07696 
-1.08846 -0.0231375 0.317183 0.145649 0.266043 1.68565 -1.58055 1.95863 -0.598906 -0.594677 0.595527 0.815813 1.0813 2.0793 
-1.09651 -0.0345294 0.317981 0.145326 0.277541 1.67867 -1.58867 1.90375 -0.59338 -0.606043 0.56724 0.786562 1.15279 2.06863 
-1.10422 -0.0454278 0.318744 0.145018 0.288541 1.67199 -1.59644 1.85212 -0.579892 -0.611203 0.531422 0.756826 1.2253 2.06054 
-1.11159 -0.0558524 0.319475 0.144723 0.299063 1.6656 -1.60388 1.79374 -0.559139 -0.60935 0.486576 0.723594 1.30508 2.04246 
-1.11865 -0.0658332 0.320174 0.14444 0.309136 1.65949 -1.611 1.73939 -0.529475 -0.601498 0.433338 0.690811 1.38521 2.02738 
-1.1254 -0.0753861 0.320844 0.144169 0.318778 1.65364 -1.61781 1.68915 -0.49161 -0.588445 0.372527 0.658779 1.46525 2.01446 
-1.12065 -0.118733 0.363316 0.209168 0.326708 1.61106 -1.60376 1.68658 -0.509195 -0.557972 0.319817 0.609492 1.56611 2.04504 
-1.11606 -0.160694 0.404432 0.272088 0.334384 1.56984 -1.59016 1.68929 -0.511729 -0.515442 0.26187 0.573396 1.66448 2.0746 
-1.11162 -0.201224 0.444144 0.332863 0.341799 1.53003 -1.57703 1.68959 -0.494822 -0.459946 0.192645 0.54575 1.76676 2.09412 
-1.10734 -0.240268 0.4824 0.391408 0.348941 1.49168 -1.56437 1.69609 -0.460325 -0.396744 0.11599 0.528575 1.86589 2.11311 
-1.10323 -0.277795 0.519171 0.44768 0.355807 1.45482 -1.55221 1.70909 -0.408111 -0.328158 0.0301391 0.520157 1.96257 2.13178 
-1.12607 0.202265 0.347139 0.0393049 0.201868 1.60992 -1.83494 1.69629 -0.459699 -0.337877 0.0567643 0.535801 1.86874 2.07767 
-1.12171 0.154859 0.385182 0.101613 0.212403 1.57228 -1.81599 1.77102 -0.538774 -0.375306 0.0988658 0.551421 1.84132 2.20565 
-1.11743 0.10824 0.422593 0.162886 0.222764 1.53525 -1.79736 1.84818 -0.604398 -0.403403 0.120588 0.559324 1.82393 2.33466 
-1.11324 0.0626054 0.459215 0.222867 0.232906 1.49901 -1.77912 1.93096 -0.659086 -0.424948 0.12728 0.56372 1.81069 2.47198 
-1.10915 0.0181184 0.494915 0.281338 0.242793 1.46369 -1.76134 2.01688 -0.700552 -0.439417 0.117736 0.565088 1.80269 2.6158 
-1.10518 -0.0250648 0.52957 0.338096 0.25239 1.42939 -1.74409 2.09668 -0.725464 -0.443993 0.0891525 0.563457 1.80664 2.75314 
-1.10134 -0.066824 0.563081 0.392983 0.26167 1.39623 -1.7274 2.17479 -0.735763 -0.442333 0.0447228 0.561275 1.81747 2.89199 
-1.09765 -0.107065 0.595374 0.445873 0.270613 1.36427 -1.71131 2.24323 -0.731139 -0.432947 -0.0161762 0.559609 1.84045 3.01979 
-0.975616 0.294274 0.417938 0.00462098 0.263247 1.52611 -1.7652 2.21613 -0.770598 -0.439144 0.0101915 0.573223 1.75557 2.94383 
-0.975505 0.246561 0.452338 0.0650143 0.271651 1.49244 -1.749 2.26413 -0.790085 -0.45322 -0.0236325 0.542813 1.78017 3.04768 
-1.01313 0.180013 0.471166 0.0633175 0.3184 1.51186 -1.76922 2.19029 -0.787208 -0.504714 0.03309 0.462085 1.7432 3.04202 
-1.06084 0.0858363 0.490041 0.0794451 0.367568 1.53434 -1.77687 2.11641 -0.784329 -0.556237 0.089844 0.381312 1.70621 3.03636 
-1.12407 -0.033713 0.51009 0.110824 0.414404 1.56351 -1.7824 2.04239 -0.781445 -0.607856 0.146704 0.300389 1.66916 3.03069 
-1.20203 -0.17427 0.532338 0.147554 0.459993 1.60541 -1.78518 1.96818 -0.778553 -0.65961 0.203713 0.219253 1.632 3.025 
-1.28876 -0.33076 0.554917 0.175423 0.509756 1.66617 -1.77338 1.89376 -0.775653 -0.711512 0.260884 0.137887 1.59474 3.01929 
-1.38224 -0.496222 0.575002 0.18352 0.564142 1.74992 -1.74578 1.81913 -0.772745 -0.763558 0.318215 0.0562929 1.55738 3.01357 
-1.48763 -0.658934 0.592494 0.166009 0.617318 1.85911 -1.7242 1.74435 -0.769831 -0.81571 0.375661 -0.0254651 1.51994 3.00784 
-1.59045 -0.80735 0.59653 0.109057 0.677379 1.98964 -1.68465 1.6696 -0.766919 -0.867839 0.433083 -0.107188 1.48252 3.00211 
-1.5624 -0.834459 0.585528 0.10898 0.703031 1.96597 -1.67928 1.61194 -0.713266 -0.817093 0.37517 -0.115294 1.4975 3.01064 
-1.53512 -0.860819 0.574831 0.108906 0.727973 1.94295 -1.67406 1.5545 -0.666959 -0.771887 0.312364 -0.128728 1.52404 3.00839 
-1.50861 -0.886433 0.564437 0.108834 0.75221 1.92058 -1.66899 1.49669 -0.626743 -0.730748 0.245011 -0.146328 1.56126 2.99446 
-1.48287 -0.911304 0.554344 0.108764 0.775744 1.89887 -1.66407 1.43819 -0.591162 -0.692446 0.173024 -0.167201 1.6085 2.9681 
-1.4579 -0.93543 0.544553 0.108696 0.798573 1.8778 -1.65929 1.38364 -0.557329 -0.65819 0.0996065 -0.189399 1.65922 2.93893 
-1.4337 -0.958814 0.535064 0.10863 0.820699 1.85738 -1.65467 1.3279 -0.526 -0.62516 0.0210023 -0.214166 1.71906 2.89608 
-1.38408 -0.946507 0.494198 0.107579 0.771643 1.85212 -1.59457 1.40081 -0.560252 -0.570094 0.117389 -0.179267 1.738 2.81386 
-1.33497 -0.934328 0.453756 0.106539 0.723093 1.84692 -1.5351 1.46421 -0.589002 -0.511571 0.19449 -0.142164 1.76434 2.72605 
-1.28663 -0.92234 0.41395 0.105516 0.675309 1.84181 -1.47656 1.50897 -0.609058 -0.444942 0.247839 -0.108497 1.80499 2.61404 
-1.23898 -0.91052 0.374701 0.104507 0.628192 1.83676 -1.41885 1.5458 -0.619519 -0.375016 0.286896 -0.076433 1.84629 2.49766 
-1.31024 -0.745592 0.285386 0.0961498 0.552054 1.80786 -1.61859 1.50941 -0.580859 -0.38181 0.296395 -0.0435865 1.77991 2.4375 
-1.25307 -0.719488 0.254515 0.106741 0.597805 1.77849 -1.55758 1.53 -0.665475 -0.506572 0.222105 -0.0829418 1.86471 2.50384 
-1.19986 -0.695198 0.225788 0.116597 0.640377 1.75117 -1.50081 1.5198 -0.693315 -0.607952 0.0986271 -0.120421 1.95655 2.54231 
-1.17543 -0.721032 0.190517 0.178262 0.609842 1.75852 -1.43547 1.60784 -0.825728 -0.642396 0.120033 -0.131998 2.05094 2.63306 
-1.10225 -0.66412 0.128697 -0.00477459 0.58427 1.84668 -1.22613 1.54992 -0.814433 -0.636564 0.166353 -0.193408 2.01504 2.60537 
-1.0915 -0.646114 0.144857 0.0130187 0.554247 1.80933 -1.21937 1.60768 -0.767626 -0.671795 0.128946 -0.157877 2.02453 2.7158 
-1.08175 -0.629775 0.15952 0.0291637 0.527006 1.77545 -1.21324 1.65415 -0.722713 -0.706293 0.0892394 -0.129608 2.04083 2.80848 
-1.07285 -0.614868 0.172899 0.0438942 0.502151 1.74453 -1.20764 1.69013 -0.680992 -0.73993 0.0489195 -0.108492 2.06204 2.88452 
-1.06468 -0.601189 0.185176 0.0574114 0.479344 1.71615 -1.2025 1.71348 -0.642598 -0.769077 0.00749019 -0.0970324 2.08799 2.93657 
-1.08448 -0.550995 0.0517828 0.0519843 0.445564 1.75059 -1.25948 1.65949 -0.675303 -0.785904 0.0572555 -0.122216 2.07242 2.93429 
-1.1206 -0.488532 -0.0748714 0.043782 0.408397 1.77291 -1.34135 1.60626 -0.707547 -0.802495 0.106321 -0.147045 2.05707 2.93205 
-1.20502 -0.471062 -0.215782 0.0430558 0.333965 1.80845 -1.42931 1.54609 -0.732307 -0.82416 0.185647 -0.178252 2.03207 2.91367 
-1.16162 -0.402032 -0.168158 0.0162059 0.365551 1.78067 -1.4216 1.55984 -0.745092 -0.859016 0.135347 -0.211767 2.05444 2.93312 
-1.16162 -0.402032 -0.168158 0.0162059 0.365551 1.78067 -1.4216 1.51202 -0.737002 -0.878549 0.0954906 -0.267537 2.06458 2.90664 
-1.14104 -0.378348 -0.108033 -0.00317708 0.353472 1.76791 -1.39325 1.57434 -0.762531 -0.92634 0.104342 -0.304068 2.06653 2.90372 
-1.11676 -0.350395 -0.0370735 -0.0260531 0.339216 1.75285 -1.3598 1.65012 -0.790283 -0.975202 0.114527 -0.342631 2.06743 2.89649 
-1.09119 -0.320965 0.0376372 -0.0501384 0.324206 1.73699 -1.32458 1.72563 -0.816022 -1.02133 0.119605 -0.385743 2.06732 2.88216 
-1.0908 -0.365549 0.116208 -0.0277811 0.315869 1.72692 -1.30489 1.78321 -0.841792 -1.08928 0.107901 -0.45764 2.07582 2.86617 
-1.11645 -0.410664 0.194552 0.0171854 0.30721 1.69895 -1.31028 1.84215 -0.868172 -1.15884 0.0959182 -0.531243 2.08452 2.84979 
-1.15028 -0.453731 0.270124 0.0685629 0.298371 1.66833 -1.31549 1.90149 -0.894734 -1.22888 0.083854 -0.605349 2.09328 2.83331 
-1.14682 -0.460758 0.349101 0.0760213 0.286052 1.64828 -1.29535 2.00474 -0.924914 -1.28419 0.105303 -0.671114 2.08816 2.82551 
-1.13971 -0.461812 0.337981 0.0830678 0.273476 1.65157 -1.26996 1.99753 -0.945915 -1.27979 0.13558 -0.735363 2.03296 2.75764 
-1.13206 -0.462949 0.325992 0.0906653 0.259917 1.65512 -1.24259 1.99675 -0.97094 -1.27473 0.177706 -0.795337 1.96862 2.70029 
-1.12286 -0.464314 0.311599 0.0997858 0.243639 1.65938 -1.20973 1.94014 -0.914043 -1.18471 0.152095 -0.73494 1.95481 2.63811 
-1.11188 -0.465944 0.294402 0.110684 0.22419 1.66446 -1.17048 1.90184 -0.856003 -1.09715 0.133665 -0.674736 1.93794 2.56931 
-1.09888 -0.467874 0.274054 0.123577 0.201178 1.67048 -1.12402 1.88179 -0.798897 -1.00869 0.122749 -0.61338 1.91712 2.49235 
-1.08377 -0.470117 0.250399 0.138568 0.174425 1.67748 -1.07002 1.87991 -0.745268 -0.916749 0.118993 -0.549166 1.89162 2.40549 
-1.06667 -0.472655 0.22363 0.155531 0.144151 1.68541 -1.00891 1.89541 -0.698703 -0.81975 0.121196 -0.48061 1.86121 2.30699 
-1.04799 -0.475428 0.194383 0.174064 0.111075 1.69406 -0.942145 1.92578 -0.663973 -0.717529 0.127648 -0.407014 1.82612 2.19516 
-1.02702 -0.493365 0.068507 0.188384 0.107419 1.70183 -0.960463 1.87249 -0.586604 -0.61807 0.128563 -0.336493 1.74665 2.08203 
-1.01504 -0.539123 0.0385512 0.187282 0.0852569 1.71189 -0.873668 1.80473 -0.434443 -0.457811 0.0666703 -0.280688 1.67179 1.9754 
-1.00196 -0.589071 0.00585324 0.186079 0.0610661 1.72287 -0.778928 1.7295 -0.260839 -0.302873 -0.0307933 -0.251116 1.60907 1.85062 
-0.922532 -0.815822 0.137647 0.221018 0.166716 1.76371 -0.777203 1.74745 -0.282382 -0.315466 -0.0405396 -0.352301 1.6413 1.81676 
-0.838807 -0.870721 0.258017 0.11025 0.254708 1.77714 -0.805342 1.79417 -0.277572 -0.31565 -0.0427424 -0.437245 1.62965 1.80377 
-0.803367 -0.832184 0.251326 0.0884066 0.220312 1.83147 -0.790042 1.87484 -0.51959 -0.187836 0.169702 -0.397072 1.57359 1.67289 
-0.767118 -0.792768 0.244482 0.0660652 0.185131 1.88704 -0.774393 1.92182 -0.755976 -0.0514363 0.324348 -0.318886 1.55926 1.50531 
-0.774612 -0.810222 0.243071 0.0537586 0.294187 1.88543 -0.788808 1.71334 -0.926408 -0.113239 0.324152 -0.413702 1.58554 1.18034 
-0.782164 -0.82781 0.241649 0.0413577 0.404079 1.88382 -0.803333 1.5151 -1.04123 -0.167387 0.203365 -0.477846 1.66815 0.809394 
-0.789623 -0.845184 0.240245 0.0291081 0.51263 1.88222 -0.817681 1.31994 -1.07776 -0.196748 -0.0416983 -0.503664 1.80479 0.382583 
-0.813051 -0.823295 0.264895 0.00880001 0.438195 1.91827 -0.877637 1.37632 -1.26189 -0.110178 0.166166 -0.422313 1.83638 0.226593 
-1.0351 -0.773967 0.255872 0.38093 0.38779 1.58587 -1.2935 1.35642 -1.28128 -0.096996 0.122889 -0.355366 1.86131 0.183777 
-1.29604 -0.476118 0.188768 0.535522 0.291025 1.26763 -1.70472 1.33733 -1.29988 -0.0843483 0.0813667 -0.291133 1.88523 0.142696 
-1.16672 -0.463275 0.200872 0.49757 0.288701 1.32161 -1.51845 1.3175 -1.31919 -0.0712181 0.0382606 -0.22445 1.91006 0.100048 
-1.02013 -0.370616 0.226707 0.379847 0.294254 1.40666 -1.33278 1.29705 -1.33912 -0.0576717 -0.00621205 -0.155653 1.93568 0.0560484 
-0.887047 -0.212662 0.257684 0.209419 0.297487 1.49925 -1.18876 1.2762 -1.35944 -0.0438615 -0.051551 -0.0855153 1.9618 0.0111915 
-0.910699 -0.174891 0.280108 0.196579 0.225072 1.52022 -1.25282 1.36425 -1.58036 0.0222688 0.0890251 -0.0704123 1.95407 0.253135 
-1.00177 -0.378998 0.204041 0.419889 0.170064 1.51271 -1.24614 1.34319 -1.57243 0.0103622 0.0886917 -0.0100709 2.00523 0.317053 
-1.04697 -0.380745 0.176511 0.385047 0.115228 1.51501 -1.31474 1.36194 -1.61602 0.0356568 0.263181 -0.029602 1.86865 0.478929 
-1.0925 -0.382505 0.148779 0.34995 0.0599913 1.51732 -1.38384 1.38184 -1.64482 0.0662704 0.420425 -0.0394269 1.7411 0.630151 
-1.08034 -0.37248 0.174631 0.356272 0.0799048 1.53839 -1.4722 1.39867 -1.82245 0.0963123 0.368323 -0.0613782 1.86843 0.745576 
-1.06824 -0.362504 0.200358 0.362564 0.0997217 1.55935 -1.56013 1.40945 -1.96493 0.13059 0.276733 -0.0838763 2.00228 0.83332 
-0.999338 -0.29214 0.278097 0.320744 0.121052 1.55412 -1.51497 1.46648 -1.9677 0.109938 0.214624 -0.0941353 2.01269 0.864951 
-0.946196 -0.22241 0.344187 0.288763 0.13066 1.53685 -1.49105 1.52441 -1.9705 0.0889605 0.151538 -0.104556 2.02326 0.897079 
-0.910456 -0.154136 0.398637 0.274537 0.12944 1.50251 -1.4877 1.58332 -1.97336 0.0676298 0.0873898 -0.115151 2.034 0.929749 
-0.876902 -0.0814775 0.445347 0.261371 0.122411 1.46645 -1.49077 1.64319 -1.97626 0.0459478 0.0221853 -0.125922 2.04493 0.962956 
-0.863401 -0.00755075 0.477793 0.272416 0.105409 1.40761 -1.51346 1.70418 -1.97921 0.0238614 -0.0442359 -0.136893 2.05606 0.996783 
-0.858948 -0.0182938 0.487651 0.279225 0.108093 1.38483 -1.51797 1.70432 -1.97421 -0.0183459 0.00622331 -0.144513 1.99564 0.969621 
-0.854168 -0.0298241 0.49823 0.286532 0.110974 1.36039 -1.52281 1.70656 -1.96405 -0.0613299 0.053612 -0.153788 1.93431 0.942364 
-0.849042 -0.0421879 0.509574 0.294367 0.114064 1.33418 -1.528 1.70984 -1.95368 -0.110014 0.0973503 -0.158527 1.87451 0.896702 
-0.843556 -0.0554213 0.521717 0.302754 0.11737 1.30612 -1.53356 1.7136 -1.9429 -0.164942 0.136839 -0.158132 1.81722 0.830727 
-0.837691 -0.0695693 0.534698 0.31172 0.120906 1.27613 -1.5395 1.7183 -1.92617 -0.221812 0.171662 -0.157696 1.76049 0.761209 
-0.831429 -0.0846744 0.548558 0.321293 0.12468 1.2441 -1.54584 1.72332 -1.90305 -0.28043 0.201218 -0.156189 1.70462 0.6874 
-0.824771 -0.100733 0.563292 0.33147 0.128693 1.21006 -1.55258 1.72571 -1.87712 -0.344787 0.223726 -0.145969 1.65462 0.588418 
-0.826908 -0.120162 0.564268 0.344719 0.129079 1.1953 -1.56557 1.68348 -1.87999 -0.367971 0.252633 -0.117746 1.63046 0.476138 
-0.829107 -0.140164 0.565272 0.358359 0.129477 1.1801 -1.57895 1.63947 -1.87644 -0.391984 0.277772 -0.088194 1.61081 0.356768 
-0.831354 -0.160593 0.566298 0.372291 0.129883 1.16457 -1.59261 1.58974 -1.86643 -0.420943 0.295462 -0.050477 1.6034 0.208548 
-0.83363 -0.181292 0.567337 0.386406 0.130294 1.14884 -1.60645 1.53236 -1.84469 -0.453629 0.302796 -0.00474709 1.61188 0.0305693 
-0.83594 -0.202299 0.568391 0.400731 0.130712 1.13288 -1.6205 1.47446 -1.8107 -0.479074 0.30642 0.0349449 1.62124 -0.132439 
-0.838267 -0.223457 0.569453 0.41516 0.131132 1.1168 -1.63465 1.40606 -1.76038 -0.50225 0.297237 0.0803735 1.64901 -0.32238 
-0.840604 -0.244713 0.570521 0.429655 0.131555 1.10064 -1.64887 1.33167 -1.69546 -0.516217 0.278712 0.122556 1.68657 -0.514191 
-0.842937 -0.265926 0.571586 0.444121 0.131977 1.08452 -1.66305 1.24567 -1.61108 -0.518812 0.243544 0.1627 1.744 -0.724371 
-0.845263 -0.287075 0.572647 0.458543 0.132397 1.06845 -1.6772 1.15735 -1.51514 -0.507433 0.196652 0.191217 1.80903 -0.926656 
-0.847581 -0.308154 0.573706 0.472918 0.132816 1.05243 -1.69129 1.07061 -1.41108 -0.483897 0.137718 0.205778 1.87945 -1.11819 
-0.850067 -0.330766 0.574841 0.488338 0.133265 1.03525 -1.70642 1.12336 -1.49058 -0.492607 0.241543 0.179031 1.74535 -0.977274 
-0.852728 -0.35496 0.576055 0.504836 0.133746 1.01686 -1.7226 1.17079 -1.55942 -0.485744 0.338395 0.13807 1.61472 -0.840959 
-0.85558 -0.380893 0.577357 0.522521 0.134262 0.997157 -1.73994 1.21756 -1.61931 -0.465067 0.435062 0.0821157 1.47927 -0.689035 
-0.858644 -0.408762 0.578756 0.541526 0.134816 0.975978 -1.75858 1.26399 -1.66247 -0.432032 0.529519 0.0109811 1.3421 -0.518303 
-0.861934 -0.438677 0.580258 0.561926 0.13541 0.953245 -1.77858 1.30555 -1.67924 -0.393053 0.613098 -0.0678344 1.21783 -0.350345 
-0.865483 -0.47095 0.581878 0.583934 0.136052 0.928719 -1.80016 1.35239 -1.66784 -0.351404 0.689698 -0.163125 1.09765 -0.157354 
-0.869313 -0.50578 0.583627 0.607686 0.136744 0.90225 -1.82346 1.40064 -1.62635 -0.315323 0.752448 -0.266411 0.994352 0.0358453 
-0.873474 -0.543613 0.585526 0.633485 0.137496 0.8735 -1.84876 1.46281 -1.54883 -0.290403 0.802304 -0.388878 0.90184 0.259346 
-0.878019 -0.584951 0.587601 0.661675 0.138318 0.842086 -1.8764 1.54247 -1.4291 -0.283797 0.833584 -0.525388 0.825532 0.509793 
-0.88297 -0.629966 0.589861 0.692373 0.139212 0.807877 -1.90651 1.62384 -1.2809 -0.288745 0.844633 -0.647268 0.770211 0.740252 
-0.888366 -0.679041 0.592325 0.725838 0.140188 0.770583 -1.93933 1.70919 -1.09653 -0.296485 0.829829 -0.749015 0.734149 0.965695 
-0.862185 -0.714839 0.588406 0.745744 0.153168 0.7746 -1.87217 1.61376 -0.958473 -0.245244 0.738109 -0.748076 0.73696 0.942071 
-0.834426 -0.752794 0.584251 0.76685 0.166931 0.778859 -1.80097 1.51043 -0.831453 -0.188298 0.641349 -0.749137 0.75662 0.895184 
-0.805302 -0.792614 0.579892 0.788993 0.18137 0.783327 -1.72627 1.41267 -0.697561 -0.135046 0.531629 -0.756121 0.794064 0.847397 
-0.775093 -0.833919 0.57537 0.811962 0.196347 0.787961 -1.64879 1.32079 -0.557349 -0.0869633 0.40946 -0.768451 0.847585 0.796595 
-0.744376 -0.875918 0.570772 0.835316 0.211576 0.792674 -1.57 1.21175 -0.439656 -0.0318834 0.29621 -0.781926 0.904528 0.703157 
-0.713401 -0.918269 0.566136 0.858867 0.226933 0.797426 -1.49056 1.10971 -0.315918 0.0152971 0.173237 -0.798828 0.9719 0.606308 
-0.682393 -0.960666 0.561494 0.882443 0.242306 0.802183 -1.41102 1.01376 -0.187979 0.0550007 0.0408853 -0.818615 1.0477 0.505136 
-0.719552 -0.960227 0.570152 0.833871 0.262774 0.865317 -1.42452 0.918343 -0.289857 0.0377313 0.0828401 -0.809503 1.03537 0.359996 
-0.651047 -1.15085 0.704659 0.740751 0.288554 1.01951 -1.28422 0.968971 -0.278862 0.0124283 0.0534183 -0.833748 1.10681 0.277879 
-0.707405 -1.1534 0.7422 0.744802 0.274417 1.04243 -1.31522 0.94939 -0.394077 0.0280704 0.196321 -0.824878 1.05622 0.200331 
-0.765354 -1.15603 0.780801 0.748968 0.259881 1.06599 -1.34709 0.925624 -0.507558 0.0453635 0.326498 -0.809262 1.0148 0.109578 
-0.824411 -1.15871 0.820139 0.753214 0.245067 1.09001 -1.37956 0.882775 -0.628701 0.073495 0.444481 -0.776666 0.988185 -0.0202161 
-0.88397 -1.16142 0.859812 0.757496 0.230127 1.11423 -1.41232 0.819221 -0.754085 0.112559 0.544248 -0.720222 0.98245 -0.194538 
-0.94357 -1.16412 0.899512 0.761781 0.215177 1.13847 -1.4451 0.751966 -0.873088 0.150369 0.624416 -0.64727 0.994417 -0.388293 
-1.00233 -1.16679 0.938652 0.766005 0.200438 1.16237 -1.47741 0.65884 -0.989482 0.193844 0.671874 -0.540877 1.0451 -0.6499 
-1.05997 -1.16941 0.977047 0.770149 0.185979 1.18581 -1.50911 0.57701 -1.08549 0.217574 0.695083 -0.43708 1.11844 -0.912224 
-1.11624 -1.17196 1.01453 0.774194 0.171864 1.2087 -1.54006 0.5006 -1.15467 0.221777 0.688711 -0.343025 1.22257 -1.18342 
-1.11621 -1.18175 0.9999 0.78221 0.243347 1.18406 -1.57705 0.567314 -1.19858 0.151775 0.65184 -0.36535 1.21015 -1.07432 
-1.11619 -1.19163 0.985145 0.790295 0.31544 1.15921 -1.61436 0.635699 -1.21119 0.0722669 0.599991 -0.406466 1.19637 -0.950937 
-1.11616 -1.20159 0.970265 0.798448 0.388144 1.13415 -1.65198 0.683457 -1.19577 -0.00791024 0.515999 -0.43784 1.20412 -0.86877 
-1.11613 -1.2116 0.955295 0.806651 0.461288 1.10894 -1.68983 0.735972 -1.15423 -0.0937338 0.425364 -0.482328 1.20012 -0.760696 
-1.1161 -1.22171 0.940198 0.814923 0.535055 1.08352 -1.728 0.759573 -1.09415 -0.169933 0.302705 -0.500459 1.21831 -0.704556 
-1.11608 -1.2319 0.924968 0.823268 0.609469 1.05787 -1.76651 0.770483 -1.01346 -0.240941 0.161649 -0.511343 1.24039 -0.652338 
-1.11605 -1.2422 0.90958 0.831699 0.684655 1.03196 -1.80542 0.755297 -0.91729 -0.297993 -0.00837633 -0.504477 1.28082 -0.627145 
-1.10414 -1.23985 0.919636 0.834787 0.670539 0.993028 -1.84024 0.862177 -0.875372 -0.339988 0.0725219 -0.58199 1.20009 -0.444717 
-1.09064 -1.23719 0.931033 0.838286 0.654539 0.9489 -1.8797 0.96665 -0.81572 -0.377308 0.136228 -0.651203 1.1382 -0.267067 
-1.0754 -1.23419 0.943894 0.842235 0.636484 0.899107 -1.92424 1.06826 -0.741464 -0.406416 0.185407 -0.710141 1.09307 -0.0965072 
-1.05819 -1.2308 0.95842 0.846695 0.616092 0.842866 -1.97454 1.17453 -0.640595 -0.429976 0.217834 -0.763231 1.06259 0.0876561 
-1.03888 -1.22699 0.974726 0.851702 0.5932 0.779732 -2.031 1.28143 -0.511541 -0.442019 0.225995 -0.805233 1.05468 0.279351 
-1.01768 -1.22281 0.992625 0.857198 0.568074 0.710436 -2.09298 1.37841 -0.373664 -0.434225 0.210125 -0.830369 1.07377 0.448958 
-0.995009 -1.21835 1.01176 0.863073 0.541212 0.636353 -2.15924 1.46366 -0.233393 -0.409163 0.169467 -0.842096 1.11863 0.590139 
-0.786973 -1.07685 0.812463 0.737467 0.385237 0.675411 -2.0868 1.49576 -0.166009 -0.347988 0.142248 -0.840621 1.09158 0.584266 
-0.634836 -0.940738 0.670398 0.591611 0.271623 0.761539 -2.02783 1.52865 -0.0969512 -0.285293 0.114354 -0.839109 1.06386 0.578247 
-0.542803 -0.807601 0.579674 0.470953 0.190586 0.811316 -2.02337 1.56224 -0.026431 -0.221271 0.0858682 -0.837565 1.03555 0.5721 
-0.479735 -0.681471 0.508877 0.356659 0.126771 0.865892 -2.03213 1.59639 0.0452586 -0.156187 0.0569104 -0.835995 1.00678 0.565852 
-0.440638 -0.563467 0.450371 0.25242 0.0738058 0.920518 -2.05009 1.63101 0.117947 -0.0901967 0.0275494 -0.834404 0.977599 0.559516 
-0.431324 -0.457548 0.402588 0.174536 0.0247318 0.950353 -2.08851 1.66615 0.191729 -0.0232129 -0.00225373 -0.832788 0.947983 0.553085 
-0.441908 -0.364636 0.35652 0.111855 -0.0213547 0.97604 -2.13181 1.7018 0.266578 0.044739 -0.0324875 -0.83115 0.917939 0.546561 
-0.402644 -0.39549 0.393778 0.0836071 -0.0450329 1.04034 -2.14705 1.78886 0.177779 0.0934523 0.100554 -0.846373 0.898904 0.57853 
-0.448705 -0.360817 0.419545 0.0800312 -0.0335596 1.05454 -2.19124 1.73671 0.00407926 0.10322 0.274356 -0.864254 0.836726 0.561515 
-0.496516 -0.324826 0.446291 0.0763194 -0.0216503 1.06927 -2.23711 1.66031 -0.186361 0.122308 0.441798 -0.876453 0.789689 0.509117 
-0.545966 -0.287601 0.473955 0.0724803 -0.00933247 1.08452 -2.28456 1.55045 -0.395414 0.161326 0.59534 -0.868936 0.770047 0.406424 
-0.596976 -0.249202 0.50249 0.0685201 0.00337355 1.10024 -2.3335 1.43253 -0.610048 0.216112 0.720432 -0.826797 0.782271 0.281501 
-0.649338 -0.209785 0.531782 0.064455 0.0164165 1.11638 -2.38373 1.27471 -0.846053 0.303812 0.816167 -0.726771 0.829596 0.0762285 
-0.702503 -0.169764 0.561524 0.0603276 0.0296595 1.13277 -2.43474 1.0905 -1.09709 0.405478 0.866328 -0.556868 0.913884 -0.222493 
-0.740029 -0.154051 0.609865 0.0152797 0.0962267 1.12712 -2.44983 0.854381 -1.18522 0.325827 0.673348 -0.483899 1.08469 -0.621737 
-0.774334 -0.238034 0.561555 0.0696937 0.147014 1.24464 -2.30109 0.832895 -1.19471 0.262006 0.628058 -0.456387 1.14466 -0.655877 
-0.818646 -0.323457 0.51871 0.132819 0.197568 1.35938 -2.15357 0.811099 -1.20434 0.197265 0.582114 -0.428478 1.20549 -0.69051 
-0.883981 -0.413363 0.485617 0.216442 0.242732 1.44385 -2.03414 0.789039 -1.21408 0.13174 0.535614 -0.400231 1.26706 -0.725562 
-0.940587 -0.496754 0.451868 0.276025 0.288954 1.55135 -1.89596 0.76677 -1.22392 0.0655954 0.488674 -0.371718 1.32921 -0.760945 
-1.00987 -0.576657 0.424109 0.33788 0.325408 1.63611 -1.78429 0.744325 -1.23383 -0.00107366 0.441362 -0.342978 1.39185 -0.79661 
-1.07337 -0.640556 0.395659 0.375189 0.357239 1.72719 -1.66815 0.72174 -1.24381 -0.0681585 0.393755 -0.314059 1.45489 -0.832496 
-1.13866 -0.687095 0.368631 0.398601 0.379042 1.80669 -1.56629 0.699031 -1.25384 -0.135613 0.345885 -0.28498 1.51827 -0.86858 
-1.1967 -0.707145 0.340316 0.397806 0.395485 1.88344 -1.46457 0.676215 -1.26392 -0.203384 0.297791 -0.255765 1.58195 -0.904834 
-1.20791 -0.703316 0.335305 0.39484 0.392839 1.88362 -1.47635 0.723919 -1.33012 -0.221769 0.359397 -0.262147 1.53999 -0.792153 
-1.22023 -0.699108 0.329798 0.391581 0.389931 1.88382 -1.4893 0.768045 -1.39395 -0.237798 0.414944 -0.270523 1.50657 -0.680048 
-1.23361 -0.694535 0.323815 0.388039 0.386772 1.88403 -1.50336 0.801674 -1.45206 -0.250238 0.4565 -0.275381 1.49249 -0.59007 
-1.24799 -0.689621 0.317384 0.384233 0.383376 1.88426 -1.51848 0.825244 -1.50536 -0.259929 0.486014 -0.276158 1.49573 -0.523908 
-1.26339 -0.684359 0.310498 0.380158 0.37974 1.88451 -1.53467 0.845549 -1.55746 -0.267793 0.513478 -0.278095 1.50325 -0.46094 
-1.27973 -0.678774 0.303189 0.375832 0.375881 1.88477 -1.55186 0.857511 -1.60404 -0.274255 0.531107 -0.276783 1.52473 -0.422038 
-1.29705 -0.672858 0.295447 0.37125 0.371792 1.88504 -1.57006 0.867577 -1.64823 -0.279273 0.548177 -0.277602 1.54778 -0.385393 
-1.31536 -0.666599 0.287256 0.366402 0.367467 1.88534 -1.58931 0.876179 -1.68951 -0.282783 0.565148 -0.280719 1.57137 -0.350352 
-1.33465 -0.66001 0.278634 0.361299 0.362914 1.88564 -1.60958 0.879781 -1.72287 -0.286026 0.574664 -0.283224 1.60405 -0.336444 
-1.35486 -0.653102 0.269593 0.355948 0.35814 1.88597 -1.63084 0.880075 -1.74729 -0.288904 0.577942 -0.286823 1.64363 -0.341529 
-1.37609 -0.645848 0.2601 0.35033 0.353128 1.88631 -1.65316 0.881826 -1.76712 -0.289773 0.583609 -0.29471 1.67926 -0.344105 
-1.39842 -0.638218 0.250116 0.34442 0.347855 1.88666 -1.67663 0.885371 -1.78228 -0.288489 0.592119 -0.306375 1.71019 -0.343386 
-1.42188 -0.630204 0.239628 0.338213 0.342317 1.88704 -1.70129 0.888813 -1.78741 -0.285637 0.59755 -0.320865 1.7432 -0.356418 
-1.44658 -0.621764 0.228583 0.331676 0.336485 1.88743 -1.72725 0.895421 -1.78732 -0.280004 0.607361 -0.338685 1.76941 -0.363406 
-1.47267 -0.612849 0.216916 0.324771 0.330325 1.88785 -1.75468 0.905279 -1.78126 -0.27177 0.621531 -0.358746 1.78855 -0.363685 
-1.50025 -0.603425 0.204583 0.317472 0.323812 1.88829 -1.78368 0.917499 -1.76338 -0.260592 0.635453 -0.38107 1.80594 -0.372395 
-1.52945 -0.593446 0.191525 0.309743 0.316917 1.88876 -1.81438 0.933382 -1.73265 -0.245447 0.650699 -0.405483 1.81972 -0.38683 
-1.56061 -0.582798 0.177591 0.301496 0.309559 1.88925 -1.84714 0.953982 -1.69509 -0.229078 0.673544 -0.427848 1.81947 -0.376336 
-1.59398 -0.571395 0.162668 0.292664 0.301679 1.88979 -1.88222 0.978158 -1.63894 -0.20896 0.695999 -0.450193 1.81433 -0.369899 
-1.62998 -0.559093 0.146569 0.283137 0.293178 1.89036 -1.92007 1.00557 -1.56399 -0.187284 0.718327 -0.470041 1.7996 -0.35333 
-1.66904 -0.545746 0.129103 0.272799 0.283955 1.89099 -1.96113 1.03632 -1.462 -0.16122 0.73607 -0.488981 1.77883 -0.339446 
-1.71176 -0.53115 0.110002 0.261494 0.273869 1.89167 -2.00604 1.06849 -1.33225 -0.134341 0.744937 -0.505663 1.75051 -0.317792 
-1.75873 -0.515101 0.0889991 0.249064 0.262778 1.89242 -2.05541 1.10014 -1.17279 -0.107739 0.737833 -0.521771 1.71939 -0.292961 
-1.81388 -0.496257 0.0643391 0.234469 0.249757 1.8933 -2.11339 1.08575 -1.13706 -0.237674 0.721026 -0.477226 1.59975 0.0480711 
-1.8775 -0.474518 0.0358912 0.217632 0.234735 1.89432 -2.18027 1.0807 -1.0665 -0.337016 0.714298 -0.439615 1.46154 0.345329 
-1.94933 -0.449972 0.00376867 0.19862 0.217773 1.89547 -2.25579 1.07112 -0.950295 -0.405413 0.689539 -0.398779 1.33072 0.592007 
-1.76037 -0.704714 0.0145462 0.386156 0.337335 1.86837 -2.00712 1.10588 -1.03643 -0.403402 0.708836 -0.409302 1.39423 0.572505 
-1.5879 -0.842193 0.0328634 0.451827 0.453139 1.87318 -1.77252 1.14502 -1.13343 -0.401137 0.73057 -0.421152 1.46575 0.550543 
-1.45081 -0.882979 0.0460305 0.45305 0.544215 1.87687 -1.58626 1.18667 -1.23663 -0.398727 0.75369 -0.433759 1.54184 0.527178 
-1.34516 -0.868307 0.0512973 0.429559 0.610001 1.87517 -1.44594 1.22954 -1.34287 -0.396246 0.777492 -0.446737 1.62018 0.503125 
-1.37584 -0.91048 0.0352611 0.431514 0.605298 1.90085 -1.47534 1.27101 -1.26623 -0.423405 0.823959 -0.454243 1.55853 0.617149 
-1.40989 -0.957264 0.0174711 0.433683 0.60008 1.92933 -1.50796 1.30387 -1.1464 -0.440308 0.852905 -0.451587 1.48917 0.720214 
-1.44708 -0.912601 -0.0220348 0.418907 0.607443 1.91868 -1.52864 1.23361 -1.01211 -0.452546 0.800958 -0.479668 1.44916 0.708281 
-1.49043 -0.860535 -0.0680889 0.401683 0.616028 1.90626 -1.55275 1.14982 -0.855959 -0.452144 0.722863 -0.504429 1.42209 0.687825 
-1.54112 -0.799651 -0.121942 0.381541 0.626066 1.89175 -1.58094 1.05676 -0.68168 -0.44059 0.615255 -0.527729 1.41595 0.658497 
-1.59944 -0.729614 -0.183891 0.358372 0.637613 1.87504 -1.61337 0.963022 -0.494248 -0.419689 0.479841 -0.552205 1.4351 0.618991 
-1.66384 -0.652278 -0.252298 0.332788 0.650363 1.8566 -1.64918 0.882244 -0.300906 -0.390228 0.327963 -0.581457 1.47569 0.569434 
-1.73148 -0.571035 -0.324159 0.305911 0.663758 1.83723 -1.6868 0.825098 -0.11491 -0.354695 0.176743 -0.613617 1.52543 0.517132 
-1.80178 -0.486614 -0.398832 0.277983 0.677676 1.8171 -1.72589 0.652613 -0.213706 -0.439968 0.0872098 -0.495261 1.50498 0.544935 
-1.87299 -0.401094 -0.474477 0.249691 0.691776 1.79671 -1.76549 0.504561 -0.295575 -0.492431 0.0384578 -0.360573 1.4706 0.598468 
-1.94413 -0.315649 -0.550055 0.221425 0.705864 1.77633 -1.80505 0.389591 -0.368427 -0.524207 0.0472212 -0.223929 1.40871 0.664283 
-2.01464 -0.23097 -0.624956 0.193411 0.719825 1.75614 -1.84426 0.306765 -0.43963 -0.543991 0.110522 -0.0907566 1.31786 0.729909 
-2.084 -0.147681 -0.698628 0.165857 0.733557 1.73628 -1.88283 0.251768 -0.513656 -0.557284 0.223842 0.0478778 1.19173 0.798308 
-1.77044 -0.315183 -0.777349 0.440444 0.791396 1.64083 -1.82701 0.238775 -0.558919 -0.561744 0.236647 0.0782822 1.18412 0.801655 
-1.4699 -0.432083 -0.843173 0.59381 0.84974 1.61082 -1.69817 0.22407 -0.61015 -0.566791 0.25114 0.112695 1.1755 0.805445 
-1.17648 -0.509237 -0.888907 0.643067 0.911772 1.63183 -1.49956 0.207832 -0.666722 -0.572364 0.267144 0.150696 1.16599 0.809629 
-0.928461 -0.538473 -0.912535 0.60052 0.974425 1.68851 -1.27753 0.190514 -0.727055 -0.578309 0.284213 0.191224 1.15584 0.814091 
-0.733738 -0.519461 -0.911123 0.466534 1.04072 1.77383 -1.03793 0.172631 -0.789356 -0.584447 0.301838 0.233074 1.14537 0.818699 
-0.557174 -0.396009 -0.756825 0.172922 1.17214 1.80425 -0.71042 0.195524 -0.78768 -0.541477 0.289027 0.313381 1.12712 0.809435 
-0.589811 -0.370704 -0.80393 0.162196 1.2148 1.86346 -0.669994 0.132951 -0.752757 -0.577646 0.149182 0.461553 1.18591 0.945676 
-0.62499 -0.343428 -0.854705 0.150634 1.26079 1.92728 -0.626418 0.0783577 -0.688113 -0.610746 -0.031106 0.601918 1.23603 1.16239 
-0.608846 -0.351641 -0.834296 0.114109 1.24141 1.92623 -0.636217 0.102829 -0.746562 -0.620282 0.0556999 0.479446 1.29015 0.932805 
-0.86771 -0.271455 -0.781495 0.490641 1.27348 1.92271 -1.20842 0.0637493 -0.832294 -0.665855 0.012286 0.562991 1.30661 0.933878 
-0.864169 -0.275811 -0.758169 0.472255 1.25541 1.92147 -1.24674 0.126283 -0.885158 -0.688238 0.0708678 0.444835 1.34911 0.782607 
-0.860412 -0.280431 -0.733427 0.452754 1.23625 1.92016 -1.28738 0.207866 -0.93282 -0.710453 0.125744 0.317543 1.37487 0.655366 
-0.856421 -0.28534 -0.707144 0.432038 1.21589 1.91877 -1.33056 0.317356 -0.978648 -0.734128 0.195214 0.186101 1.37096 0.561783 
-0.852175 -0.290563 -0.679177 0.409995 1.19422 1.91729 -1.37651 0.451886 -1.01858 -0.755375 0.275912 0.0492672 1.34944 0.499443 
-0.847644 -0.296136 -0.649337 0.386476 1.17111 1.91571 -1.42553 0.614178 -1.04548 -0.77235 0.375343 -0.0849836 1.30796 0.481842 
-0.842788 -0.302108 -0.617355 0.361268 1.14633 1.91401 -1.47807 0.797022 -1.04133 -0.772766 0.482422 -0.209619 1.2614 0.504015 
-0.837536 -0.308568 -0.582763 0.334003 1.11954 1.91218 -1.53489 0.991908 -0.979745 -0.737102 0.585173 -0.304434 1.21591 0.562861 
-0.831783 -0.315645 -0.544871 0.304137 1.09018 1.91017 -1.59714 1.18534 -0.83343 -0.645457 0.655981 -0.33535 1.17666 0.65635 
-0.825428 -0.323461 -0.503019 0.271151 1.05776 1.90795 -1.6659 1.37568 -0.591831 -0.488465 0.638666 -0.307493 1.18521 0.749996 
-0.818515 -0.331964 -0.457488 0.235263 1.02249 1.90554 -1.7407 1.56219 -0.274614 -0.306509 0.480661 -0.262925 1.29297 0.808245 
-0.811348 -0.340779 -0.410284 0.198058 0.985929 1.90304 -1.81824 1.73744 0.0881879 -0.155483 0.168428 -0.251242 1.51693 0.791768 
-0.804255 -0.349504 -0.363569 0.161239 0.949742 1.90056 -1.89499 1.83329 0.203724 -0.217516 0.0883873 -0.042513 1.47907 1.06299 
-0.797281 -0.358082 -0.317637 0.125035 0.914161 1.89813 -1.97044 1.94541 0.30139 -0.261789 0.0577922 0.157128 1.39048 1.32871 
-0.613846 -0.454001 -0.303486 0.305637 0.995963 1.72288 -1.84835 1.99943 0.265251 -0.291254 0.012195 0.228437 1.413 1.35029 
-0.430953 -0.486791 -0.24051 0.387426 1.1029 1.55901 -1.6801 2.05526 0.227892 -0.321714 -0.0349424 0.302155 1.43628 1.37259 
-0.406854 -0.501168 -0.192552 0.364952 1.07753 1.54058 -1.73911 2.22796 0.307036 -0.323688 -0.0195313 0.465558 1.31956 1.61107 
-0.45621 -0.419444 -0.164134 0.336042 1.09665 1.54403 -1.77718 2.22092 0.273066 -0.380156 0.119437 0.589123 1.14517 1.67211 
-0.50945 -0.331289 -0.133481 0.304856 1.11726 1.54775 -1.81824 2.19362 0.259921 -0.426887 0.230291 0.722567 0.979208 1.71608 
-0.566051 -0.237567 -0.100892 0.271702 1.13918 1.55171 -1.8619 2.13648 0.263782 -0.467572 0.304879 0.858499 0.83267 1.74236 
-0.625466 -0.139186 -0.0666829 0.236899 1.16219 1.55587 -1.90773 2.04762 0.277407 -0.508112 0.344378 0.994745 0.707643 1.75331 
-0.687106 -0.0371223 -0.031193 0.200793 1.18606 1.56018 -1.95527 1.93106 0.295079 -0.554294 0.34983 1.12698 0.609091 1.75501 
-0.750368 0.0676283 0.00523099 0.163737 1.21056 1.5646 -2.00407 1.79646 0.314831 -0.610319 0.321759 1.24586 0.543727 1.76287 
-0.59509 -0.198892 0.104832 0.318483 1.30574 1.36977 -1.75825 1.82206 0.326865 -0.597532 0.320131 1.21697 0.547339 1.73428 
-0.420394 -0.370322 0.188507 0.275947 1.33098 1.21536 -1.40496 1.85167 0.340785 -0.58274 0.318248 1.18355 0.551518 1.70121 
-0.219909 -0.415287 0.209182 0.0631184 1.24911 1.14578 -0.986976 1.88368 0.355832 -0.566751 0.316212 1.14742 0.556035 1.66546 
-0.438559 -0.301488 0.222032 0.241281 1.26784 1.15412 -1.36325 1.90185 0.347036 -0.504601 0.295088 1.15273 0.544117 1.74492 
-0.667636 -0.0884076 0.157356 0.26908 1.18213 1.22698 -1.68049 1.92016 0.338173 -0.441985 0.273806 1.15808 0.532109 1.82498 
-0.906167 0.186453 0.0312736 0.10574 1.01892 1.37421 -1.89047 1.93836 0.329367 -0.379765 0.252658 1.16339 0.520178 1.90453 
-0.931244 0.2482 0.0676801 0.080276 0.980192 1.38786 -1.86537 1.74514 0.179862 -0.257879 0.420608 1.24142 0.172215 1.82219 
-0.958917 0.31634 0.107856 0.0521763 0.93745 1.40292 -1.83766 1.30188 0.0483947 -0.0170016 0.568038 1.11359 -0.36403 1.80601 
-0.988438 0.389031 0.150715 0.0222 0.891853 1.41898 -1.80811 1.1491 -0.0176638 0.0622736 0.69315 0.911403 -0.588633 2.03511 
-1.01935 0.465154 0.195597 -0.00919154 0.844104 1.4358 -1.77716 1.04203 -0.0698589 0.108323 0.803007 0.77566 -0.77275 2.22539 
-1.04268 0.334492 0.255795 0.234307 0.853672 1.22276 -1.80607 1.07577 -0.040261 0.105773 0.769437 0.85513 -0.749769 2.23292 
-1.07015 0.253475 0.332125 0.426183 0.880341 1.00664 -1.82793 1.11053 -0.00977828 0.103146 0.734863 0.936975 -0.726102 2.24067 
-1.10105 0.225554 0.423758 0.574333 0.921093 0.779134 -1.8508 1.1459 0.0212535 0.100471 0.699667 1.02029 -0.702007 2.24856 
-1.1292 0.258148 0.521117 0.668685 0.955913 0.54807 -1.87145 1.18151 0.0524835 0.0977797 0.664246 1.10415 -0.677759 2.2565 
-1.14377 0.338292 0.613117 0.714533 0.964397 0.321838 -1.87397 1.21702 0.0836369 0.0950949 0.628912 1.18779 -0.65357 2.26442 
-1.13161 0.441954 0.697749 0.728042 0.945229 0.106365 -1.84659 1.25229 0.114569 0.0924291 0.593829 1.27084 -0.629553 2.27228 
-1.14449 0.458644 0.684049 0.704887 0.929793 0.142876 -1.81777 1.28046 0.0431522 0.116945 0.607427 1.34086 -0.59048 2.11384 
-1.15782 0.475917 0.66987 0.680923 0.913819 0.180663 -1.78794 1.28461 -0.0388024 0.144978 0.626621 1.41783 -0.564776 1.94258 
-1.17161 0.493785 0.655203 0.656133 0.897294 0.219753 -1.75709 1.24823 -0.136026 0.188658 0.652754 1.51776 -0.560179 1.73267 
-1.18583 0.512212 0.640077 0.630567 0.880252 0.260065 -1.72527 1.16254 -0.24009 0.263645 0.679966 1.63856 -0.590931 1.48532 
-1.20041 0.531101 0.624571 0.60436 0.862782 0.301389 -1.69265 1.04727 -0.336606 0.368308 0.699836 1.76111 -0.650948 1.23578 
-1.21526 0.550344 0.608776 0.577663 0.844986 0.343484 -1.65943 0.913477 -0.420362 0.498153 0.707903 1.88419 -0.732054 0.991573 
-1.23029 0.569816 0.592791 0.550648 0.826977 0.386083 -1.6258 0.759674 -0.487663 0.654062 0.697198 2.01823 -0.838812 0.738092 
-1.24544 0.589439 0.576684 0.523424 0.80883 0.42901 -1.59192 0.617954 -0.532524 0.808736 0.669534 2.13253 -0.951687 0.515695 
-0.833294 0.395755 0.943947 0.448705 0.843289 0.315817 -1.18884 0.669542 -0.519747 0.837149 0.665457 2.1332 -1.03484 0.476878 
-0.426833 0.0356162 1.06265 0.196692 0.779094 0.464328 -0.626 0.72375 -0.506321 0.867004 0.661173 2.13391 -1.12222 0.43609 
-0.57901 0.154545 1.07348 0.31341 0.711456 0.362279 -0.75163 0.728799 -0.463139 0.862039 0.616517 2.14386 -1.1581 0.389965 
-0.732769 0.261547 1.05058 0.418758 0.630958 0.277495 -0.854133 0.733974 -0.418885 0.85695 0.570752 2.15406 -1.19487 0.342695 
-0.904858 0.363488 0.97638 0.504972 0.530104 0.236779 -0.960167 0.739298 -0.373361 0.851716 0.523673 2.16456 -1.23271 0.294068 
-1.09979 0.443091 0.847052 0.561497 0.415207 0.257114 -1.07376 0.744803 -0.326281 0.846302 0.474984 2.17541 -1.27183 0.243778 
-1.29825 0.478891 0.697115 0.594984 0.305991 0.316199 -1.17869 0.750504 -0.277531 0.840697 0.42457 2.18665 -1.31234 0.191706 
-1.49921 0.482529 0.534568 0.592226 0.198754 0.428902 -1.28791 0.756409 -0.227033 0.83489 0.372346 2.19829 -1.35431 0.137765 
-1.69168 0.466901 0.380353 0.542293 0.0978875 0.594702 -1.40235 0.762506 -0.174886 0.828894 0.318419 2.21031 -1.39764 0.0820645 
-1.86745 0.455456 0.252159 0.431132 0.00835255 0.809691 -1.52209 0.768756 -0.121439 0.822749 0.263146 2.22263 -1.44205 0.0249741 
-1.86116 0.473057 0.231007 0.362939 -0.0818522 0.772028 -1.53271 1.0253 0.154645 0.614097 0.00129015 2.16903 -1.28675 0.144464 
-1.57916 0.468183 0.449157 0.556735 -0.0748418 0.409867 -1.22289 1.04969 0.160716 0.612216 0.000663032 2.16238 -1.3002 0.129501 
-1.23579 0.406087 0.687852 0.627235 -0.0123222 0.164476 -0.932802 1.07337 0.185042 0.596048 -0.00464885 2.15671 -1.29988 0.125304 
-0.891375 0.257895 0.889478 0.583981 0.0804243 0.0700126 -0.63748 1.09792 0.21025 0.579294 -0.0101533 2.15083 -1.29954 0.120955 
-0.584299 0.0551418 0.98772 0.446528 0.152674 0.118555 -0.324387 1.12307 0.23608 0.562126 -0.0157936 2.1448 -1.2992 0.116498 
-0.17156 -0.22314 0.929236 0.122447 0.225262 0.403552 0.0794842 1.19559 0.263118 0.556261 -0.0213329 2.18429 -1.34841 0.046702 
-0.218303 -0.189101 0.994304 0.123586 0.21352 0.366564 0.0848993 1.11768 0.0982341 0.512754 0.132451 2.17838 -1.25054 0.167945 
-0.277366 -0.149646 1.06859 0.114638 0.201625 0.315147 0.0654024 1.01277 -0.0687315 0.446519 0.229031 2.15615 -1.1684 0.256174 
-0.33912 -0.108394 1.14626 0.105281 0.189188 0.261388 0.0450173 0.897074 -0.236462 0.385033 0.277058 2.15807 -1.11408 0.290686 
-0.358239 -0.0761082 1.22254 0.0458715 0.156526 0.299514 0.101755 0.787845 -0.418127 0.524317 0.26974 2.25499 -1.2545 0.0773934 
-0.585168 -0.0856882 1.28814 0.40998 0.0252997 -0.000512555 0.0652081 0.786381 -0.397468 0.471068 0.238377 2.2521 -1.28419 0.114907 
-0.759206 -0.117392 1.30939 0.729042 -0.0958662 -0.286472 0.034233 0.784861 -0.376022 0.415791 0.20582 2.24911 -1.315 0.153849 
-0.486857 -0.441999 1.30323 0.376958 0.0888798 0.0572156 0.285755 0.85137 -0.372122 0.402302 0.200739 2.27539 -1.36561 0.089898 
-0.450093 -0.450812 1.30247 0.340226 0.0474046 0.0440792 0.248315 0.863715 -0.268784 0.42203 0.00334973 2.22031 -1.5062 -0.00584883 
-0.607996 -0.272001 1.32303 0.715966 -0.142331 -0.353717 0.176279 0.846973 -0.25592 0.516788 -0.00483666 2.23384 -1.53732 0.0717406 
-0.473709 -0.45931 1.32199 0.533228 -0.0549957 -0.194739 0.364205 0.849537 -0.255902 0.492091 -0.0177878 2.23063 -1.53763 0.0765698 
-0.337689 -0.557216 1.26283 0.334813 -0.0562473 -0.0202438 0.531611 0.85216 -0.255883 0.466826 -0.0310374 2.22735 -1.53794 0.0815102 
-0.325171 -0.536212 1.27706 0.312939 -0.0478673 -0.0135575 0.490334 0.859356 -0.313222 0.424128 0.0799972 2.18622 -1.43773 0.229263 
-0.311961 -0.514047 1.29209 0.289857 -0.0390246 -0.00650205 0.446777 0.869615 -0.367173 0.378152 0.165343 2.15002 -1.35631 0.359858 
-0.298072 -0.490743 1.30789 0.265589 -0.0297271 0.000916282 0.40098 0.881971 -0.420166 0.327923 0.236833 2.11398 -1.28195 0.484238 
-0.283519 -0.466325 1.32444 0.24016 -0.0199851 0.00868925 0.352994 0.895346 -0.473279 0.273719 0.295962 2.07962 -1.21331 0.602815 
-0.268344 -0.440863 1.3417 0.213645 -0.0098271 0.0167942 0.302958 0.906694 -0.529575 0.219329 0.337265 2.05988 -1.15787 0.703772 
-0.252591 -0.414433 1.35962 0.18612 0.000717728 0.0252078 0.251018 0.915973 -0.59001 0.164938 0.361631 2.05874 -1.11426 0.786408 
-0.236286 -0.387075 1.37816 0.15763 0.0116325 0.0339166 0.197254 0.926203 -0.651602 0.106064 0.375358 2.06688 -1.07275 0.863027 
-0.171934 -0.370652 1.36701 0.142261 -0.0888193 0.0553722 0.1601 1.09163 -0.504587 0.0647473 0.33455 1.97597 -1.09206 0.932975 
-0.108026 -0.354343 1.35593 0.126998 -0.188576 0.0766793 0.123203 1.24637 -0.337776 0.0280761 0.242321 1.92857 -1.13859 0.957833 
-0.0449839 -0.338255 1.345 0.111942 -0.286983 0.097698 0.0868055 1.38305 -0.165598 0.00209651 0.100151 1.92747 -1.21144 0.921696 
-0.163058 -0.368352 1.3529 0.331354 -0.346252 -0.077246 0.0829992 1.41639 -0.117941 -0.0199686 0.0814703 1.97543 -1.22263 0.90562 
-0.271624 -0.391978 1.35044 0.526024 -0.410077 -0.233004 0.060148 1.45055 -0.0690999 -0.0425816 0.062326 2.02457 -1.23409 0.889145 
-0.377386 -0.397492 1.33493 0.697768 -0.493604 -0.365403 0.0171528 1.48527 -0.0194753 -0.0655577 0.0428744 2.07451 -1.24574 0.872405 
-0.499081 -0.353839 1.29342 0.836275 -0.647986 -0.445162 -0.039852 1.52005 0.0302476 -0.0885792 0.0233842 2.12454 -1.25741 0.855632 
-0.516787 -0.361749 1.3368 0.852658 -0.726498 -0.497266 0.0544735 1.57028 -0.175212 -0.167727 0.253327 2.0818 -1.14353 1.03845 
-0.613837 -0.222823 1.07412 0.981017 -1.10224 -0.716445 -0.0872349 1.59276 -0.137396 -0.237968 0.206752 2.15017 -1.14598 1.05972 
-0.680619 -0.0824795 0.739855 0.936708 -1.60468 -0.901094 -0.136246 1.61549 -0.099166 -0.308981 0.159667 2.2193 -1.14845 1.08122 
-0.698137 0.0483024 0.504136 0.703476 -2.02737 -1.13171 -0.115463 1.63817 -0.0610315 -0.379816 0.112699 2.28825 -1.15091 1.10267 
-0.719191 0.0525249 0.519547 0.717726 -2.12658 -1.19302 -0.0435027 1.82623 -0.253498 -0.499567 0.446141 2.23984 -0.974364 1.34596 
-0.739851 0.0566684 0.534671 0.73171 -2.22392 -1.25318 0.0271107 2.03903 -0.413236 -0.647307 0.725914 2.17208 -0.834425 1.56585 
-0.760038 0.060717 0.549448 0.745372 -2.31904 -1.31196 0.0961063 2.28117 -0.529413 -0.828572 0.95837 2.08533 -0.733495 1.77793 
-0.725771 0.116905 0.645084 0.681885 -2.3046 -1.32096 0.117752 2.30366 -0.488976 -1.05788 0.964877 1.97633 -0.613894 1.88847 
-0.691845 0.172537 0.739774 0.619026 -2.29029 -1.32986 0.139183 2.28559 -0.433179 -1.282 0.948946 1.86948 -0.468846 2.00262 
-0.658255 0.227616 0.833523 0.556792 -2.27613 -1.33868 0.160402 2.21939 -0.371943 -1.48663 0.909294 1.76626 -0.3024 2.13423 
-0.625007 0.282134 0.926318 0.495191 -2.26211 -1.3474 0.181404 2.11482 -0.323562 -1.67213 0.84946 1.67326 -0.115314 2.27768 
-0.592378 0.335639 1.01739 0.434736 -2.24836 -1.35597 0.202016 1.9545 -0.19039 -1.85688 0.777265 1.64807 0.182169 2.43809 
-0.623057 0.231751 1.16236 0.581227 -2.11727 -1.11531 0.261052 1.97973 -0.158986 -1.9076 0.77251 1.63578 0.224633 2.44001 
-0.571618 0.305855 1.32634 0.853498 -1.72256 -0.866178 0.0203744 2.00511 -0.12741 -1.95859 0.767729 1.62342 0.26733 2.44194 
-0.558599 0.348556 1.36934 0.86047 -1.79163 -0.891054 0.0125314 2.03338 -0.17297 -2.37697 0.637001 1.11105 0.755875 2.67894 
