-4.39716 1.28664 -3.2591 16.5058 -18.9638 9.62779 -1.02253 0.156404 -1.31049 1.02175 2.49429 -0.582718 -2.56591 2.21401 -0.756681 1.56934 0.799782 -2.53527 0.192172 -0.0814187 
-4.36245 -1.56964 -7.33113 1.7587 15.1999 5.19061 -0.607846 -1.94941 0.859628 0.964905 -0.420259 -0.891555 1.26768 1.61738 0.0930484 -0.956401 0.539279 -0.933529 0.377348 -2.7468 
1.57754 6.16393 0.978656 -0.880846 2.94052 -22.8756 -0.509092 0.368016 -2.86584 -0.0370461 -1.07985 1.63179 -2.25245 -0.142077 0.416796 -2.79839 0.398178 1.37487 -0.300304 -2.82185 
-1.19868 1.75288 1.97911 2.08666 -23.1472 -5.52825 -1.27451 0.376319 2.71766 0.416882 0.802057 -0.454713 -1.10844 0.227817 0.223643 -1.73066 0.130204 -0.768226 0.305897 -0.699636 
0.477836 -0.993025 1.41042 10.9131 -19.7002 16.9174 -1.35419 -1.08418 -0.302217 2.525 -0.668261 1.81454 -0.569908 0.595466 -0.570976 -2.21576 -0.0133728 2.59837 -1.2703 -2.21908 
1.50846 1.04118 6.86697 -5.25967 -9.79398 6.07393 -0.370674 -0.127028 1.32724 0.343237 -0.825568 -0.928306 0.0173291 1.90725 0.0855961 -1.6576 0.722923 0.608325 1.04224 0.376285 
1.67785 -1.02188 -9.098 -23.8668 -24.9239 -0.246989 -2.23983 -1.60825 2.93613 0.306842 -1.6422 -0.162078 2.82913 1.91837 -0.377799 -1.97636 0.811259 -0.571685 -0.746216 1.70834 
0.562836 -6.06203 7.28687 -24.0438 8.78929 22.6696 -2.019 -0.237421 2.20096 0.766822 2.43966 -0.583646 -0.988047 -0.266837 -1.46893 0.0260016 0.00654742 -0.502744 1.43997 2.95505 
-5.64376 -6.01174 1.17539 -28.9087 29.2792 -16.7754 -1.84795 -0.651355 -1.75201 -0.0419585 -0.0274449 1.38985 -2.29082 -0.713871 -0.595922 2.92788 1.12309 2.04728 1.35406 -1.05352 
-0.785041 3.39007 -4.29682 5.96603 -28.8221 5.88887 0.14435 -0.948818 -1.1416 0.835271 0.46348 1.95806 -2.94976 0.79358 0.133393 -0.168872 0.627537 2.33632 -1.37165 2.24165 
7.78745 -3.32405 -3.92764 16.9118 15.7714 -23.6369 0.0478466 -0.459112 -1.76408 2.49507 1.41038 2.05202 1.10995 1.5501 -0.00430801 -1.51247 0.760412 -1.13415 -1.22956 -0.153224 
1.19239 2.22885 -6.12738 -5.94729 -19.7616 3.93621 -0.865822 0.640041 1.39596 0.685899 -0.680575 0.738076 1.43303 0.829241 -1.19156 1.10734 0.462482 -0.0859786 1.76401 1.82204 
-1.57281 -2.89468 3.13388 6.30424 1.65298 -28.7078 -2.43656 -1.43867 1.55404 0.622125 -1.32962 -1.00085 1.00997 -0.313705 -0.165178 -0.692341 0.000806612 -1.59527 1.95163 0.0614337 
-3.55101 -0.177206 1.2752 10.7139 19.3703 13.6257 0.19881 -1.62135 0.955908 0.176956 -0.790719 1.80512 2.55418 0.784178 0.894639 -2.76435 0.113229 1.19771 1.54381 -1.29103 
9.30461 5.39634 -3.94957 5.97409 16.5134 -27.6291 -0.286236 -1.72939 0.560981 0.565741 2.63083 1.47397 2.01327 2.16348 -0.0177537 0.178835 2.56385 1.71956 -1.34135 -0.126879 
-1.56799 3.96949 1.84547 4.22215 -6.40915 -21.9146 -2.21267 -0.818607 -1.34011 0.203302 -0.433014 1.07373 0.159013 2.42292 0.970662 1.49617 0.0727977 0.542234 1.87735 1.44819 
6.00738 -2.67698 -5.17585 -0.392918 9.95925 -22.6729 -0.511154 -1.82237 -0.154716 0.369191 -2.73401 1.30992 -2.74831 2.37674 -1.46026 -2.96456 0.0873428 -2.46141 1.73221 -2.64516 
2.84355 -4.42437 1.59097 8.21171 -2.16235 16.7971 -1.2377 0.827425 1.72778 0.629203 -1.56107 1.39949 2.17215 -0.0636552 -0.19193 3.00913 0.469574 -0.909101 1.94713 -2.53771 
-5.18941 -1.06964 2.16854 1.99308 26.2501 -13.3972 0.503874 -1.43558 -0.0564233 0.406365 -2.35254 0.59806 1.17349 -0.285729 0.646399 -2.11259 0.0570603 0.791268 -1.11101 2.7598 
4.06351 3.6716 7.4124 -15.0737 -14.7225 13.2875 -2.01748 -1.21633 0.685107 0.344748 1.04881 0.596607 1.25619 -0.320435 0.418423 -1.65657 0.0985558 -2.55861 1.67097 0.771188 
7.50703 -0.317814 0.488978 9.37269 10.5779 24.1906 0.691035 -1.78312 -2.6093 0.599177 1.34464 1.22123 1.46364 0.383676 -0.528631 -1.98726 0.530411 2.08062 1.17541 -0.32945 
-0.508129 2.34777 7.81775 -18.1557 -6.76983 -17.5522 -0.643571 -1.36918 0.47298 1.21773 2.14763 0.541494 0.72829 0.841382 -0.0481585 -0.590532 0.0294914 -1.3006 1.34596 1.35188 
6.60166 3.05658 2.78085 27.7193 25.1238 -18.8758 -1.95603 0.48749 -3.00936 1.0451 1.50565 1.39516 1.13635 1.69359 0.974354 1.76954 0.661968 2.59117 -0.585183 3.05251 
4.18177 -0.18126 6.01892 4.69793 -1.49056 -0.641453 -1.31991 -0.485979 1.26098 1.11267 0.0935613 0.161372 1.53873 2.00152 -0.561764 -1.32618 0.375034 2.9087 -1.19375 0.428199 
5.75749 1.33312 -9.17753 -10.1842 -23.8669 -23.2762 -0.886455 -0.12727 -2.49181 0.718125 1.3146 -1.39004 2.97017 2.36712 -0.65884 -2.81291 0.808806 -2.48401 1.00052 0.685624 
3.34875 5.0958 5.36799 -21.4956 10.9599 -3.73832 -1.84857 0.713816 -1.67045 0.29868 0.876133 0.680019 -2.9809 2.25487 -0.312693 0.344609 0.357001 2.20855 1.32202 2.48216 
-0.19538 3.1873 -8.50925 -17.6134 11.7126 8.05246 -2.16234 -0.0717221 -1.98687 2.51192 1.4957 -1.1674 -2.68047 -0.0231196 -0.177514 -0.949462 0.226631 -0.558006 0.737598 1.29716 
-1.68899 6.38181 -1.07398 -8.39793 -16.2578 4.25986 -1.70039 -1.38004 -0.896172 2.40262 -1.32715 1.08534 -2.47667 0.0877443 0.535931 2.95386 0.533216 -1.75867 -1.5558 0.462764 
4.45731 5.48448 -2.43387 8.88644 18.256 18.8078 0.0911466 -0.823349 -2.26944 0.058586 -2.36944 1.27726 1.91898 1.04357 -0.501334 -2.33539 0.66269 -1.89599 0.758628 -0.469759 
2.80871 5.76308 1.45933 3.97756 -11.3948 16.4076 -1.52703 -0.997019 1.52827 -0.0123691 -2.06779 -0.259299 -1.92351 -0.876945 0.957232 2.32268 0.402487 -1.83845 -0.533267 1.41931 
0.535137 0.528312 -5.31208 6.45739 12.5124 -12.0964 -1.3441 0.0756447 -0.0740188 2.55505 1.86114 0.491232 0.8688 0.445338 0.0403568 -2.59946 0.319333 1.0875 1.09008 -1.82559 
1.1018 4.02139 1.6169 14.5736 12.8918 0.0877262 -2.19747 -0.0949527 -1.93781 -0.0155583 -2.67382 -1.45287 2.90299 1.97331 -0.255052 1.0006 0.719647 -1.88037 -1.04279 0.173566 
1.64623 3.31667 4.67529 -10.9458 29.9118 -16.1771 -1.94916 -0.707864 2.18619 0.287268 2.41698 0.738336 2.94471 -0.860499 0.0846107 2.7757 0.0930832 -0.736836 -0.887957 2.48039 
-5.37754 -9.13269 5.08088 -25.1035 25.3556 -7.81202 0.317568 -1.58703 2.93781 2.48938 -2.40083 1.40043 2.77478 -0.139347 -1.36549 -0.415554 0.312126 1.18522 1.54794 0.0366488 
4.4446 -0.512389 -1.07642 20.217 6.06714 9.99995 -1.87853 0.561159 2.58625 0.973342 -2.02453 -1.38137 2.6086 1.886 -0.735579 2.33857 0.270364 1.1196 0.789345 2.65276 
3.81618 -2.6106 2.9309 21.205 14.0566 16.5233 -1.46319 -0.65393 1.14827 0.498765 -1.90836 -1.50217 2.81388 1.08538 -2.02013 -1.0556 0.879958 -2.8024 1.44198 -1.58682 
-0.504247 1.47441 2.20836 -0.364288 -22.3026 -21.6746 -1.90436 -0.104595 2.29786 0.221125 -1.65054 1.81433 1.83009 -0.0119193 0.107692 -0.870608 0.247092 -1.58624 1.67546 -1.50155 
-4.37458 0.577153 2.64889 26.9448 23.358 2.90119 -1.66956 -1.30799 0.462744 0.963303 -2.10311 -1.04325 2.91222 0.119588 -0.496124 -0.225904 0.639446 1.3002 -1.4542 -0.551341 
-1.1794 -5.61858 1.23989 2.40283 -11.1609 -28.855 0.748866 -1.71788 -1.50901 0.596096 1.70168 1.66602 -0.910964 -0.440294 0.0259315 -0.854707 0.0588544 -2.57035 1.45417 -1.83194 
7.09713 5.90391 1.33237 -17.2399 23.6182 3.28479 -0.293782 -1.32154 1.85976 0.159187 -0.542319 -0.307859 -2.23188 0.364 0.383114 0.519577 0.604221 1.15538 1.37628 1.00692 
7.41215 2.99018 1.18141 -10.9416 23.7265 13.916 -1.90439 -1.0751 0.064868 1.28476 -1.28402 -0.645138 -0.773501 -0.217358 0.651029 -2.64111 -0.024647 -0.710078 -1.18748 -2.24325 
0.980471 0.479153 1.93831 29.7167 16.0949 -18.9139 -2.41407 0.266577 -1.49713 0.649062 1.87216 0.264407 0.630948 0.76283 -0.545021 2.09792 0.562193 2.78768 -1.13376 1.21556 
3.81961 -4.38311 3.49037 -11.3562 -22.519 13.9346 -0.0419915 -2.09765 -2.46933 2.39636 1.10061 0.172298 0.0551726 0.0825877 0.982147 2.9374 0.469008 -2.80648 -1.15475 -0.475515 
-3.93291 0.483639 5.95637 -23.1381 29.0185 -23.5025 -0.595662 0.0186795 1.78715 -0.0299929 0.162768 1.98553 2.91472 2.06341 -0.288481 2.49568 2.51998 2.28801 1.66007 0.71834 
-1.41766 -4.9287 0.207491 -4.41329 3.29747 -2.93284 -1.41438 -1.63479 1.66187 0.0575158 -2.64368 1.35285 -0.65521 0.706449 0.0866467 -2.76207 0.696312 0.483877 -0.14599 2.37288 
1.22068 -10.8214 0.222625 -27.2293 -1.09086 -2.84562 -0.906124 -0.588235 1.60243 0.526028 -0.865356 0.478243 2.12824 0.473305 0.679379 -2.86796 1.07547 2.74377 1.85793 -1.77307 
-5.0189 -0.283016 2.02294 11.9271 -19.3796 -9.92212 0.0910301 -1.60152 0.126772 0.452908 2.62103 0.662761 2.44201 1.37908 -0.371205 -2.6431 1.06286 -0.566198 -1.46148 -2.01216 
6.12866 -3.68725 -8.946 -9.02916 4.04901 -27.6491 0.878227 -0.807803 -2.76831 0.281977 -1.346 -1.35581 0.696186 0.0513338 0.692875 -1.92526 0.530114 0.913985 -1.4155 -1.82969 
-2.08695 -4.73501 6.85947 -15.2088 -28.7007 -15.7133 -2.4227 -0.206917 -1.02122 0.658453 -1.96877 -0.402429 0.881238 2.35741 0.558737 1.77994 0.366412 0.45573 -1.26545 2.77232 
6.61923 3.73816 0.81592 -15.4501 15.0414 15.8528 -0.86106 -0.400693 0.795896 0.308114 2.0107 1.70098 1.34448 1.41878 -0.18689 -1.25574 0.16437 -1.27666 1.74871 -1.67037 
-1.76064 -2.62883 1.06949 -2.92354 25.5037 -10.6069 -1.75246 0.425448 1.44932 0.0359127 -2.12949 -1.30205 0.416921 0.28262 0.292803 -2.01181 0.863213 2.33059 1.35665 -0.563254 
-5.13247 2.99747 -2.49289 4.4653 -5.94648 12.4826 -1.68295 -1.53985 2.49885 0.940075 2.28067 -0.0335464 -1.12624 1.4493 0.908717 2.7778 1.01734 1.13775 1.75781 -0.670934 
2.37778 -0.558928 -8.46718 -24.8732 -21.5105 3.088 -0.399809 0.088299 2.93184 0.887375 -1.49417 0.873661 1.17094 2.05714 0.830078 2.94926 0.599779 -2.88744 -1.0766 -2.18405 
6.80836 -1.77426 -6.83312 -6.17058 -1.41533 -18.0614 -0.215255 -2.01439 -1.82844 0.870959 -2.55552 -0.772398 0.815399 0.335092 -0.61536 -0.544189 0.623023 0.714232 -1.08496 -1.73338 
-0.16632 4.19285 -1.72968 -1.4487 17.5853 17.4545 -0.49946 -0.357236 0.893373 0.191534 -1.1871 -1.45734 -0.759856 2.04284 0.280193 -0.484409 0.67768 -0.183322 0.485799 -0.302388 
-0.384043 -1.5718 -6.5384 -27.5321 -17.4791 10.7828 0.50696 -0.69313 -0.248821 0.437 2.03439 1.47206 0.476361 1.61409 -0.3814 -0.0952031 0.271264 -1.25514 1.34595 -0.918088 
2.10299 8.82501 4.90723 -19.5046 -3.87518 28.517 -2.32034 -1.01167 2.27537 0.308786 0.536907 -1.12197 -2.49911 0.861683 -0.575448 -2.39986 0.44411 -0.345609 0.73928 2.34443 
-7.35216 -2.1935 1.93448 11.2069 -14.4019 -24.9392 -1.92391 -1.59135 -1.80809 2.60746 0.529439 0.672587 0.452597 -0.0553518 -0.0999101 -2.10932 0.0896838 -0.0665346 -1.47838 0.670738 
2.16634 -1.46914 -3.76843 20.1045 20.7058 7.13736 0.138624 1.03416 2.72332 0.111822 -1.74122 2.06999 -0.870867 0.932193 -2.00559 0.0145702 0.637979 2.8955 -1.24185 -1.3858 
1.10642 1.02808 -2.28584 6.59168 27.8076 -18.0783 -1.08051 -0.336853 -2.36714 2.41739 2.2103 -1.53671 0.769986 2.02103 -1.03894 -2.84543 0.84683 2.78641 -0.630313 -1.65022 
1.64489 0.257148 5.13794 12.4981 -22.7091 -0.244405 -1.10098 0.0611224 2.37919 0.693994 -1.09563 -0.550001 -0.388687 1.72542 -1.00007 -1.78685 0.275819 -1.2859 1.73923 2.21164 
0.24302 0.357954 -5.91622 -11.1562 -20.017 13.0162 -0.69586 -0.325449 0.559893 1.03481 1.71524 1.32111 -1.89474 1.67738 0.255963 -1.32238 0.0676547 0.254953 1.06274 2.80969 
5.25053 2.26478 2.20368 -2.94251 26.5788 -5.99103 -0.502087 0.0723663 1.49438 2.43258 -1.85096 -1.02929 1.56417 -0.297881 0.0480984 -2.5124 0.187245 -2.54464 -0.367832 1.00497 
-0.989659 0.790097 -8.3132 -26.5394 21.8554 -7.14876 -2.19011 -0.534328 2.33053 0.09795 2.36193 -1.23885 1.72218 -0.277246 0.670936 -1.56582 -0.0138832 -2.58867 0.240176 1.50902 
0.806811 7.82079 -0.654984 -18.634 -13.5309 -28.0182 -1.11238 -0.451293 1.20257 1.02155 1.88324 0.683293 -2.53991 1.83069 0.075961 -1.88604 0.262337 -2.74363 -1.31141 -0.220828 
2.07542 -6.75544 -6.7696 -24.6363 -7.41279 -0.188646 -0.440229 -1.29016 0.764417 1.04883 1.57507 0.198532 -0.597661 1.99339 0.649062 -0.883634 0.59054 1.30744 -0.784614 0.513058 
-5.65133 6.13042 6.73459 -24.4882 -18.8536 -15.4915 -0.349635 -1.85128 2.87719 2.59459 -0.229845 0.898117 0.459294 -0.399543 0.262096 -2.55506 0.0172695 -2.56093 1.64007 2.77403 
-2.37045 -0.930835 4.71568 -17.1764 -18.6541 -27.7496 -1.88541 -0.473003 1.87919 0.151494 -2.30868 -1.40057 2.35247 0.691614 0.903856 -2.21158 0.631854 1.5567 1.60188 0.166593 
3.17308 -1.79308 -6.70759 -13.4364 -5.1454 -17.0679 -0.331521 -1.3144 1.36625 0.803849 1.88091 -0.0725861 0.805297 0.600682 -1.38383 -0.0264134 0.752619 -2.21524 1.71979 -0.418248 
-1.80318 4.01843 5.81829 -11.9699 8.68117 -24.4275 -1.88167 -0.839553 -1.77305 0.258977 1.83261 -1.07583 1.48606 1.79129 -0.832758 2.38886 0.363458 0.817993 -1.04508 -0.720126 
3.64436 -1.64717 2.38374 9.49673 -18.4455 9.2513 0.524856 -1.81221 -0.0899552 0.530121 2.0005 -0.450703 2.52334 0.268873 0.349853 -1.48638 0.436889 1.32789 -1.26406 -2.39368 
1.37436 1.40682 1.5198 21.5788 -11.2037 -21.5209 -1.42718 -1.28993 -0.640723 2.33088 -0.636984 -0.771861 -1.11456 1.62578 0.403675 -1.40313 0.646883 -2.37725 -1.15225 -2.84777 
4.90181 -2.4397 1.32843 2.56216 7.30854 -12.4284 -2.13588 -0.491218 1.47816 0.858025 -0.155292 0.422906 -0.692778 1.67165 0.192255 -1.89709 0.309866 0.494383 1.30102 0.228477 
5.8219 -2.92646 3.34519 -3.07254 8.08493 19.0145 -0.554741 -0.91196 0.0339019 0.618437 1.10709 1.52256 1.54932 1.78975 -0.487483 -2.95654 0.678395 0.705303 1.98768 1.14735 
-2.26714 -5.96816 5.92504 -14.2887 -11.5952 -19.254 -1.96192 -1.46615 2.57708 0.056849 1.07242 -0.37576 0.854278 1.40455 -0.92294 -1.09079 0.805811 2.44849 -1.08153 0.179799 
1.58056 0.313919 -5.3406 -17.8467 23.2313 8.19395 -1.57402 -1.32522 0.754452 0.317476 -2.10766 -1.49597 1.81762 0.889144 -0.444315 -2.34422 0.159719 -0.707147 -0.177896 -1.37492 
5.3005 -0.336539 -1.48327 4.72511 -12.8147 20.5569 -1.68733 0.557815 -2.12564 0.0819247 -2.88072 -0.615663 -1.14883 2.22243 0.229578 1.18403 0.5525 1.8475 0.966752 2.03284 
4.56989 -1.30426 6.02807 6.78733 -15.8391 2.45009 0.342783 -1.79161 0.206433 1.09673 1.43195 0.36756 0.192622 2.32395 -0.667519 -0.854933 0.349047 -0.680493 1.61132 -1.70861 
-7.13696 3.05929 7.73955 -1.58521 4.62559 -24.6741 -2.39018 0.575497 -2.05646 0.613824 -0.0167518 -0.229442 2.72303 2.36723 -2.09456 -0.493683 0.0523925 1.50099 1.41411 1.09671 
-5.81842 5.69128 -5.17725 -14.9927 -19.1793 3.91718 0.741478 -1.36371 -3.02527 0.481613 1.24606 1.92888 -2.74133 1.06395 -1.60145 -1.72252 -0.0389749 2.96447 -0.589155 -0.471689 
6.09521 -3.96817 3.20202 26.4318 2.38261 19.6092 0.384089 -1.40182 -0.632843 0.601967 1.78772 2.07312 -0.628121 1.80818 0.0144091 -2.68874 0.173853 -2.7891 -1.16441 -1.79096 
-0.285631 1.57498 9.86053 -22.7351 -24.1358 -8.31145 0.636593 -1.86398 -0.650491 0.510802 -0.49697 0.569931 -2.88033 -0.0921658 -1.15775 -0.443382 0.666428 2.92311 1.60022 1.43556 
7.66262 -4.9798 3.72366 10.9358 -22.7169 3.00958 -1.38594 0.701267 -1.61753 0.877638 0.774959 0.0851369 -0.780518 1.64029 -0.488686 1.05638 -0.0170018 0.515302 1.56204 2.39451 
7.80463 5.16078 2.24545 25.2362 2.35499 25.905 0.807521 0.134367 -2.33756 0.358454 2.09957 -1.41562 2.94515 0.667539 0.112055 2.97517 -0.046244 -2.85845 -1.1438 -1.27991 
4.78624 -3.13519 -1.97328 16.4807 3.30535 -26.3408 -0.769396 -0.990259 -2.71917 2.507 -0.224396 1.04667 0.41556 -0.371889 -0.195563 -0.320521 0.331301 -2.49369 1.45195 1.98872 
4.58852 0.334062 -4.51167 -3.20692 -29.8601 -19.8718 -0.456489 -0.844035 0.822114 0.679405 2.21327 0.667893 0.00457541 -0.0557489 -1.96958 -0.704927 0.696224 1.27482 0.910154 -0.617753 
-2.11754 -1.3275 -3.86073 5.15307 -21.7017 5.2427 -1.66561 -1.72696 2.46021 -0.02305 0.00425181 0.672286 -0.620906 1.11904 1.00519 -2.57601 0.501299 1.93328 1.22526 0.0571821 
-7.82608 3.09119 -2.08208 15.161 -19.9384 7.04214 -1.73519 0.853072 -2.75528 1.0759 2.84077 -0.0527147 2.37203 0.680639 -0.556912 -2.95556 0.296298 2.4779 -1.2171 2.30424 
-2.12793 -3.08653 3.91177 -14.3037 15.9249 22.8758 -0.479863 -0.833147 -2.11139 0.301692 -0.514067 1.16953 -2.11607 2.00958 -0.580057 -2.02759 2.59058 1.25621 -1.08459 1.49601 
7.4596 4.04014 7.10169 -17.7016 25.8105 22.9216 0.0266066 -1.42614 0.527302 0.384109 -2.25182 1.53039 1.66774 -0.690732 -1.92303 0.0883584 0.359181 -2.87458 0.96466 -1.40686 
-2.35888 3.7754 -3.63873 -9.1249 22.63 10.955 -0.272415 0.864341 2.76424 0.0239143 0.412595 2.03673 2.55924 1.74259 -0.360299 -2.50809 0.778385 -2.90433 0.470104 -2.40224 
6.6555 1.0373 -5.43119 -12.348 14.6272 -8.52515 0.528046 0.767803 0.813507 2.55104 -1.52546 -0.790133 1.4138 0.299842 -0.254774 1.9716 0.76987 1.70348 1.71532 -0.0208152 
1.30755 -4.66389 0.45094 3.80608 -29.2824 -27.6269 -1.63033 -1.37956 -0.472744 2.48842 1.29814 -0.0879971 -0.627114 1.01154 -0.668493 -2.07056 0.0319733 -0.972699 2.0259 -1.99146 
-5.14043 6.19865 1.18972 -7.94351 -6.91621 -14.8805 -1.67031 -0.700207 -2.97661 2.54298 2.25082 1.3976 -2.75855 2.03785 0.585302 -1.37378 2.48732 0.658822 0.930571 0.309304 
7.33254 -1.09599 5.15971 12.4057 -22.7101 14.5816 -2.03655 0.720345 2.707 0.297382 0.88624 0.87546 -1.90815 0.110674 0.0201078 -2.19429 0.468584 3.04205 0.254908 1.99392 
2.73331 -1.48023 -2.4791 0.376636 14.0087 -14.4807 -1.52671 0.215401 1.66256 0.0650101 -1.44059 -0.758043 -0.426108 0.424114 0.741331 -1.3089 0.158173 -1.08439 1.07944 1.10223 
0.860227 2.00991 5.2234 -3.45048 -26.7189 4.22566 0.820027 -2.06771 -0.694414 0.799009 2.79226 0.495862 0.222122 2.38117 -0.870878 -2.55284 0.209828 1.7872 -1.44606 -0.725069 
1.32606 2.02072 3.22649 -1.23406 -25.1117 -19.9852 -1.29408 -1.12067 2.28389 0.321558 2.1836 0.302097 -1.53951 -0.871372 0.626105 1.19316 0.245604 0.0092369 1.79393 1.73997 
-1.13598 -2.98482 2.35731 1.68203 -18.4504 16.2087 -0.778315 -1.19523 1.76595 0.273425 -1.28572 -1.38643 -2.56681 2.18219 1.04272 -2.56757 0.425444 -2.74436 -1.48599 -1.13978 
0.776988 -8.4984 4.12772 -22.7844 6.83321 7.42554 0.350578 -1.59757 0.392376 1.01327 -0.861641 -0.402043 -2.36612 1.63722 0.520767 -1.80538 0.401794 -1.83799 -0.443877 2.18187 
0.921139 3.67105 3.02109 9.97364 13.56 17.9835 -1.90924 -2.02639 0.949769 0.980732 1.4289 1.56903 -3.00472 1.30156 0.950776 -0.968578 0.526633 -2.08132 -0.565262 2.71346 
6.18335 1.24231 -7.25587 5.52032 -18.5686 -26.6004 -0.243544 -1.22108 1.11513 2.44442 2.98817 0.72644 3.02996 1.82165 0.874279 2.35629 0.0431607 -1.25238 1.76355 -2.70882 
3.19323 0.03036 -1.6522 1.8643 14.0804 0.491655 -1.63437 0.122091 -1.68382 0.858827 -1.69713 -1.02013 -2.26697 0.475404 -1.3153 2.98309 0.00751602 3.02406 -1.1369 -2.94517 
7.23447 1.10383 0.236821 27.9044 19.0433 -13.7789 -1.92881 -1.27134 -0.89441 -0.0294701 -0.300747 1.42158 1.21339 2.175 0.733424 1.81825 0.50201 1.09739 -0.523291 -0.698163 
7.72089 3.47376 5.63354 7.84271 0.779605 29.1664 -1.32239 0.022758 2.01279 -0.0259941 2.1196 -1.40401 -1.3356 2.06242 -0.852384 -2.54833 0.22477 2.82138 -1.3812 -2.61686 
-0.105037 -5.0127 -0.97172 -0.389453 -8.82961 23.3557 -1.35602 -0.556993 2.9058 0.694314 -1.40918 1.5216 0.442911 -0.0867389 0.717367 -2.37758 0.575397 -2.51719 1.21942 2.65961 
5.55628 1.8794 -1.29593 19.6829 18.8449 15.33 -2.22218 -1.08758 0.242631 0.707968 1.99894 1.5039 0.269469 -0.390958 -0.229483 -1.81161 -0.0522125 1.94335 1.00599 0.69135 
-6.29946 -2.92127 -6.83681 -3.07675 16.8468 24.6842 0.668523 -0.653742 0.790737 -0.0393819 0.392434 -0.386539 2.08506 2.27905 -0.516337 -1.04406 0.418505 -0.966756 2.08746 -2.56531 
-3.88267 5.69691 -6.55965 -18.7642 -1.85565 18.2736 0.616694 0.112753 2.13234 0.447698 -2.12073 -0.106799 -3.05136 1.74752 -1.13928 -0.438383 -0.0254844 -2.09045 1.83712 1.6142 
9.30072 3.17279 -5.32503 12.3528 19.3042 -27.6185 -2.22368 -1.01732 -2.77393 2.36627 1.86599 2.02591 3.00871 1.92554 -0.639482 2.75987 0.133697 0.0701479 0.660225 -0.0500756 
-2.61021 -5.33447 -0.414367 2.31722 23.2462 -8.76832 -2.15474 -0.983681 -1.9463 0.262853 -2.04433 0.288798 0.571899 1.89028 -0.329586 1.4982 0.0920174 0.674976 1.34202 -2.21584 
-3.01578 -0.207908 3.44983 6.34405 -19.5006 6.23665 0.386678 0.84054 -0.241108 2.49298 -2.48871 -0.373326 0.732252 1.71412 -0.39374 0.0132969 0.725086 -0.697413 2.08113 -1.48752 
8.34746 1.44857 3.50182 20.607 19.3485 20.5556 -1.44082 0.804772 2.29495 0.305882 2.02721 -1.34169 -1.83957 0.338259 -1.33965 -0.671819 0.99457 1.67847 -0.788815 -1.87039 
2.72185 -0.0541201 2.82189 2.90153 -12.2273 20.3765 0.569682 -0.913276 1.94038 2.51236 0.378417 -0.208591 0.771876 0.39419 0.17068 -1.23101 0.923355 -2.49716 1.28922 -1.08848 
-3.41141 1.16202 4.99838 -22.7844 -13.5583 2.44852 -0.708701 0.0650024 -1.58466 0.252332 -0.229217 1.74876 1.14496 0.491891 -2.04538 -0.493434 0.0628059 -2.56087 2.03542 -1.65706 
2.28243 3.17621 -0.82616 5.56479 10.6792 24.5343 -2.23736 -1.66723 2.3658 0.100004 -0.624305 0.70416 -1.52444 0.349161 -0.771757 0.545515 2.60046 -0.977317 1.85786 -2.90978 
-5.59127 8.64428 0.137399 -4.95075 -15.0837 -13.7007 -0.239902 -1.05877 -2.56831 0.579877 1.59037 -1.00707 1.53756 1.9583 -0.302832 0.874294 0.775899 1.58866 1.86902 -2.57351 
-6.08236 -10.0282 -2.88498 -22.0912 28.9055 2.252 -2.18596 -1.61711 2.82351 -0.0279041 -1.74907 1.40265 0.887958 -0.165041 -0.11859 -1.84832 0.363257 -1.08148 -0.901681 0.64789 
5.46977 1.62504 -0.505253 29.873 -21.133 -1.75631 -1.00756 -2.08715 -0.518142 1.11921 1.2143 1.86864 -2.02484 1.42522 0.625108 -0.883487 0.688708 -0.782416 0.58417 -0.147037 
-5.23622 -0.852275 0.0553678 23.7929 -5.66147 -10.2937 -0.969153 0.269335 2.92522 0.954385 1.91846 -1.19961 2.42266 1.87497 0.271555 -2.67434 0.87197 -2.95998 -0.529362 1.21241 
0.146181 -1.75457 4.25985 2.33099 28.0323 2.85885 0.532287 -1.52352 -0.0326668 0.297811 -1.50928 0.102048 -1.18428 -0.0264073 -0.750719 0.0429959 0.253206 -2.66712 1.47839 -0.0854355 
-3.59876 8.81064 -3.22348 -22.628 -16.0521 3.36623 -0.740564 -1.10338 2.15173 0.252923 -0.266219 -0.494744 2.49242 -0.427064 -0.229075 1.54804 0.0444804 0.141439 -1.54266 -2.11072 
-3.57944 -1.34391 -2.14243 9.51876 -15.7906 -21.1176 -1.39945 -0.617892 2.0569 0.791033 0.00797715 -1.06993 2.17471 1.08513 0.0852506 -2.9014 0.287743 1.47619 1.51719 3.01833 
-8.08323 -1.1433 3.49056 28.3975 25.459 1.08661 -2.30531 -0.349959 2.73072 0.695062 0.222432 0.304062 1.16058 0.783767 0.652426 -2.66546 0.0553793 -2.94849 -1.17131 0.475547 
5.9295 -2.98287 -6.23424 -18.9763 -14.0702 -13.8242 -1.09575 -0.59457 2.28518 1.05128 -1.57524 0.874957 -2.8627 -0.149263 -1.81545 0.791371 -0.00163724 -0.429035 1.10527 -0.269741 
6.68924 -0.362634 -0.148339 20.523 24.6666 18.3638 -0.660904 0.0763012 2.0226 0.323003 0.478633 -1.25942 1.93404 -0.0511292 -1.9029 -0.205247 0.369313 -1.86024 -0.685651 2.64093 
-1.55866 8.05152 -4.68626 -20.6799 11.4852 15.8201 0.755754 0.766036 2.78194 0.337491 0.413774 -0.328541 1.6968 1.60849 -1.52972 -2.79609 2.4718 -1.37542 -1.13495 -1.0922 
7.79965 -4.22234 0.122588 -5.54711 -11.7415 -6.90289 0.201797 -0.436372 -2.38741 0.998006 0.198584 0.79483 -1.22163 2.13515 -0.221135 0.564228 0.163365 -2.43351 -0.863918 1.24662 
2.12712 9.45095 0.965614 -29.059 21.9211 -29.4037 0.602867 -1.21722 1.76299 2.5734 -1.69854 1.9429 1.15604 1.38475 -1.332 -1.74141 0.00365327 2.88783 -1.38518 2.02066 
0.63656 7.6895 -2.2538 -26.5415 -10.2059 17.5817 0.0221877 1.00239 -0.541715 0.410161 -2.66999 -1.38293 1.02665 2.35235 -0.571877 -2.84334 2.32213 -1.17065 1.05724 2.96407 
2.63146 -0.976284 -6.05336 0.47517 -12.0812 -24.9105 -1.89552 0.933671 1.71023 0.197549 -1.07655 1.86548 0.113159 1.09118 0.770788 -0.724054 0.546269 2.61202 -0.098524 1.35322 
6.84974 5.84639 -2.46845 2.08751 10.3936 -24.3335 -2.22643 -0.914183 2.03756 0.0699698 0.840068 0.585157 -2.80669 0.410896 0.314354 -2.41702 0.381247 -0.226577 -1.37924 1.08105 
3.10374 -3.82202 -2.00718 -10.6446 -7.51187 -9.70633 -0.884557 0.564062 0.39079 2.34775 -1.81501 0.197593 -1.34636 2.30391 -1.66126 0.557087 0.267462 1.40327 1.40366 2.77781 
-1.89576 5.4638 6.7824 -29.3656 13.1771 -6.87006 -0.227737 -1.99393 -2.06715 0.792982 -1.04408 1.56909 0.487848 2.33398 -0.339048 0.988118 0.0474638 3.00126 -1.07186 1.30331 
8.19065 -2.53051 6.28842 7.64118 8.25497 29.8638 -1.62644 -0.479839 -1.66768 0.581874 1.17997 -0.268441 -1.0938 0.485544 -1.32559 2.5315 0.292483 2.87732 0.40257 0.0264994 
-3.02468 -0.101687 -4.90041 9.69461 -3.13595 5.67309 -1.23187 -0.423191 -2.54714 0.333999 2.69202 -1.09306 -0.665463 2.25075 -0.319385 2.35539 0.0123723 2.81506 -0.848226 2.40445 
0.261704 1.03567 0.298036 5.2532 -27.6159 -19.5379 -2.2273 -0.303635 2.81107 1.01778 -2.97647 1.01966 -2.30021 -0.13383 0.82272 2.9813 0.837957 0.970113 1.30475 -2.49927 
-2.50737 -0.122865 6.47587 -17.5735 -21.145 3.90303 -0.513582 -1.98556 1.26062 0.831489 -2.96044 0.572158 0.281727 0.333745 -0.810634 1.20185 0.09254 -0.863262 1.61186 -2.90825 
-4.48306 0.240901 1.80258 4.89164 -18.1712 -10.1429 0.217146 -0.128331 2.22638 0.326156 2.66903 0.634641 -1.88133 -0.686558 0.567057 -1.93273 2.56827 -2.40741 0.895805 2.83083 
7.08511 -3.22623 -2.29834 7.79611 -29.4568 -16.9522 -1.39442 -0.343114 2.20313 0.535299 1.10975 -0.0360878 1.98201 -0.5261 0.754122 -2.96672 0.59685 2.91411 1.24734 2.10475 
-3.21278 -0.831715 -0.871476 7.08455 -24.9268 11.1255 -2.2022 0.138475 -1.21587 2.51672 -1.44846 1.33897 1.31178 -0.230679 -0.0313074 1.58912 2.61759 1.31006 1.0936 -1.03243 
4.62353 4.26527 2.94832 -13.1825 17.4452 24.4193 -1.92161 -0.245546 0.410309 -0.00739302 0.721707 1.51551 -2.5827 -0.340563 -0.298747 -1.4091 0.168799 -2.29974 0.651926 2.52125 
-3.76321 -0.022295 1.84695 -3.06676 -15.2401 -2.93923 -1.59052 -1.0338 0.597829 0.959489 -0.919477 -1.56173 -2.14798 1.24663 -2.10978 -0.855882 0.404731 1.44497 -1.55882 -0.81308 
8.7682 5.617 -2.87668 7.68175 28.1445 -6.80068 -0.505844 -1.15664 2.25592 2.49684 2.65233 0.928239 1.88115 2.2854 -0.424557 2.19146 0.0532796 2.40638 -1.00713 -0.874712 
-2.29751 -2.0222 3.98911 -22.0849 -22.3881 -8.27908 -0.672889 0.626754 2.48045 0.578348 -1.44652 0.635684 1.46819 0.922411 -1.05404 0.332639 0.269137 -1.13197 1.53408 -2.935 
2.92461 -0.353131 -0.761168 12.6072 7.4908 7.19947 -1.42565 0.385865 -2.0841 2.55236 1.34155 -0.915705 2.00546 0.446546 0.855476 -2.10011 0.0135688 1.39307 0.557542 -1.97487 
2.75439 0.262758 -1.6193 -8.40474 -4.41641 -16.592 0.239654 -1.10831 0.505629 2.53164 -0.365272 -1.06649 1.9676 1.89321 -1.56718 0.843664 0.228479 0.392026 1.72649 -1.69838 
-5.38446 1.16694 -6.05 -14.644 -13.2596 4.05465 -1.94864 0.442067 0.722339 0.742569 -2.95783 -1.16865 -0.710876 2.32419 0.524728 -2.52495 0.582905 -2.81801 -1.32022 -0.49922 
6.8867 -5.87674 2.51031 3.20731 -23.019 4.75562 -0.890825 -0.243259 0.403071 2.38096 -2.37869 -0.89165 -2.9395 0.47086 -1.79392 0.120944 0.239939 -1.50093 2.02595 0.255317 
-2.40595 -2.15686 2.1283 16.8026 -3.17977 -16.472 -1.75979 0.162179 2.06522 0.675997 2.15789 -0.335219 1.26692 0.635623 -0.376525 -1.40408 0.371175 1.79674 -0.985409 2.55243 
