-1.21028 1.6464 5.67686 -18.4521 9.46551 5.42924 -2.39066 -1.35554 -0.765415 2.46324 -1.3377 0.454729 -2.81204 0.42736 -0.247865 -2.26098 0.352397 1.68659 -1.34195 2.26438 
3.75328 0.446524 1.60623 -27.2702 6.80409 -0.820274 0.841884 -2.13563 2.56485 2.58053 -0.387965 -0.852818 2.13542 1.74973 0.885598 -2.16549 0.029666 -0.574114 1.23139 -2.05615 
-8.8156 4.46831 -0.999574 15.8744 -23.861 7.94578 0.425201 -0.913844 1.37447 0.071469 -1.28855 -1.46331 -1.42391 1.63107 -0.763896 1.74123 0.386356 -2.3242 1.90501 -2.75851 
-6.83955 -3.78635 5.80398 -1.50703 12.3348 -23.797 0.0666199 -0.487064 1.50089 0.309039 -2.68379 0.956949 -1.54101 2.26629 0.352353 -0.638176 2.52492 1.34249 -1.52116 0.474409 
-3.97901 -3.60331 -6.08138 -16.9748 2.06085 24.5512 -0.0183185 -1.20676 0.784892 0.717271 2.24231 -0.246157 -1.7291 1.83998 -1.01437 -2.32304 0.681911 1.0619 1.07286 -2.36008 
-0.575411 -2.67396 6.62403 -22.4145 12.4228 13.6147 -1.14761 0.174656 1.77568 0.773277 0.612759 0.890215 -1.12197 0.451824 -1.9241 -0.910566 0.0710176 -2.81413 0.3595 -0.35973 
-0.282323 -6.60832 -6.82297 -26.8232 -24.0712 10.1441 -0.565901 -0.69299 2.562 2.40163 -1.34111 1.17437 1.84015 0.190092 0.400328 -0.375028 -0.00699769 1.98036 -1.44495 -1.19152 
-4.90704 -7.83167 -1.08333 -6.19403 9.79578 -0.506383 -0.945797 -1.39766 1.06939 2.56594 0.795696 1.34245 -1.79262 1.99092 -0.545148 2.01268 0.00458612 -1.3134 0.940066 -2.25748 
2.88643 4.26373 -0.478806 10.2791 29.5544 -23.4021 -1.81607 -1.51656 -1.80207 0.297041 -1.58771 0.524633 -0.171545 2.30249 -0.858968 0.852504 0.439022 -0.722658 -1.40094 -0.6868 
-5.31033 2.46678 1.89544 -10.9021 -1.00747 18.077 -2.42908 -1.21849 2.55938 0.847096 -1.68493 0.313323 1.64836 -0.149286 -0.535447 -2.2564 0.141377 -2.06079 1.57432 2.38912 
-2.37831 -6.10345 3.26522 -29.6434 -4.3183 -11.8495 -0.296899 0.829605 2.85861 0.474163 -0.905157 1.10867 1.45689 1.63904 -0.238202 -2.35698 -0.0304717 1.32978 1.34578 2.94738 
7.10512 -1.89211 0.244945 23.8361 -9.90002 20.4871 0.396868 -0.374843 0.931636 0.312509 -2.93802 -0.212243 1.86792 2.38465 0.345812 -0.212494 -0.00775936 -1.9675 1.90451 -1.13672 
-3.24556 2.20648 -2.92515 8.52639 -11.3342 14.0062 -2.13116 0.715547 -2.26345 0.900517 -1.25506 -0.486974 0.94266 1.47834 -1.12843 2.10399 0.340327 0.965506 0.804159 2.68095 
-5.15015 -6.89605 -6.39667 -19.0006 9.98484 11.8892 -0.118682 0.672925 1.95481 0.934053 1.5105 0.427173 0.949968 2.28588 -0.278389 -2.98792 0.499637 -2.91954 1.066 -1.83524 
7.01225 -1.32069 -3.57109 19.3132 -8.19439 -5.84478 -0.8438 -0.410039 2.21272 0.692836 1.16937 -0.541485 0.652559 -0.806837 0.995352 2.45747 0.0777339 2.45303 1.97192 1.93389 
4.63133 -0.554143 -1.3043 -10.0893 -10.2601 8.6774 -1.70991 0.61121 -1.96569 2.49558 -1.55904 0.488948 0.793997 1.16206 0.017736 3.00817 0.557162 -2.21987 -0.791553 -0.208552 
5.12101 -5.14767 0.162301 6.12858 -12.3456 9.09712 -1.00807 -1.87822 1.48446 0.639337 -2.61147 -0.782875 2.43886 0.14915 -0.487304 0.0813833 0.517867 1.02247 1.06297 0.329976 
2.52029 5.305 1.81648 -24.1527 9.99486 -21.6414 -0.57591 -1.01108 0.0788439 0.794948 -2.82604 -1.31889 2.30274 1.81731 0.821692 -0.512999 0.208294 -1.03049 1.24939 -0.924399 
-3.02012 4.6276 5.778 -7.34305 -13.3952 -10.7218 -0.482732 0.845307 2.59134 0.536646 -1.90676 0.924094 0.716356 0.804835 -0.897119 -0.858035 -0.0163052 -0.907887 1.62796 -1.9352 
-3.83893 -6.05494 6.3234 -13.8297 23.087 2.15821 -1.85617 -0.870688 -0.48198 -0.0411637 0.0522789 1.69271 0.964423 1.83955 0.99702 1.42 0.052306 2.69978 -1.07718 1.86169 
7.58662 1.68893 6.79434 16.1217 22.6944 22.1152 -1.86425 -1.22742 2.22012 0.596135 -3.03014 -0.356255 1.55995 0.785129 -1.25242 -0.349187 -0.0444339 1.72223 -1.19036 1.35716 
7.42551 -4.7277 0.54955 11.74 -17.5639 2.91839 -2.44052 -0.571273 -2.27753 2.50807 1.65826 1.95306 -1.27405 2.07729 0.0452178 1.82709 0.103064 -2.80482 -1.56295 -2.75934 
0.10853 5.70113 -6.25172 -25.6213 -11.6082 11.4686 -2.06913 -0.726728 2.89032 0.143203 -1.05974 1.887 -0.544339 -0.320524 0.381091 -2.65222 -0.00335352 -0.402158 1.19002 -0.130333 
-1.79292 -5.31936 -4.13943 -20.567 27.2615 15.1579 -0.169247 0.430421 3.0053 0.878851 0.834573 -0.737221 0.931199 0.0126632 -1.81522 -0.140018 0.81304 0.47627 -0.749446 1.18307 
-2.56269 7.50709 1.09293 -27.9429 -18.0622 -21.979 -0.406723 0.326393 0.080296 2.5578 2.09414 0.0974395 2.54709 0.436484 -2.04437 -0.454923 0.120771 -2.58408 2.02723 -2.32204 
-6.47932 3.92729 4.31611 -11.8785 -13.6225 -12.6442 -0.434309 0.418736 2.44311 0.498268 2.55734 1.69099 -1.40421 0.730002 -0.419789 -2.93111 0.102889 2.25834 1.48863 -2.96647 
-1.71857 -3.31484 9.8108 -21.9218 26.8816 -2.16982 -2.03991 0.151667 -1.9707 0.565386 -1.42548 -0.652969 -2.12569 2.31622 0.18447 0.504461 0.114254 1.92767 1.49946 -1.31105 
-2.29203 -0.957115 1.12842 25.3441 -8.18544 -8.48857 0.801 -0.814132 0.176505 0.122852 -2.13609 1.23513 -1.46595 0.269242 -0.987896 -0.973251 0.117177 -2.57657 -1.21546 1.11669 
8.53428 2.67924 -4.02365 6.80728 8.24428 -29.1996 -0.311041 -1.81724 -0.327407 0.0338507 0.306728 -1.25845 0.804291 0.366422 0.0177797 -2.21028 0.428877 2.62521 -0.161055 -0.479201 
0.353032 2.36466 -1.67594 -1.81674 19.0201 -23.3329 -0.410872 -0.55292 0.785391 0.967994 -1.19169 -0.0591979 1.28962 1.04391 0.491441 0.660151 0.0665949 -1.76516 1.56695 -1.70963 
-6.75018 0.727387 -1.47948 19.4189 -16.7329 -13.421 -0.325784 -1.4207 0.908696 0.172642 1.34227 -0.696676 2.91643 1.49758 -0.65099 -1.3086 0.501056 -1.31545 1.65708 0.819031 
-5.00557 -4.21112 -3.40328 -11.38 19.7718 17.1278 -1.87512 -1.40657 1.04895 0.662632 2.3686 1.45373 -2.5439 0.50076 -0.967556 -1.21042 0.408364 0.946028 -1.1654 -1.17688 
3.79561 -2.84208 2.68535 -22.0404 -26.0319 24.2893 -0.566807 -1.08081 0.829666 0.691859 -2.9049 1.38999 -0.0168013 1.4358 -0.827184 -1.05873 0.393548 2.46584 -1.23011 -1.00562 
6.96252 0.109065 -5.09333 -2.95049 20.1961 -25.0725 -1.63241 -1.94312 -3.01167 2.60158 1.52649 -0.643429 2.17716 -0.142157 0.830211 -2.26906 -0.0135819 2.89667 -0.538706 -0.637477 
-4.90127 0.343074 -2.64667 21.5386 -24.208 21.151 -1.16384 -1.9718 1.35357 0.719613 -0.377217 -1.30633 2.98081 -0.392677 -1.67949 0.158806 0.260083 0.742558 -0.555605 0.934684 
-2.2062 -2.42749 -0.962572 5.3789 8.95184 3.42821 0.748332 -0.00126276 2.54341 0.0353678 -2.41995 0.836687 -0.985635 2.2477 0.282905 -2.85204 0.410487 1.83026 1.13924 -2.14284 
-2.55055 -6.06289 4.452 -1.2884 20.618 10.4035 -0.0591935 -0.801138 0.796568 0.140482 1.30464 1.73258 -2.53868 0.0192403 0.814999 -0.731804 2.36528 2.73589 -0.804946 1.47387 
-5.16265 -2.01776 -0.550127 14.5369 10.0017 22.4298 -1.67458 0.177365 1.73316 0.971139 -0.650847 1.05875 2.22266 0.95747 -0.133184 -1.37502 0.325061 0.555879 1.30317 -0.0447761 
-3.22533 -0.850441 -1.51133 -18.4995 -4.23328 -18.2823 -1.09667 0.646978 1.66798 0.0892008 2.78378 -1.25675 -1.98431 1.35472 -0.251293 0.0109193 -0.00372657 -1.16999 1.0025 -2.01188 
3.60973 3.45632 1.40817 -23.7907 11.7341 9.33885 -0.617888 0.181668 1.81835 0.102633 1.79177 -1.56117 2.45421 0.119533 -2.05903 0.500797 0.438897 -2.00345 2.06434 -0.560368 
-2.51962 0.946119 -1.33226 22.6424 -10.9154 -4.86875 0.0443253 -0.784786 2.0355 0.301796 1.24963 0.784669 -1.57158 0.0512482 -0.766793 2.74591 0.460057 2.85023 1.69801 -1.3446 
-0.493614 4.16536 3.94509 -13.7376 5.22972 -10.0477 -2.18142 -0.109553 -2.41749 0.532877 -1.72691 0.331031 -1.37254 -0.647243 -0.15295 1.63245 1.02715 -2.61538 -1.3181 -1.89778 
-5.95273 1.9873 -5.24272 -2.35457 9.26769 10.7072 -1.6166 -0.108036 1.20135 0.822671 2.35511 0.201574 2.15841 -0.329517 -0.89437 0.484252 0.703547 2.32031 1.12303 -2.08261 
-0.753103 -2.03416 -6.79709 -24.7241 -15.966 4.03238 0.108489 0.061641 -0.400015 2.30085 -0.588195 1.59716 -0.742255 2.07261 -0.459488 -2.90836 0.343341 -0.697843 0.500809 -0.256738 
3.46824 -4.58089 2.19161 -2.46276 -11.7736 -2.32557 -1.986 -1.06534 -2.21483 0.137912 -2.79643 0.223041 1.48263 1.19894 -1.08119 2.02216 0.169099 -2.48184 1.46943 0.720391 
7.47949 -1.79217 -4.59366 26.4615 -19.0577 -4.75579 -1.55079 -1.98989 1.60587 0.735992 -0.570994 -1.42286 0.680916 -0.182103 -0.0687879 -2.95573 0.397961 -0.534656 -0.770976 -0.260256 
-8.99187 -3.41427 2.57409 25.5515 -1.2026 -11.0834 -1.05561 0.680547 -2.02906 0.972488 2.37203 -0.595752 -0.598389 -0.432861 0.884826 -2.34944 -0.0385428 -2.78169 0.0329293 -0.284205 
3.87896 -0.141734 8.37763 -14.8556 -8.28318 20.8434 -1.17667 -0.546539 -0.244351 2.599 1.51462 -0.583006 0.393136 0.498621 0.575502 -2.56009 0.875083 -0.739425 0.0743046 1.79998 
-6.23359 -7.33247 -0.972765 -18.7921 26.8135 15.0753 -1.07055 -0.919087 1.0737 0.676918 2.04589 0.292012 2.53678 -0.36469 -0.00601234 -0.0361457 0.369476 3.05316 1.8504 1.60252 
-4.99905 1.4217 -7.91059 -7.68182 7.15096 20.1076 -2.07806 0.383593 -2.45396 2.469 -0.244896 -0.141988 1.02631 0.564367 0.0103108 -0.135474 -0.0293416 1.17673 -0.966322 1.49763 
2.96658 -3.78966 4.45574 -13.9272 -17.8238 -1.2767 -1.04835 -1.13226 0.913601 0.826528 2.67852 -1.55663 -0.615614 2.33733 -0.270365 0.894704 0.267762 0.856102 1.08573 0.466481 
8.63734 2.94116 5.39136 18.0483 3.04028 12.3282 -1.4653 -0.98222 -1.81812 0.758036 -1.39638 0.510349 -2.74807 1.92926 -1.2065 -0.101768 0.401916 0.464525 1.54483 2.93854 
-2.76489 4.85814 4.93808 -10.7032 23.9733 -21.1559 -1.02539 -1.03779 -1.40642 2.58783 -2.2365 -0.266302 1.12591 0.61065 0.683448 -0.838762 0.131499 -1.96976 1.40792 -1.25637 
0.437011 -4.24842 5.37036 -10.0877 22.5093 11.9376 -1.12745 -1.92484 -1.77568 0.979048 0.711866 -0.8852 0.420915 2.26599 0.390365 2.00429 0.77846 1.1166 -0.942895 -1.67038 
1.89285 -0.247181 1.54538 19.7947 13.9258 17.8009 -1.92679 0.912724 -1.49171 0.654287 -0.419982 -1.00385 2.53877 2.15138 0.767084 1.58138 0.153308 1.86671 -0.37736 0.985038 
5.157 -4.33463 -2.24989 -1.59211 -27.7975 15.464 -0.310835 -1.00561 0.557958 1.16612 1.99276 1.30162 0.235208 1.60196 0.616201 0.215137 2.60802 -2.29797 2.03757 3.03567 
-6.88789 -2.91767 1.78863 14.237 -19.0982 -17.0014 -2.2583 -1.75863 2.74326 0.668862 -1.81811 0.608248 -0.855445 1.67206 -0.112725 -2.55907 0.429146 0.459964 1.46885 2.97378 
4.69478 2.01442 -2.42899 -16.8093 -3.00022 -16.7614 -1.85366 0.301829 0.941047 0.901498 -1.99661 0.678464 -0.0978033 1.25933 -0.191078 -0.419157 0.261367 1.35178 -1.39503 1.0643 
-3.80624 5.13905 0.900246 1.93688 -6.56156 21.6054 -0.389412 -0.370475 1.98062 0.16424 0.222342 -1.08266 2.75589 -0.260845 0.811271 -2.54188 -0.00274537 -3.00241 1.13701 -1.82485 
-5.12873 -3.86608 -3.7518 3.33286 -13.032 10.9817 -2.20073 -1.9714 1.88847 0.976267 0.802291 1.02341 -1.18492 0.531105 0.631642 -1.74021 0.0292213 2.3959 0.716591 1.43584 
-4.53267 2.4143 -6.4248 -5.06122 2.21531 22.2394 -2.17326 0.650185 0.284066 0.541124 0.12883 0.532862 -1.26863 0.280699 -0.503751 1.07856 0.844277 -0.661979 2.0079 -2.5005 
-2.94259 -2.93067 0.725653 -2.15639 29.9446 20.1888 -2.194 -2.05834 0.916734 0.258792 -0.456647 -1.28479 2.42161 0.202598 -0.714094 -2.12901 -0.0296484 -1.14144 0.199695 0.620141 
3.05527 4.32718 -8.51483 -21.3095 -6.87161 -9.17656 -1.91336 -1.4227 -2.04 -0.0376791 -0.548016 -1.2798 -2.21288 2.39417 0.83672 2.46988 0.896049 -3.00144 0.692279 -1.8084 
-3.51277 4.25498 -0.143391 12.6235 16.5372 5.8162 -0.0963211 -0.577267 -1.53023 2.44299 0.282947 1.23878 -0.252215 1.05829 1.00569 -1.24741 0.0252851 -2.01533 1.84483 -2.48988 
-5.54537 2.2243 3.23046 13.7236 -11.1869 17.6993 -2.0464 -1.3675 1.92428 0.180471 -1.94595 -0.396678 1.05088 0.0584657 -0.429223 -0.887747 0.177585 -0.71681 2.08527 2.73975 
-7.14897 4.42143 0.472619 -2.31202 -16.1016 -22.8356 -0.528771 -1.06586 3.01953 2.49447 0.413189 1.80829 1.01311 0.239668 0.860979 -2.4976 0.460541 1.0822 0.539206 -1.24762 
-6.18535 -2.53147 3.60867 25.7434 17.6815 1.79199 -0.677686 -1.32527 1.18038 0.690494 -2.25789 -1.3874 1.11648 0.297802 0.594924 -0.187242 2.25251 2.47292 -0.543921 -1.16917 
-1.59621 -2.41758 -1.49282 -1.64849 -9.18036 18.6652 -0.352394 -1.07032 -2.76577 0.604136 -2.13015 -0.544097 -1.68194 1.85927 -1.21837 2.27882 0.157576 0.672073 1.05736 2.29678 
-7.19017 7.18743 0.718335 -11.3746 -29.0522 -29.0029 -0.70414 0.319551 0.653558 0.115002 -2.0022 0.484955 -2.70141 -0.733287 -0.534237 0.41944 0.426803 -1.06598 0.94318 3.00327 
0.96717 -2.77862 -6.45461 -8.77034 -22.3566 3.86871 -1.66706 0.728409 -0.944334 0.0512 1.88278 -0.710457 2.31604 2.1161 0.974631 1.76028 0.288193 -2.85577 0.823288 1.79363 
-2.22507 0.40171 3.70412 5.59524 3.25034 -23.9969 -0.415243 -0.738553 1.78649 -0.0177342 2.48393 -1.56666 -0.568142 0.769313 0.559107 -0.985336 -0.0273158 -1.02863 2.0135 -2.27857 
2.07832 4.06147 4.43747 -21.1646 -8.47736 -13.5558 -1.96954 -0.220238 0.119353 2.45768 2.02658 1.5107 -0.961573 1.16973 0.0771001 -1.62675 0.127442 2.23469 -1.56606 2.07852 
-2.05769 -6.31508 -2.51138 -15.2289 28.5662 -2.53081 -1.51639 -0.226469 1.895 0.759925 1.03 1.58533 0.860419 -0.522749 0.257026 -2.66111 0.335761 1.42408 -1.22042 -1.88562 
-3.35984 2.75943 2.65983 -16.3742 -27.1335 -26.2218 -0.119577 0.216861 0.0457803 2.4698 0.643356 1.12531 -2.68105 0.310699 -0.0564851 -2.62451 0.00683949 1.42383 -1.33838 2.44418 
8.44085 1.12525 -0.0246614 14.4747 17.6761 -2.81355 -0.29222 -0.90316 1.22832 0.65754 2.11169 2.04897 -0.0160459 1.83529 -0.39385 -0.311907 0.83259 2.94326 -0.949375 -1.42721 
6.68905 -2.52806 5.661 6.648 8.368 11.6143 -1.3159 -0.459001 2.77663 0.268857 2.34627 -1.25361 2.37568 0.232675 0.0612143 2.76539 0.10723 -2.88393 -0.781344 0.353254 
-7.04497 6.10457 -0.661287 21.7409 -14.341 -13.1452 -2.06314 -1.10152 1.79645 0.629115 -1.79569 0.058129 -0.0382774 0.78249 -0.972267 -1.24916 0.00452673 -0.173383 1.53037 0.48694 
2.5909 6.23595 -0.48613 -0.767808 21.8396 -21.8913 -1.99345 0.73667 -1.83496 0.544827 -2.50051 -0.962226 -2.81441 2.38695 0.0740646 2.05662 0.00548714 -0.526518 1.03144 2.4429 
-8.77689 -5.93702 -4.29434 15.151 24.5567 13.3171 -1.17604 -0.706472 -1.44057 0.770632 -0.657214 0.889365 1.80077 2.1864 -0.236514 2.92314 0.173495 -1.44756 1.99285 -0.581285 
-2.15367 3.03078 2.11673 7.91086 -22.4138 -22.0431 -2.2072 -1.74125 2.12184 0.373244 2.17997 1.29136 -0.261275 -0.220965 0.373816 2.55635 0.0614218 2.10577 1.4847 2.01319 
4.11493 -3.9858 2.76741 8.78933 -20.1403 -18.1742 -1.36629 0.326213 -0.0716373 2.28624 1.45302 0.205422 -0.22227 0.817881 -0.31968 -1.49569 0.0643423 1.93821 -1.38818 0.611305 
-8.86553 -4.51766 -1.48974 14.8387 12.1981 29.4621 -2.41971 -0.142779 -0.652198 2.60665 0.698432 -0.553566 -0.763483 1.40771 -1.55347 -2.07771 0.0617062 1.86875 0.224251 0.657415 
-1.20109 2.1338 2.44161 29.5818 14.2206 14.8989 -0.843356 -0.345115 2.36933 0.130486 -2.27131 -1.2304 -1.50879 0.901312 -0.374788 -2.10388 0.52266 -1.43841 1.87273 -0.816618 
5.14909 3.23708 4.59131 -7.29811 -0.685903 7.98474 -0.0788132 -0.160966 2.41084 0.454111 2.25843 0.624071 -1.45448 0.133385 -0.673653 2.17301 0.0801556 -0.457404 -0.0277622 -0.280955 
-2.59145 1.50896 -3.60582 -1.38576 9.60352 -3.86281 -0.595131 -0.259253 0.800302 2.51889 1.88363 1.56647 -2.77729 1.11199 -0.217539 -2.72146 0.424244 -0.489498 -0.561191 -2.92326 
0.795324 -0.317589 -5.79902 -17.8009 -23.122 -10.269 -0.0734407 -1.94112 0.425107 -0.0315442 0.0532852 -0.0326276 -2.90767 -0.347283 0.653234 2.61994 0.0837924 0.159793 0.4772 -0.663667 
-4.40334 -2.5268 -4.896 -10.3794 -13.1797 19.5927 0.448601 0.133937 -0.11037 0.219139 -2.27343 1.34671 2.57039 0.850273 0.44426 -1.0247 0.581181 2.82706 1.45536 -1.67464 
-1.85375 -1.65814 -4.69941 -15.4763 -19.1409 17.4231 0.0101514 -0.94589 0.0338048 1.21547 1.59686 -0.505785 -2.27009 0.179139 -0.769171 -0.97434 0.0377548 -0.118325 0.661771 -2.34884 
-2.72101 4.8895 2.01613 -16.8188 2.85902 -1.99774 -1.25851 -1.99367 1.4443 0.00818291 -2.64765 -1.00168 1.73732 -0.454237 -1.06044 1.16913 0.0106498 1.69764 1.79455 2.58347 
-1.09133 -4.30435 -6.9457 -21.6165 -2.57182 28.6325 -1.39682 -0.867717 2.89942 1.17229 -1.67195 1.34521 -1.07879 0.341511 0.202518 -1.14303 -0.0345764 0.166199 1.27204 2.10693 
4.99721 2.57765 -0.266556 3.62154 -16.8713 18.0325 0.272898 -0.660043 0.571277 0.231013 0.100897 -0.0446562 -2.57338 0.950578 -1.25627 -0.163598 0.535093 2.95328 0.6372 0.784733 
-0.236313 -4.83831 -7.46906 -21.7978 -20.1647 4.60012 -0.575267 -0.286043 -2.61789 0.724653 -0.877656 0.0468161 -2.60718 1.46939 -1.54305 1.84908 0.0905396 1.90212 1.4952 0.167511 
-0.267889 -2.84342 -6.1809 -27.8908 -19.1702 1.49822 -1.70047 -1.30494 1.40543 -0.0490466 -1.96347 -0.237188 -0.489127 -0.305452 0.995934 -2.76679 -0.0165169 2.58993 -0.837421 -2.86129 
-4.30793 3.2097 -2.40815 9.01764 7.29353 -9.98868 -0.490792 -1.85632 -1.24483 0.958665 -2.49501 -1.16073 0.0576525 0.684274 0.604436 -1.65549 0.569527 -0.0469723 -0.760201 -2.43144 
-0.737621 -0.138842 -8.23681 -12.7236 -24.5794 -4.65595 -0.212696 -0.95856 1.05295 0.0144606 -0.980349 0.327586 -1.98955 0.975431 -0.0823267 -0.762525 0.710661 0.624515 -0.908497 -0.853244 
-0.967829 2.62923 3.883 9.51115 -13.7271 -28.7139 -0.232275 -2.01213 0.304652 0.491665 1.31507 1.11898 -1.45932 1.24626 0.582385 -2.00756 0.156554 2.71644 -0.857635 0.186519 
9.59308 3.61983 4.5519 29.3663 24.5649 13.7841 -0.35401 -0.292907 2.48603 2.51481 2.45995 -1.02695 -1.33846 -0.887436 -0.355213 0.61105 -0.01972 -1.96697 0.267929 -2.40142 
6.69692 0.893656 -1.72073 9.31655 -3.76142 3.39583 -2.25334 -0.692324 1.82835 0.42439 1.90541 1.78328 0.931708 0.40733 -0.184418 -0.278943 2.59224 -1.14632 2.05794 1.48835 
-1.14573 -0.196404 -4.21987 20.681 9.19326 -13.3075 -0.194866 0.0396769 0.720799 0.214209 2.963 -0.234389 0.69326 1.87366 -0.640791 -0.557877 0.938913 -1.31451 -0.148362 -2.65501 
0.911715 -4.24763 3.37315 -2.98218 6.04998 -25.4026 -2.11514 -0.266422 -2.68119 0.0329323 -0.260881 0.69823 -0.342966 1.60052 -0.229486 2.95742 0.167524 1.83582 -0.64324 0.388075 
1.51378 6.37739 4.2528 -11.9278 -10.9156 25.3021 -1.42558 0.0833364 2.326 0.0572827 2.51987 -0.100823 -2.01105 -0.181985 0.840128 0.915301 2.35501 -2.57963 -0.627567 1.65693 
5.3964 -6.36816 4.63757 -5.71965 -0.116856 11.7728 -0.909517 -1.03036 2.12293 -0.00402964 -2.78611 -1.06337 0.0391036 0.865443 -0.810433 2.10646 0.901715 -0.272327 1.16992 -1.97717 
-1.58824 6.54849 -2.97589 -4.81344 -14.9323 -21.3297 -1.34779 -0.396744 -2.87182 0.715958 3.00657 -0.239765 -0.885946 0.984451 -0.169099 -2.40394 0.71533 -1.78369 -0.496872 1.05984 
5.2843 -3.60805 -5.71865 -9.72852 -5.44549 -22.797 0.422694 0.742542 -0.602757 2.46972 1.13658 -0.166703 -0.653216 1.02101 -1.45224 -2.29923 2.56989 -0.678431 2.09098 0.897534 
-4.17986 -5.44245 -5.73034 -15.6176 -16.0894 29.4978 -0.0581092 0.494515 -2.86892 1.1294 1.03148 0.666964 0.581757 -0.309678 -0.32985 -2.15525 0.0889007 -2.45402 0.49037 -0.945581 
-2.8242 -4.78465 -1.80524 -1.09062 -14.9993 0.25294 -1.21995 -1.90406 1.11526 0.39648 -0.455946 -0.451837 -2.09309 1.22733 -0.528604 -1.32019 0.829642 -2.83552 0.76295 -1.409 
-1.90375 1.8984 -1.01781 -7.57226 -26.2365 4.43423 -0.663429 -0.968456 -2.93348 0.201408 1.79883 0.50055 -1.23245 2.0419 0.0715192 2.86057 0.689436 1.3293 -1.16975 2.15534 
2.59432 -1.6532 -0.327193 3.05058 15.6905 -16.2005 -1.30448 0.783161 0.87708 0.530392 -0.905824 -0.156277 0.400074 0.658249 -1.48425 -0.619498 0.461153 -1.70958 1.69766 -1.01243 
7.59408 8.27545 -2.62895 -5.15046 22.8853 -21.3729 -0.887154 -1.48021 0.93944 2.50624 -0.707459 0.766132 -2.00697 0.760862 -0.879302 -2.13162 0.0708822 -0.719553 1.52738 1.61889 
-6.33152 -0.362588 6.23776 -10.4491 -7.23112 -22.4969 -0.969964 -0.825516 1.00478 1.14434 -2.6492 0.669734 -1.3111 1.25842 -0.981653 -0.508001 0.796122 -0.110551 0.809343 -2.18307 
4.80806 -0.900836 -3.38127 -6.26045 -2.06916 -10.3787 -0.512484 -0.714241 1.33437 0.145452 2.22489 0.869968 2.7539 1.55206 0.659133 -3.00203 0.481798 -0.988212 0.544729 -2.1979 
-6.61463 4.29501 -2.00893 2.87793 -24.0146 -8.23502 0.545392 0.871392 2.81558 0.730831 -1.30252 1.46606 2.93871 1.01311 0.271152 -1.12575 0.483179 -0.6771 0.823752 -0.829133 
2.93065 5.11753 -2.44012 3.46988 -9.03323 8.93035 -0.343921 0.34799 2.33374 0.220068 -2.02028 -0.713354 -1.8738 -0.619262 0.403526 -2.6144 0.0935943 0.322181 1.37886 1.08634 
-0.473095 -1.57761 0.750103 11.0402 15.3513 -9.40696 -0.877094 -1.04996 2.31685 0.00116976 -0.472971 -0.488264 -0.608837 2.08663 -0.363655 -2.82728 0.605299 -2.86762 0.0326176 2.71794 
-4.72784 -1.45312 4.79538 28.1963 27.8846 7.70645 -0.808195 -1.99336 -1.90801 2.47505 1.20461 -1.189 2.86226 0.604241 -0.150354 -0.445449 -0.0149197 -1.43934 1.40967 -2.54314 
-2.27627 -5.98722 0.516958 1.33503 24.7185 16.0759 0.189881 -2.12196 -1.33307 0.84464 0.524791 1.56395 3.05779 -0.618322 -1.10967 -2.92334 2.36546 1.4073 1.86369 0.311195 
-3.70214 -5.45355 -0.779396 10.0221 3.38049 25.8803 -0.542785 -1.2882 0.845949 0.475337 0.249895 -0.408686 -1.97464 -0.301774 -0.245189 0.350155 0.0662284 2.36554 1.92466 2.19571 
-3.15429 -2.50584 7.23091 -3.8165 29.1404 0.579164 -1.11412 -0.798219 0.625675 2.5391 1.20865 0.721542 -2.41529 1.17308 0.771577 -0.176641 2.46665 0.248269 -1.25427 1.34562 
-5.09505 5.41403 -6.5651 -20.7538 -24.0825 10.0902 -0.44658 0.650427 2.95936 0.158204 -0.867921 0.632495 -2.24744 0.170772 -0.809793 -1.64673 -0.0396585 -2.05254 -1.05167 -1.19551 
-5.99238 -2.42326 -2.41757 -14.0393 -4.85576 22.5465 -0.548767 -0.706435 0.663424 0.159705 -2.8356 0.523047 0.321307 0.158505 0.64707 -1.45379 0.104953 1.8742 1.5353 -1.6972 
-3.1291 5.12814 2.8123 -24.9506 -18.4493 -4.56402 -1.3193 -1.91634 1.80154 0.894381 2.93615 1.26229 2.07239 0.703919 -0.325277 -3.01295 0.916841 2.85432 1.41518 0.481384 
2.02253 -5.89675 2.52699 -16.2948 12.7654 2.59762 0.263346 -1.95168 -0.556102 0.0343034 1.58715 1.39262 -2.80449 1.95069 0.482401 -2.92674 0.985997 -0.557989 0.270661 -1.99858 
1.73055 2.43385 -4.92251 -20.6776 -28.516 -5.53993 -0.704443 0.348034 -0.76689 2.49339 2.65045 0.335662 0.865514 1.2358 0.279244 -2.70541 0.0533334 1.28394 1.54152 1.44705 
5.95611 2.85191 4.8347 -2.72029 13.8399 17.7443 0.645896 0.0232608 2.39529 2.51303 -2.44565 -0.466119 -2.5908 -0.0919415 -0.561566 -0.35127 0.0895333 -2.76836 0.365867 0.670052 
10.1706 5.10984 -2.37018 25.0373 25.2294 -18.9578 -0.562496 0.986689 2.50869 0.719522 0.565598 -0.479694 -0.103662 -0.206372 -0.0115421 -0.60049 0.0953691 2.28458 2.02719 2.9098 
-7.27788 0.292004 2.40983 27.9977 19.6698 0.0653614 -1.02376 0.636984 1.66999 0.744559 0.881332 0.0423016 1.21228 1.31109 -2.07626 -0.725088 0.0939673 0.178089 2.06939 1.23173 
0.798319 -3.01245 2.08741 -7.92377 28.8167 9.75819 0.207655 -1.82201 0.430535 0.120778 2.99791 -0.69513 2.22075 1.94543 0.0825407 -2.56564 0.791024 -0.299828 1.33157 -0.640142 
4.01326 -0.694674 4.8132 -3.93375 22.8263 -5.75266 0.732658 -1.24628 -1.24346 1.0409 0.523872 -0.319567 -1.01326 0.262009 0.662232 -2.22773 0.140066 2.85758 1.01318 1.21816 
8.99853 0.731635 4.0742 29.331 13.0343 15.16 0.0602642 -1.02448 -2.1157 2.37704 -0.111375 1.18032 1.31811 1.81627 0.816104 2.64456 0.231127 0.775775 1.44315 -2.3396 
0.223575 4.94438 5.10247 -14.3135 10.7929 -25.4405 -1.21481 -0.645656 2.2103 0.834768 2.39169 0.586045 1.22625 1.32006 0.88403 -2.94728 0.976453 -2.97277 -1.34746 -2.94717 
-4.52111 2.39293 -3.64146 -15.246 0.596266 -12.6844 -2.43048 0.526261 0.512427 0.274685 -0.0456354 1.01227 2.01178 2.44307 -0.274998 -0.231952 0.528165 -0.728166 1.05054 -1.842 
-1.81094 5.08944 0.146759 1.79707 8.65727 -10.2157 -1.58373 -0.549469 1.33763 0.748883 -1.63357 -1.19213 -1.55055 -0.821544 -1.03372 -0.334929 0.46788 1.08373 2.03302 -1.00489 
2.71632 5.64945 -2.69831 6.87915 7.39189 21.7299 -1.28154 -0.758866 1.14675 0.732724 -0.913869 -0.911645 2.22024 -0.494652 -1.02227 -0.255548 0.306426 0.277695 1.11539 -1.10176 
-7.08345 1.43995 3.31352 -4.51581 -13.137 -10.0699 -0.490972 -1.22746 0.779928 0.732318 -2.3505 1.79211 -0.0135086 0.978539 -0.838347 -0.499519 0.424915 1.09275 -1.51057 2.61632 
0.883787 -3.98778 2.27742 -10.4423 -13.102 -18.3681 0.408972 -1.93719 -0.309952 0.998783 0.328197 0.874486 2.12269 1.63204 0.0899897 -0.147382 0.706386 0.398009 -0.938752 1.20914 
0.513481 0.634731 -2.96038 -15.297 10.2388 -25.7178 -1.85434 0.156942 -2.2182 0.415919 -2.63219 -0.659103 1.27682 1.87282 0.664357 1.76166 0.42993 2.31044 0.675441 1.27085 
-3.46472 7.43512 0.356627 -25.0208 -19.7164 23.9877 -0.422835 -0.700368 1.34348 0.827662 -1.63291 0.0661011 1.06584 0.553639 -1.66494 -1.18067 0.343184 -0.0887708 0.543748 1.22068 
0.645664 -2.68571 -3.01912 0.222233 -6.62324 -26.9948 -1.20582 -0.299914 1.55812 0.406726 0.224665 1.1655 1.97201 0.492771 0.334749 0.053482 2.55237 -2.93099 1.20348 -1.07587 
0.563116 1.60084 -6.29753 -28.5864 19.7577 -6.31788 -1.28464 -1.39596 1.2237 0.747867 0.11109 -0.400674 -0.946682 1.04014 1.03828 -2.11454 0.429186 -0.85125 -0.655332 0.130483 
6.29436 -0.448503 2.27525 -2.4812 20.9931 1.87875 -0.716795 0.677824 0.818989 0.0606216 0.45145 -1.46373 -2.27764 0.857224 0.0177215 -1.27748 0.448259 2.13755 1.93882 -0.080845 
6.15488 -1.22089 -5.04788 -13.2585 16.0473 -25.4761 -1.84789 0.163884 1.67227 0.850215 1.79111 -1.46681 -1.81558 0.146149 -0.632552 0.168247 0.346684 1.51265 -1.48298 -0.942628 
-1.90065 -1.16114 -6.56585 -16.0923 -25.9775 16.569 -0.350793 -0.437692 0.781207 2.55613 2.29512 0.164464 1.76003 -0.421554 -1.32341 -1.01333 0.203589 -1.88813 1.55139 1.2489 
-3.70655 4.64308 -0.797174 10.975 -9.34729 -28.2366 0.590194 0.08483 2.82848 0.178865 -0.605036 0.212155 2.19855 1.13704 -0.153564 -2.95397 0.501444 2.72571 -1.09905 -1.90182 
1.55483 -6.31844 3.25568 -6.99402 -11.6352 10.595 -1.50375 -0.431971 1.8128 0.669246 -2.91609 -0.583458 -2.68291 0.186771 -0.234399 -0.510339 0.467961 -1.6448 1.75363 -1.5422 
1.71544 4.85933 3.61722 -25.0847 10.7764 -22.5836 -0.348674 0.0636154 0.124416 2.28137 -1.55754 -0.807586 0.637133 -0.858568 -1.18075 2.26614 0.34351 -1.34782 2.01422 -2.85666 
-1.68445 -5.23684 -5.7296 -21.1896 -11.5742 10.6108 -2.2138 -0.0894281 -2.63102 2.50559 -0.586557 0.255038 0.754941 1.2152 0.990265 -1.20885 0.246881 1.39126 0.948479 -0.339345 
0.61849 -4.46334 -4.84116 -27.3099 -4.6044 13.6705 -2.45044 -1.48495 2.98722 0.294356 2.20352 -0.380126 1.06141 0.168229 -0.765476 -0.485673 0.48249 -0.41496 1.02216 1.50502 
3.58437 -7.85552 5.06009 -27.1744 -10.4818 10.1291 -1.89844 -1.19649 1.87946 0.344534 -2.62929 -0.716876 -0.559626 -0.573816 -1.101 1.31587 0.837677 -1.76816 1.55991 -0.319186 
-1.49434 -1.08329 -2.87649 -16.1261 2.40136 19.0808 0.122986 -1.06773 0.769401 0.199427 -1.89446 1.4079 1.12371 1.37035 0.740609 0.177427 2.26059 -0.86196 1.14795 2.51579 
-5.25669 0.432741 1.87851 10.6125 -20.0255 -24.5647 -0.719377 -1.67365 -2.16956 2.55648 -0.169314 -0.387941 -1.6255 0.322602 -0.131055 -1.6644 0.132727 0.579022 1.93698 1.01876 
1.88976 6.02845 5.69974 -25.5734 -2.67024 15.3659 -0.894702 0.231125 -1.90932 0.463222 -2.1472 0.627174 -2.81735 -0.449784 0.227569 -2.23498 0.0455692 0.794999 1.09587 2.56215 
1.51824 2.34051 -2.70351 -2.62477 -15.3633 -11.3244 0.0994926 0.58133 -0.686768 2.59132 2.0877 -0.32729 1.60512 0.346163 0.248661 -2.88841 0.847538 -2.5689 1.62279 -2.58927 
-10.1989 -4.47939 -1.01747 16.5598 27.4322 13.1715 -0.991901 -0.01384 2.47916 -0.037061 -0.715246 2.08427 -0.425761 -0.703239 -0.766298 0.394043 -0.0180608 0.753205 1.01061 2.43815 
0.81845 -3.50305 0.494552 -2.81585 11.6982 19.9413 0.305377 -1.21689 -0.70685 0.347127 -2.86748 1.8887 2.12011 0.121025 -1.704 -0.724415 0.480501 -1.78616 0.38563 0.676786 
-2.39047 2.78707 2.7142 11.5891 4.64381 22.3576 -2.1589 -1.06585 2.36423 0.634783 -0.5863 -0.520199 -1.31027 -0.236166 -1.00475 -0.935943 0.490749 -1.52814 -1.20506 0.357661 
5.87226 2.70129 -3.59158 2.86412 10.3713 -12.1073 -0.0552244 0.592808 1.55644 0.212916 1.02752 -1.33354 -0.194283 0.874488 0.566042 1.07752 2.44275 -0.119213 -0.0192861 2.56754 
3.40163 -5.61147 2.32598 -29.1342 -12.2789 8.80054 -1.25627 -1.94865 -1.03167 0.243963 -0.714855 1.98951 2.37768 0.707944 -0.27861 -2.23372 0.267267 -0.445547 1.3063 -2.56428 
-5.15008 -1.444 3.2372 -21.512 -2.65717 -19.8873 -0.105441 -2.06344 -0.175507 0.600237 -2.53079 -1.32921 -0.765382 1.144 -0.357616 0.0867719 0.308409 -0.25099 1.39652 -2.60157 
3.17457 3.00471 7.17038 -13.3032 -4.13614 12.7838 -0.622659 -1.26513 -2.52943 2.45428 -1.79544 1.65219 -1.17259 1.46098 0.2295 -0.363809 -0.0441803 -2.5238 -1.36016 -0.374694 
-5.58759 -2.30792 2.50805 6.69971 27.1985 -12.4805 -2.36369 -0.826893 -1.41052 0.329024 1.62955 -0.537046 -2.14212 1.98077 -0.53276 2.56428 0.111035 -1.26583 1.9212 1.85976 
-6.77184 0.531329 5.01335 -8.66075 -22.5082 -14.4615 -0.741148 0.823829 2.61863 0.239119 1.88412 -0.0212665 -2.11123 0.0217735 -0.604897 0.0453493 0.199057 -2.3497 1.63918 -0.583767 
9.37329 -1.78997 3.41283 17.9586 -5.82406 7.94775 -1.28895 -0.733945 -0.0623329 0.185498 1.03376 1.897 3.03599 0.559541 -0.0583654 0.185338 2.39601 2.13679 -0.698932 -1.45344 
2.72049 3.37996 -2.33503 20.3445 -23.6326 -4.59696 -1.19616 -0.866525 1.24965 0.0226133 -2.05457 -0.593103 -0.566641 1.76771 -1.79557 -2.04571 0.220824 -2.43371 -0.261929 -2.34397 
0.628998 -0.0821194 -1.5977 -23.7852 -2.99165 -8.45884 -1.00242 0.0656232 -1.91961 0.792873 2.15169 0.374758 0.662539 2.35061 0.458125 2.18382 0.0823724 -3.05816 0.432161 -0.474224 
1.54068 4.1854 -0.529544 -13.6066 27.4786 -10.6695 -2.19378 0.236183 -1.02404 0.2481 -2.18443 -0.193099 0.96245 1.31453 0.696815 -0.210821 0.0267235 -1.42839 -1.23422 -0.747926 
2.44999 6.43758 -3.43518 -21.4573 -11.4255 -18.8977 -1.26589 -1.74323 -1.98182 2.57785 1.97217 -0.299076 0.694435 -0.0560343 -0.838429 -0.458723 0.0107137 3.05434 2.02237 -1.64695 
6.26414 -0.430183 -1.78338 3.86228 -2.6703 16.4521 0.445571 -1.05471 -2.71733 2.33805 1.11199 0.970539 -0.428221 0.527189 -0.770566 0.36244 0.917847 3.00128 -0.110134 -0.883907 
-8.62023 -7.01443 3.46983 14.101 21.8153 -28.8837 -0.83009 -1.59486 1.16887 0.0446187 1.83594 1.40291 0.110489 -0.548471 -0.721603 -0.393606 0.373192 1.60611 1.76688 -2.05889 
0.975054 3.00819 1.03914 3.94745 26.4628 -16.2977 -0.743684 -1.21153 1.63261 -0.0287407 0.73499 0.561651 -1.15095 0.925449 -0.990436 2.87732 2.32249 0.570116 2.04495 -2.23212 
1.23379 4.59282 1.30246 -6.7067 7.67949 -20.4039 -1.2369 0.899723 2.30537 0.54113 -1.12001 1.93865 0.716997 0.43926 -0.53632 -0.515213 0.0730053 -1.59172 1.63029 0.832853 
0.329493 -0.754065 3.20361 -23.4239 -5.37962 -3.63705 0.440811 -1.32601 -0.253839 0.641344 -0.927506 -0.516416 -1.44367 1.84214 -0.904584 -0.429635 0.486696 -0.904525 0.46042 2.4348 
-3.19261 2.98332 -0.367795 -4.78679 -1.76883 17.2283 0.708895 -0.205261 -2.04479 0.180533 -2.83343 1.68918 -2.03669 0.135198 0.639848 -0.983417 0.35099 -2.1372 1.54351 -2.58111 
6.18586 -1.79418 -4.77892 5.97609 -12.7299 -12.0152 -0.423915 0.880202 -0.64975 2.60704 -2.0362 0.572393 1.40192 -0.77126 -0.242806 0.929524 0.664977 -1.45366 -1.26629 0.121151 
3.55801 4.38567 6.74138 -26.0103 -8.73294 11.1653 -1.06497 -0.944068 2.85741 2.32764 -2.97532 0.524107 -2.95282 -0.0558819 -0.727679 -1.02837 0.302061 -0.576092 -0.692787 -1.39841 
7.9318 -2.75532 -0.687239 16.2865 -16.5169 -27.6563 -1.4066 0.350592 0.495414 0.35971 2.81225 0.219392 2.98566 -0.0448202 -0.571016 0.146635 0.726354 1.3812 -1.52042 -1.27575 
-0.90876 -9.34814 -0.162646 -16.269 -5.14153 28.0458 -2.2153 0.264962 -1.35045 0.705389 0.590596 0.284137 2.02456 0.382978 0.299373 2.7348 0.981553 -0.486608 1.3883 -2.23566 
3.67675 4.90964 0.159347 -10.6444 -11.6691 24.664 -0.0335292 -2.04161 -0.30168 0.21204 2.54753 -1.17471 0.619171 -0.83107 -1.68001 0.143242 0.155715 -0.900753 -1.08445 -1.90738 
-4.72754 -1.58 -4.22795 9.97957 9.32149 -3.80009 -0.255769 0.984352 1.45547 -0.0284517 -1.16931 0.922386 -1.43831 0.891028 -0.106826 1.33084 0.400221 -2.30643 1.96778 -1.94955 
-6.40387 -2.94709 1.38012 28.735 3.38253 24.1559 -1.1931 0.785832 2.46894 0.536773 -1.41899 1.45834 -0.735512 0.284921 0.724467 -2.64862 0.114052 0.109804 1.6177 -0.874387 
-0.647876 0.744123 2.73336 3.90477 23.8739 15.4037 0.114407 -2.10598 0.24919 -0.0337996 1.075 1.24956 -0.235936 2.16801 -0.65361 -2.15117 0.0487184 -1.64497 1.86795 -1.11311 
1.36238 -5.32273 -3.3458 -24.7668 -18.5765 -18.4339 0.134872 -0.206244 2.31255 0.377465 -1.05914 0.697373 -2.37208 1.69072 0.421915 1.62535 1.03424 2.97135 0.78211 1.41637 
2.08266 -2.63226 2.85894 -17.745 3.29631 8.655 -0.0341101 -0.291948 -2.05292 0.536648 0.981851 -1.26613 0.320737 0.3995 -0.19128 2.99909 0.587091 1.68886 1.95339 -0.587731 
-3.45341 -2.71514 -6.21033 -5.32698 16.4558 27.2913 -1.45166 -1.26983 2.63966 0.189145 1.47618 -1.24121 0.731709 -0.353358 0.852483 -2.59367 0.443246 2.76571 -0.483782 -0.242742 
-0.908445 -2.49926 6.33246 -3.32351 5.15742 11.1114 -1.74057 -1.90389 1.22806 -0.0437062 3.01789 0.998269 0.837693 -0.106107 0.392137 -2.63203 0.136567 -0.322524 -0.624977 -2.08939 
-2.58944 2.22441 5.31462 9.38074 29.3444 -19.7781 -1.54491 0.479402 2.16445 0.440256 0.531381 0.0748276 1.51291 0.0850142 -0.657291 -1.19722 0.167316 -2.38832 1.43166 1.36339 
-1.35145 2.20076 3.6542 -25.0712 -10.1974 -22.2568 0.318145 0.53683 -0.622991 2.58688 -1.732 0.12549 -0.845929 1.6286 0.320358 -2.95812 0.198388 2.73935 -0.081436 -0.0760883 
6.76719 4.26985 -2.38371 -3.46498 -0.955855 -23.0101 -1.28576 -1.2562 -1.42121 0.920373 -2.10834 -0.470169 -1.44254 2.33579 -0.10036 0.39273 0.315244 1.28325 1.26365 1.25248 
0.0886925 2.28875 5.1324 -17.4792 19.5318 22.8823 0.57341 -0.310874 2.35325 2.54763 1.38267 -1.28962 0.210461 1.23728 -0.658447 -0.523429 2.46422 0.999968 -1.39898 -1.92707 
-4.46257 3.09285 -0.587014 21.8427 9.0623 -7.31437 -0.643189 -0.998557 -0.445675 0.768429 -2.31684 -1.27251 0.411688 -0.693395 -0.934411 0.662358 0.81416 0.769508 -1.56851 1.50266 
5.05153 1.58775 2.54209 -7.48541 3.47537 17.8371 -0.781346 -0.039504 -3.00875 1.26218 -0.557021 -1.32101 0.814005 -0.0752278 0.597485 -2.95048 0.354056 -0.138517 1.58383 -0.0289084 
-10.962 -0.263246 -3.88949 29.4768 10.5869 13.1821 0.363536 -1.68461 -2.85221 2.45121 -0.675684 0.516395 1.86016 1.35284 -0.951975 0.745592 -0.00322827 -1.64291 1.78919 -2.52371 
-5.23612 -2.71288 -1.41242 1.37325 5.89625 13.6192 -0.618815 0.832307 -1.98326 1.14919 2.92362 -0.398929 1.57988 1.55875 -0.884368 1.20387 0.383585 1.11397 1.77704 0.260998 
-5.51933 6.47544 1.46563 -12.2931 -8.52728 -25.1896 -0.739565 -1.82868 0.225733 1.10055 2.04439 -1.17191 1.0549 0.380122 0.231118 -1.2233 0.604126 1.69211 0.61908 1.34988 
-4.66046 0.86325 2.43883 -11.8825 0.617091 -8.65081 -2.28826 0.254108 -1.28707 2.53712 2.35056 1.51029 -2.15053 0.0957032 0.0702921 -3.01657 0.436649 -0.634142 1.62781 -1.26387 
6.42638 5.91962 -4.52061 -17.6565 16.0777 -13.0641 0.77018 -0.991547 0.101313 0.266991 1.49764 -1.05475 -0.545169 2.12215 -0.182508 -2.19538 0.427896 -2.4066 -0.656939 -2.23935 
6.2305 -3.47571 3.70259 22.9982 -2.26708 3.28885 -2.16279 -0.0958846 2.54368 1.08534 0.2942 0.0679397 -2.83986 -0.776413 -0.960848 0.851669 0.339486 0.169052 2.07441 2.59298 
-2.35622 6.71035 0.172678 0.155338 -8.2584 -16.3142 0.0914276 -1.22721 -2.38479 2.5093 -1.37555 -1.3864 -1.72919 0.983793 -0.0403248 -0.583317 0.742404 -0.688244 1.21398 -1.67727 
-4.50655 -0.826314 2.35518 -17.5836 6.22283 -5.26174 -2.39029 -0.283909 0.895009 0.746899 -2.18371 -1.00906 -1.82573 -0.491953 0.21815 1.65074 -0.0496101 -2.076 2.01207 -2.79535 
3.57339 -6.07906 -0.705464 -14.8508 -27.8727 28.7066 -2.09631 0.247382 0.410578 2.39322 -3.01749 -0.351393 0.327249 -0.284701 -0.477677 -1.6559 -0.0114148 2.21284 -0.710632 -0.592797 
5.41354 -2.95341 5.06939 -12.9639 -28.1387 13.1836 -0.69418 -0.235331 0.808923 0.67866 0.414863 -0.363293 2.64002 -0.18599 -0.726414 0.846637 -0.0396671 -1.36123 1.49328 0.0888774 
