2505
2.00398 0.0054923 0.00821175
4.00776 0.0218815 0.0328904
6.01115 0.0490354 0.0740998
8.01396 0.0868207 0.131903
10.016 0.135104 0.20636
12.0171 0.193749 0.297531
14.017 0.262622 0.405474
16.0155 0.341584 0.530247
18.0125 0.4305 0.671904
20.0078 0.52923 0.830499
22.0011 0.637636 1.00609
23.9924 0.755577 1.19871
25.9813 0.882913 1.40843
27.9677 1.0195 1.63529
29.9515 1.1652 1.87934
31.9323 1.31987 2.14061
33.9101 1.48337 2.41916
35.8847 1.65554 2.71503
37.8558 1.83625 3.02826
39.8233 2.02535 3.35889
41.7869 2.22269 3.70695
43.7466 2.42812 4.07248
45.702 2.6415 4.45552
47.6531 2.86268 4.8561
49.5995 3.0915 5.27425
51.5413 3.32782 5.71
53.478 3.57149 6.16338
55.4097 3.82235 6.63441
57.336 4.08025 7.12313
59.2568 4.34504 7.62956
61.1719 4.61656 8.15371
63.081 4.89466 8.69561
64.9842 5.17919 9.25527
66.881 5.46998 9.83272
68.7714 5.76688 10.428
70.6551 6.06974 11.041
72.532 6.37839 11.6719
74.4019 6.69268 12.3206
76.2645 7.01244 12.9872
78.1198 7.33751 13.6716
79.9674 7.66774 14.3738
81.8073 8.00296 15.0939
83.6392 8.34302 15.8319
85.4629 8.68774 16.5877
87.2783 9.03696 17.3613
89.0851 9.39052 18.1528
90.8831 9.74825 18.9621
92.6723 10.11 19.7892
94.4523 10.4756 20.6342
96.223 10.8448 21.4969
97.9842 11.2176 22.3775
99.7356 11.5937 23.2757
101.477 11.9729 24.1917
103.209 12.3552 25.1255
104.93 12.7402 26.0769
106.641 13.128 27.046
108.341 13.5182 28.0326
110.03 13.9107 29.0369
111.708 14.3053 30.0588
113.375 14.702 31.0981
115.03 15.1004 32.155
116.674 15.5004 33.2292
118.306 15.9018 34.3209
119.926 16.3045 35.4299
121.533 16.7083 36.5561
123.129 17.113 37.6996
124.711 17.5184 38.8603
126.281 17.9243 40.038
127.838 18.3306 41.2328
129.381 18.7371 42.4446
130.911 19.1436 43.6733
132.428 19.5499 44.9188
133.93 19.9558 46.181
135.419 20.3612 47.4599
136.893 20.7659 48.7554
138.353 21.1696 50.0674
139.799 21.5723 51.3959
141.229 21.9737 52.7406
142.645 22.3736 54.1015
144.045 22.7718 55.4786
145.43 23.1682 56.8716
146.8 23.5626 58.2806
148.154 23.9548 59.7054
149.491 24.3445 61.1458
150.813 24.7317 62.6018
152.118 25.1161 64.0732
153.406 25.4975 65.5599
154.678 25.8758 67.0618
155.933 26.2507 68.5787
157.17 26.6221 70.1105
158.39 26.9898 71.6571
159.593 27.3535 73.2182
160.778 27.7131 74.7938
161.945 28.0685 76.3837
163.094 28.4193 77.9878
164.225 28.7655 79.6058
165.337 29.1068 81.2375
166.43 29.4431 82.8829
167.505 29.7741 84.5418
168.56 30.0997 86.2139
169.596 30.4196 87.8991
170.613 30.7337 89.5971
171.611 31.0418 91.3079
172.588 31.3437 93.0311
173.545 31.6393 94.7666
174.483 31.9282 96.5141
175.4 32.2104 98.2735
176.296 32.4856 100.045
177.172 32.7537 101.827
178.027 33.0144 103.621
178.861 33.2676 105.425
179.674 33.5132 107.24
180.466 33.7508 109.066
181.236 33.9804 110.902
181.984 34.2017 112.747
182.711 34.4145 114.603
183.415 34.6188 116.468
184.098 34.8142 118.342
184.758 35.0006 120.225
185.396 35.1779 122.116
186.011 35.3458 124.016
186.604 35.5043 125.924
187.174 35.653 127.839
187.721 35.7918 129.762
188.245 35.9206 131.692
188.745 36.0392 133.629
189.223 36.1474 135.572
189.676 36.245 137.522
190.107 36.332 139.477
190.513 36.408 141.438
190.896 36.473 143.404
191.255 36.5267 145.375
191.59 36.5691 147.35
191.901 36.6 149.33
192.187 36.6192 151.313
192.45 36.6266 153.3
192.688 36.6219 155.29
192.902 36.6052 157.282
193.091 36.5761 159.277
193.256 36.5346 161.274
193.396 36.4806 163.272
193.511 36.4138 165.272
193.602 36.3343 167.272
193.668 36.2417 169.273
193.709 36.136 171.273
193.725 36.0171 173.274
193.716 35.8849 175.273
193.683 35.7392 177.272
193.625 35.5799 179.269
193.541 35.4069 181.263
193.433 35.2201 183.256
193.3 35.0193 185.245
193.142 34.8045 187.231
192.959 34.5756 189.214
192.752 34.3325 191.192
192.519 34.0751 193.166
192.262 33.8033 195.135
191.98 33.5169 197.098
191.673 33.216 199.055
191.341 32.9005 201.006
190.985 32.5702 202.951
190.604 32.2252 204.888
190.199 31.8653 206.817
189.77 31.4905 208.738
189.316 31.1007 210.651
188.838 30.696 212.554
188.336 30.2761 214.449
187.811 29.8412 216.333
187.261 29.3911 218.207
186.687 28.9258 220.069
186.09 28.4454 221.921
185.47 27.9497 223.761
184.826 27.4388 225.589
184.159 26.9126 227.404
183.469 26.3711 229.206
182.757 25.8144 230.994
182.021 25.2425 232.768
181.264 24.6552 234.528
180.484 24.0528 236.273
179.682 23.4351 238.003
178.858 22.8022 239.717
178.013 22.1541 241.414
177.146 21.4909 243.095
176.259 20.8126 244.758
175.35 20.1192 246.405
174.421 19.4108 248.033
173.471 18.6875 249.642
172.501 17.9492 251.233
171.512 17.1962 252.804
170.502 16.4283 254.356
169.474 15.6458 255.888
168.426 14.8487 257.399
167.36 14.037 258.889
166.276 13.211 260.358
165.173 12.3706 261.805
164.053 11.5159 263.23
162.915 10.6472 264.632
161.76 9.76438 266.012
160.588 8.8677 267.368
159.4 7.95726 268.7
158.196 7.03317 270.009
156.977 6.09557 271.293
155.741 5.14459 272.552
154.491 4.18037 273.787
153.227 3.20307 274.996
151.948 2.21284 276.179
150.655 1.20983 277.336
149.349 0.194196 278.467
148.03 -0.833885 279.571
146.699 -1.87425 280.648
145.355 -2.92672 281.698
143.999 -3.99111 282.72
142.632 -5.06725 283.715
141.254 -6.15495 284.681
139.866 -7.254 285.62
138.467 -8.36423 286.529
137.059 -9.48543 287.41
135.641 -10.6174 288.261
134.215 -11.7599 289.084
132.78 -12.9128 289.876
131.338 -14.0758 290.64
129.887 -15.2487 291.373
128.43 -16.4313 292.076
126.967 -17.6234 292.749
125.497 -18.8247 293.391
124.022 -20.035 294.003
122.541 -21.2541 294.584
121.056 -22.4818 295.135
119.566 -23.7177 295.654
118.073 -24.9618 296.142
116.577 -26.2136 296.599
115.077 -27.473 297.025
113.575 -28.7398 297.42
112.071 -30.0136 297.783
110.566 -31.2942 298.114
109.06 -32.5815 298.414
107.553 -33.875 298.682
106.046 -35.1746 298.919
104.539 -36.48 299.124
103.033 -37.791 299.297
101.529 -39.1072 299.439
100.026 -40.4285 299.549
98.5257 -41.7546 299.627
97.0279 -43.0851 299.674
95.5333 -44.4199 299.689
94.0422 -45.7587 299.673
92.5551 -47.1012 299.625
91.0726 -48.4472 299.546
89.5949 -49.7964 299.435
88.1226 -51.1485 299.293
86.6561 -52.5032 299.12
85.1958 -53.8604 298.916
83.7422 -55.2197 298.681
82.2957 -56.581 298.416
80.8566 -57.9438 298.119
79.4256 -59.308 297.792
78.0028 -60.6734 297.435
76.5888 -62.0396 297.048
75.184 -63.4064 296.63
73.7887 -64.7735 296.183
72.4034 -66.1408 295.706
71.0285 -67.5079 295.199
69.6643 -68.8746 294.664
68.3112 -70.2407 294.099
66.9696 -71.6058 293.505
65.6399 -72.9699 292.883
64.3224 -74.3326 292.232
63.0175 -75.6936 291.554
61.7256 -77.0528 290.847
60.447 -78.41 290.113
59.182 -79.7648 289.351
57.9309 -81.1171 288.562
56.6942 -82.4666 287.746
55.4721 -83.8132 286.904
54.265 -85.1565 286.036
53.0732 -86.4965 285.141
51.8969 -87.8328 284.221
50.7364 -89.1653 283.276
49.5922 -90.4937 282.305
48.4644 -91.8178 281.31
47.3533 -93.1376 280.29
46.2592 -94.4526 279.246
45.1824 -95.7628 278.179
44.1231 -97.068 277.088
43.0816 -98.368 275.974
42.0582 -99.6626 274.837
41.053 -100.952 273.677
40.0663 -102.235 272.496
39.0984 -103.512 271.293
38.1494 -104.783 270.068
37.2196 -106.048 268.823
36.3092 -107.307 267.556
35.4183 -108.559 266.27
34.5472 -109.804 264.964
33.6961 -111.042 263.638
32.8651 -112.274 262.293
32.0544 -113.498 260.929
31.2642 -114.714 259.546
30.4947 -115.924 258.146
29.7459 -117.126 256.728
29.0181 -118.32 255.292
28.3114 -119.506 253.84
27.6259 -120.684 252.371
26.9618 -121.855 250.886
26.3191 -123.017 249.385
25.6981 -124.171 247.869
25.0987 -125.316 246.338
24.5211 -126.453 244.792
23.9655 -127.582 243.232
23.4318 -128.702 241.658
22.9203 -129.813 240.071
22.4309 -130.915 238.471
21.9637 -132.009 236.857
21.5189 -133.093 235.232
21.0964 -134.168 233.594
20.6964 -135.235 231.946
20.3189 -136.292 230.285
19.9639 -137.339 228.614
19.6314 -138.378 226.933
19.3216 -139.407 225.242
19.0345 -140.427 223.541
18.77 -141.437 221.83
18.5282 -142.438 220.111
18.3091 -143.429 218.383
18.1128 -144.411 216.647
17.9392 -145.383 214.904
17.7883 -146.346 213.152
17.6602 -147.299 211.394
17.5547 -148.242 209.629
17.472 -149.176 207.858
17.4121 -150.1 206.08
17.3747 -151.014 204.297
17.3601 -151.918 202.509
17.3681 -152.813 200.716
17.3987 -153.698 198.918
17.4518 -154.573 197.116
17.5275 -155.438 195.31
17.6257 -156.294 193.501
17.7463 -157.14 191.688
17.8893 -157.977 189.873
18.0546 -158.803 188.055
18.2422 -159.62 186.235
18.4521 -160.428 184.412
18.6841 -161.225 182.589
18.9381 -162.014 180.764
19.2142 -162.792 178.938
19.5123 -163.561 177.112
19.8322 -164.321 175.285
20.1739 -165.071 173.458
20.5373 -165.811 171.632
20.9224 -166.543 169.806
21.3289 -167.264 167.982
21.757 -167.977 166.158
22.2064 -168.68 164.336
22.6771 -169.374 162.516
23.1689 -170.059 160.698
23.6818 -170.735 158.883
24.2157 -171.402 157.07
24.7705 -172.06 155.26
25.346 -172.709 153.453
25.9422 -173.349 151.65
26.5589 -173.98 149.851
27.1961 -174.602 148.056
27.8536 -175.216 146.265
28.5313 -175.821 144.479
29.2291 -176.418 142.698
29.9469 -177.006 140.921
30.6845 -177.586 139.151
31.4419 -178.157 137.385
32.2189 -178.72 135.626
33.0153 -179.276 133.873
33.8312 -179.823 132.126
34.6663 -180.362 130.386
35.5204 -180.893 128.653
36.3936 -181.416 126.927
37.2856 -181.931 125.208
38.1964 -182.439 123.496
39.1257 -182.94 121.793
40.0734 -183.432 120.097
41.0395 -183.918 118.41
42.0238 -184.396 116.731
43.0261 -184.867 115.061
44.0463 -185.331 113.399
45.0842 -185.787 111.747
46.1398 -186.237 110.104
47.2129 -186.68 108.471
48.3033 -187.117 106.847
49.4109 -187.546 105.233
50.5355 -187.97 103.629
51.6771 -188.386 102.036
52.8354 -188.797 100.453
54.0103 -189.201 98.8806
55.2017 -189.599 97.3191
56.4094 -189.991 95.7687
57.6333 -190.377 94.2296
58.8732 -190.758 92.7018
60.129 -191.133 91.1857
61.4005 -191.502 89.6814
62.6875 -191.865 88.189
63.99 -192.224 86.7087
65.3078 -192.577 85.2407
66.6406 -192.924 83.7852
67.9884 -193.267 82.3424
69.3511 -193.605 80.9123
70.7283 -193.938 79.4952
72.1201 -194.267 78.0912
73.5262 -194.59 76.7005
74.9465 -194.91 75.3232
76.3808 -195.225 73.9595
77.8289 -195.535 72.6096
79.2908 -195.842 71.2735
80.7662 -196.144 69.9515
82.255 -196.443 68.6437
83.757 -196.738 67.3503
85.2721 -197.029 66.0713
86.8001 -197.317 64.807
88.3408 -197.601 63.5574
89.8941 -197.882 62.3227
91.4598 -198.159 61.1031
93.0378 -198.434 59.8987
94.6278 -198.705 58.7095
96.2298 -198.974 57.5359
97.8435 -199.24 56.3778
99.4688 -199.503 55.2354
101.105 -199.764 54.1088
102.753 -200.023 52.9982
104.412 -200.279 51.9037
106.082 -200.533 50.8254
107.763 -200.786 49.7634
109.454 -201.036 48.7179
111.156 -201.284 47.689
112.868 -201.531 46.6767
114.59 -201.776 45.6812
116.321 -202.02 44.7027
118.063 -202.263 43.7412
119.814 -202.504 42.7968
121.574 -202.745 41.8697
123.344 -202.984 40.96
125.122 -203.223 40.0677
126.909 -203.461 39.193
128.705 -203.698 38.336
130.509 -203.935 37.4968
132.322 -204.172 36.6754
134.143 -204.409 35.872
135.971 -204.645 35.0868
137.807 -204.882 34.3197
139.651 -205.118 33.5709
141.502 -205.355 32.8404
143.36 -205.593 32.1285
145.225 -205.831 31.4351
147.097 -206.069 30.7603
148.976 -206.308 30.1043
150.86 -206.549 29.4671
152.751 -206.79 28.8489
154.648 -207.032 28.2496
156.551 -207.276 27.6694
158.459 -207.521 27.1084
160.373 -207.768 26.5667
162.291 -208.016 26.0442
164.215 -208.266 25.5412
166.143 -208.518 25.0577
168.076 -208.772 24.5937
170.014 -209.027 24.1493
171.955 -209.286 23.7247
173.9 -209.546 23.3198
175.849 -209.809 22.9348
177.802 -210.075 22.5697
179.758 -210.343 22.2245
181.716 -210.614 21.8994
183.678 -210.888 21.5944
185.642 -211.165 21.3095
187.609 -211.445 21.0449
189.578 -211.729 20.8005
191.548 -212.015 20.5765
193.521 -212.306 20.3728
195.494 -212.6 20.1896
197.469 -212.898 20.0269
199.446 -213.199 19.8847
201.422 -213.505 19.763
203.4 -213.814 19.662
205.377 -214.128 19.5816
207.355 -214.447 19.522
209.332 -214.769 19.4831
211.31 -215.096 19.4649
213.286 -215.428 19.4675
215.261 -215.765 19.491
217.235 -216.106 19.5353
219.208 -216.452 19.6005
221.179 -216.804 19.6867
223.148 -217.16 19.7937
225.115 -217.522 19.9217
227.08 -217.889 20.0707
229.041 -218.262 20.2406
231 -218.64 20.4315
232.956 -219.024 20.6434
234.907 -219.414 20.8763
236.855 -219.81 21.1302
238.799 -220.212 21.405
240.739 -220.619 21.7009
242.674 -221.033 22.0178

2.004 0.0040881 0.00292315
4.00795 0.0162776 0.0117495
6.0118 0.0364557 0.0265637
8.0155 0.0645091 0.0474494
10.019 0.100323 0.0744895
12.0223 0.143784 0.107766
14.0252 0.194774 0.147359
16.0279 0.253179 0.19335
18.0301 0.318881 0.245816
20.0319 0.391761 0.304837
22.0332 0.471703 0.370489
24.0341 0.558587 0.442849
26.0343 0.652293 0.521992
28.0339 0.752701 0.607992
30.0329 0.85969 0.700923
32.0312 0.973139 0.800856
34.0288 1.09293 0.907864
36.0256 1.21893 1.02202
38.0215 1.35102 1.14338
40.0166 1.48908 1.27203
42.0108 1.63298 1.40804
44.0041 1.7826 1.55145
45.9964 1.93781 1.70236
47.9876 2.09849 1.86081
49.9778 2.26451 2.02687
51.9669 2.43574 2.2006
53.9549 2.61206 2.38207
55.9417 2.79333 2.57134
57.9273 2.97943 2.76846
59.9116 3.17023 2.9735
61.8947 3.3656 3.18651
63.8764 3.56541 3.40755
65.8568 3.76952 3.63668
67.8358 3.97782 3.87395
69.8133 4.19016 4.11941
71.7894 4.40641 4.37312
73.764 4.62644 4.63513
75.737 4.85012 4.90549
77.7085 5.07731 5.18424
79.6784 5.30789 5.47145
81.6466 5.54171 5.76715
83.6132 5.77864 6.07139
85.578 6.01855 6.38422
87.5411 6.26131 6.70568
89.5024 6.50676 7.03582
91.4619 6.75479 7.37468
93.4196 7.00525 7.72229
95.3754 7.258 8.0787
97.3293 7.51292 8.44395
99.2812 7.76985 8.81808
101.231 8.02866 9.20113
103.179 8.28922 9.59312
105.125 8.55139 9.99409
107.069 8.81501 10.4041
109.011 9.07997 10.8231
110.95 9.34611 11.2513
112.888 9.6133 11.6885
114.823 9.88139 12.1349
116.756 10.1502 12.5904
118.686 10.4197 13.0552
120.615 10.6897 13.5291
122.541 10.96 14.0123
124.464 11.2305 14.5048
126.385 11.5011 15.0066
128.304 11.7715 15.5177
130.221 12.0418 16.0381
132.134 12.3116 16.5678
134.046 12.581 17.107
135.954 12.8497 17.6555
137.86 13.1176 18.2134
139.764 13.3845 18.7807
141.664 13.6504 19.3574
143.562 13.915 19.9436
145.458 14.1782 20.5393
147.35 14.4399 21.1443
149.24 14.7 21.7589
151.127 14.9582 22.3829
153.01 15.2145 23.0163
154.891 15.4686 23.6593
156.769 15.7205 24.3117
158.644 15.97 24.9736
160.516 16.217 25.645
162.385 16.4612 26.3258
164.251 16.7027 27.0161
166.114 16.9411 27.7159
167.973 17.1764 28.4251
169.83 17.4085 29.1438
171.683 17.6371 29.8719
173.532 17.8621 30.6095
175.379 18.0835 31.3564
177.222 18.3009 32.1128
179.061 18.5144 32.8785
180.897 18.7237 33.6537
182.73 18.9287 34.4381
184.559 19.1292 35.2319
186.385 19.3252 36.035
188.207 19.5163 36.8474
190.025 19.7027 37.6691
191.84 19.8839 38.5
193.65 20.06 39.3401
195.458 20.2308 40.1894
197.261 20.396 41.0479
199.06 20.5557 41.9154
200.856 20.7096 42.792
202.647 20.8575 43.6777
204.435 20.9994 44.5724
206.218 21.1351 45.4761
207.998 21.2645 46.3887
209.773 21.3873 47.3102
211.544 21.5035 48.2405
213.311 21.6129 49.1796
215.074 21.7154 50.1275
216.832 21.8108 51.0841
218.586 21.899 52.0493
220.336 21.9798 53.0231
222.081 22.0531 54.0055
223.822 22.1188 54.9963
225.558 22.1767 55.9956
227.29 22.2266 57.0032
229.016 22.2685 58.0192
230.739 22.3021 59.0434
232.456 22.3274 60.0757
234.169 22.3443 61.1162
235.876 22.3524 62.1647
237.579 22.3518 63.2212
239.277 22.3423 64.2856
240.97 22.3237 65.3578
242.658 22.296 66.4377
244.341 22.2589 67.5253
246.019 22.2124 68.6205
247.691 22.1563 69.7232
249.358 22.0904 70.8333
251.02 22.0147 71.9507
252.676 21.929 73.0754
254.327 21.8332 74.2072
255.973 21.7271 75.3461
257.613 21.6106 76.492
259.247 21.4836 77.6447
260.876 21.346 78.8041
262.499 21.1976 79.9703
264.116 21.0383 81.143
265.728 20.868 82.3222
267.333 20.6865 83.5077
268.933 20.4938 84.6995
270.526 20.2897 85.8974
272.114 20.074 87.1013
273.695 19.8468 88.3111
275.27 19.6078 89.5268
276.839 19.3569 90.7481
278.402 19.094 91.9749
279.958 18.8191 93.2072
281.508 18.5319 94.4448
283.051 18.2324 95.6875
284.588 17.9205 96.9353
286.118 17.596 98.188
287.642 17.2589 99.4455
289.158 16.9091 100.708
290.668 16.5463 101.974
292.172 16.1707 103.245
293.668 15.7819 104.521
295.157 15.38 105.8
296.639 14.9649 107.083
298.114 14.5364 108.37
299.582 14.0944 109.661
301.043 13.6389 110.955
302.496 13.1698 112.253
303.942 12.6869 113.554
305.381 12.1903 114.857
306.812 11.6797 116.164
308.235 11.1552 117.473
309.651 10.6166 118.785
311.06 10.0639 120.1
312.46 9.49701 121.416
313.853 8.91582 122.735
315.238 8.32026 124.055
316.615 7.71029 125.377
317.983 7.08582 126.701
319.344 6.4468 128.026
320.697 5.79315 129.352
322.042 5.12483 130.679
323.378 4.44176 132.007
324.706 3.7439 133.336
326.026 3.0312 134.665
327.337 2.30359 135.994
328.64 1.56104 137.324
329.934 0.80349 138.653
331.22 0.0309085 139.982
332.497 -0.756749 141.311
333.765 -1.55952 142.639
335.024 -2.37744 143.965
336.275 -3.21054 145.291
337.517 -4.05885 146.616
338.75 -4.9224 147.939
339.973 -5.80121 149.26
341.188 -6.6953 150.58
342.394 -7.60469 151.897
343.59 -8.5294 153.213
344.777 -9.46943 154.525
345.955 -10.4248 155.835
347.123 -11.3955 157.142
348.283 -12.3816 158.446
349.432 -13.383 159.747
350.572 -14.3997 161.044
351.703 -15.4318 162.337
352.824 -16.4792 163.626
353.935 -17.5419 164.911
355.037 -18.6199 166.192
356.129 -19.7132 167.468
357.211 -20.8218 168.74
358.283 -21.9456 170.006
359.346 -23.0846 171.267
360.398 -24.2387 172.522
361.441 -25.408 173.772
362.473 -26.5924 175.016
363.495 -27.7919 176.254
364.508 -29.0063 177.485
365.51 -30.2358 178.71
366.502 -31.4801 179.928
367.484 -32.7393 181.139
368.456 -34.0133 182.342
369.417 -35.302 183.539
370.368 -36.6054 184.727
371.309 -37.9234 185.908
372.239 -39.2559 187.08
373.159 -40.6029 188.245
374.068 -41.9643 189.4
374.968 -43.3399 190.547
375.856 -44.7297 191.685
376.734 -46.1337 192.814
377.602 -47.5517 193.933
378.459 -48.9836 195.042
379.305 -50.4294 196.142
380.141 -51.8888 197.232
380.967 -53.3619 198.311
381.781 -54.8485 199.38
382.586 -56.3485 200.438
383.379 -57.8618 201.485
384.162 -59.3882 202.521
384.934 -60.9277 203.545
385.696 -62.4801 204.558
386.447 -64.0453 205.559
387.187 -65.6232 206.549
387.916 -67.2135 207.525
388.635 -68.8162 208.49
389.344 -70.4312 209.442
390.041 -72.0583 210.381
390.728 -73.6973 211.307
391.405 -75.3481 212.22
392.07 -77.0105 213.12
392.725 -78.6845 214.006
393.37 -80.3697 214.878
394.004 -82.0661 215.736
394.627 -83.7735 216.58
395.24 -85.4917 217.41
395.842 -87.2206 218.225
396.434 -88.9599 219.025
397.015 -90.7096 219.81
397.586 -92.4694 220.581
398.146 -94.2391 221.336
398.696 -96.0186 222.076
399.235 -97.8076 222.8
399.764 -99.606 223.508
400.283 -101.414 224.2
400.792 -103.23 224.877
401.29 -105.056 225.537
401.778 -106.89 226.18
402.256 -108.732 226.807
402.724 -110.583 227.418
403.182 -112.441 228.011
403.63 -114.308 228.587
404.067 -116.181 229.147
404.495 -118.063 229.689
404.913 -119.951 230.213
405.322 -121.847 230.72
405.72 -123.749 231.209
406.109 -125.657 231.681
406.488 -127.572 232.134
406.858 -129.493 232.57
407.218 -131.42 232.987
407.568 -133.352 233.386
407.91 -135.29 233.766
408.242 -137.233 234.128
408.564 -139.18 234.472
408.878 -141.133 234.796
409.183 -143.09 235.102
409.478 -145.051 235.389
409.765 -147.016 235.657
410.043 -148.985 235.906
410.312 -150.958 236.135
410.572 -152.934 236.346
410.824 -154.912 236.537
411.067 -156.894 236.708
411.302 -158.879 236.861
411.529 -160.865 236.993
411.747 -162.854 237.106
411.958 -164.845 237.2
412.16 -166.837 237.274
412.354 -168.831 237.328
412.541 -170.826 237.362
412.719 -172.822 237.377
412.891 -174.819 237.371
413.054 -176.816 237.346
413.21 -178.813 237.301
413.359 -180.811 237.236
413.501 -182.808 237.15
413.635 -184.805 237.045
413.763 -186.801 236.92
413.883 -188.796 236.775
413.997 -190.79 236.61
414.104 -192.782 236.425
414.205 -194.773 236.22
414.299 -196.762 235.995
414.387 -198.749 235.749
414.468 -200.734 235.484
414.544 -202.716 235.199
414.613 -204.695 234.894
414.677 -206.672 234.569
414.735 -208.645 234.224
414.787 -210.615 233.859
414.834 -212.581 233.475
414.876 -214.544 233.07
414.912 -216.502 232.646
414.943 -218.456 232.202
414.969 -220.405 231.739
414.991 -222.35 231.255
415.008 -224.29 230.753
415.02 -226.225 230.23
415.027 -228.154 229.689
415.03 -230.078 229.128
415.029 -231.996 228.547
415.024 -233.908 227.948
415.015 -235.814 227.329
415.002 -237.714 226.691
414.986 -239.607 226.034
414.966 -241.494 225.359
414.942 -243.373 224.664
414.916 -245.246 223.951
414.886 -247.111 223.219
414.853 -248.969 222.468
414.817 -250.819 221.699
414.778 -252.662 220.912
414.737 -254.496 220.107
414.693 -256.323 219.283
414.647 -258.141 218.441
414.598 -259.95 217.582
414.548 -261.751 216.704
414.496 -263.544 215.809
414.441 -265.327 214.896
414.385 -267.101 213.966
414.328 -268.866 213.019
414.269 -270.622 212.054
414.209 -272.368 211.072
414.147 -274.104 210.074
414.085 -275.831 209.058
414.022 -277.547 208.026
413.957 -279.254 206.978
413.893 -280.95 205.913
413.827 -282.636 204.831
413.762 -284.312 203.734
413.696 -285.977 202.621
413.63 -287.631 201.491
413.564 -289.274 200.347
413.498 -290.907 199.186
413.433 -292.528 198.01
413.367 -294.139 196.819
413.303 -295.738 195.613
413.239 -297.326 194.392
413.176 -298.902 193.157
413.113 -300.467 191.906
413.052 -302.02 190.642
412.992 -303.562 189.363
412.933 -305.092 188.07
412.876 -306.61 186.762
412.82 -308.116 185.442
412.765 -309.61 184.107
412.713 -311.092 182.759
412.662 -312.561 181.398
412.614 -314.019 180.023
412.567 -315.464 178.636
412.523 -316.897 177.236
412.481 -318.318 175.823
412.441 -319.726 174.397
412.404 -321.122 172.96
412.37 -322.505 171.51
412.339 -323.876 170.048
412.31 -325.234 168.575
412.285 -326.579 167.09
412.262 -327.911 165.593
412.243 -329.231 164.086
412.227 -330.539 162.567
412.215 -331.833 161.037
412.206 -333.115 159.496
412.201 -334.383 157.945
412.2 -335.639 156.383
412.202 -336.882 154.812
412.209 -338.113 153.23
412.22 -339.33 151.638
412.234 -340.535 150.036
412.253 -341.726 148.425
412.277 -342.905 146.805
412.305 -344.071 145.175
412.337 -345.224 143.536
412.374 -346.364 141.889
412.416 -347.492 140.232
412.463 -348.606 138.568
412.515 -349.708 136.894
412.571 -350.797 135.213
412.633 -351.873 133.523
412.7 -352.936 131.826
412.772 -353.987 130.121
412.85 -355.024 128.409
412.933 -356.05 126.689
413.021 -357.062 124.961
413.115 -358.062 123.227
413.215 -359.049 121.486
413.321 -360.024 119.739
413.432 -360.987 117.984
413.55 -361.936 116.224
413.673 -362.874 114.457
413.803 -363.799 112.684
413.938 -364.712 110.905
414.08 -365.612 109.12
414.228 -366.501 107.33
414.383 -367.377 105.534
414.544 -368.241 103.733
414.711 -369.093 101.927
414.885 -369.933 100.116
415.066 -370.761 98.3002
415.253 -371.578 96.4796
415.447 -372.382 94.6544
415.648 -373.175 92.8249
415.856 -373.956 90.9912
416.07 -374.726 89.1534
416.292 -375.484 87.3116
416.521 -376.231 85.4661
416.757 -376.966 83.6169
417 -377.69 81.7642
417.25 -378.403 79.9081
417.508 -379.105 78.0488
417.772 -379.796 76.1864
418.045 -380.476 74.321
418.324 -381.145 72.4528
418.611 -381.804 70.582
418.906 -382.451 68.7086
419.208 -383.088 66.8327
419.518 -383.715 64.9546
419.836 -384.331 63.0744
420.161 -384.937 61.1921
420.494 -385.533 59.3079
420.834 -386.119 57.4219
421.183 -386.695 55.5343
421.539 -387.261 53.6452
421.904 -387.817 51.7546
422.276 -388.363 49.8628
422.656 -388.9 47.9699
423.044 -389.427 46.0758
423.441 -389.945 44.1809
423.845 -390.454 42.2852
424.258 -390.953 40.3888
424.678 -391.444 38.4918
425.107 -391.925 36.5943
425.544 -392.398 34.6965
425.989 -392.862 32.7985
426.443 -393.317 30.9003
426.904 -393.764 29.0021
427.374 -394.202 27.104
427.853 -394.633 25.206
428.339 -395.055 23.3084
428.834 -395.469 21.4111
429.338 -395.875 19.5144
429.85 -396.273 17.6183
430.37 -396.664 15.7228
430.899 -397.047 13.8282
431.436 -397.423 11.9344
431.982 -397.791 10.0416
432.536 -398.152 8.14996
433.099 -398.506 6.25945
433.67 -398.853 4.37022
434.25 -399.193 2.48234
434.838 -399.527 0.595918
435.435 -399.854 -1.28897
436.04 -400.175 -3.17223
436.655 -400.489 -5.05377
437.277 -400.797 -6.93352
437.908 -401.099 -8.81138
438.548 -401.395 -10.6873
439.197 -401.685 -12.5611
439.854 -401.97 -14.4328
440.52 -402.249 -16.3024
441.194 -402.522 -18.1696
441.877 -402.791 -20.0344
442.568 -403.054 -21.8969
443.268 -403.312 -23.7567
443.977 -403.565 -25.6141
444.695 -403.813 -27.4687
445.421 -404.057 -29.3206
446.155 -404.296 -31.1697
446.899 -404.531 -33.0159
447.65 -404.762 -34.8591
448.411 -404.988 -36.6994

2.004 0.00411505 0.00229983
4.00796 0.0163851 0.00926342
6.01183 0.0366968 0.0209861
8.01556 0.064936 0.0375622
10.0191 0.100987 0.0590849
12.0225 0.144735 0.0856464
14.0256 0.196062 0.117338
16.0284 0.25485 0.154249
18.0309 0.320982 0.19647
20.033 0.394336 0.244087
22.0346 0.474794 0.297188
24.0359 0.562234 0.355858
26.0366 0.656533 0.420183
28.0369 0.75757 0.490245
30.0365 0.865221 0.566127
32.0356 0.979362 0.647911
34.0341 1.09987 0.735676
36.0319 1.22661 0.829503
38.029 1.35947 0.929468
40.0253 1.49831 1.03565
42.0209 1.64301 1.14812
44.0158 1.79344 1.26696
46.0097 1.94947 1.39224
48.0029 2.11097 1.52403
49.9951 2.27781 1.66241
51.9865 2.44985 1.80744
53.9769 2.62698 1.95919
55.9663 2.80904 2.11773
57.9547 2.99592 2.28313
59.942 3.18748 2.45545
61.9284 3.38358 2.63476
63.9136 3.58409 2.82112
65.8977 3.78887 3.0146
67.8806 3.99779 3.21524
69.8624 4.21071 3.42312
71.843 4.42749 3.63829
73.8224 4.648 3.86081
75.8005 4.8721 4.09074
77.7774 5.09964 4.32812
79.7529 5.3305 4.57302
81.7271 5.56453 4.82548
83.7 5.80159 5.08556
85.6715 6.04153 5.35331
87.6416 6.28423 5.62877
89.6102 6.52954 5.912
91.5775 6.77731 6.20304
93.5432 7.0274 6.50193
95.5075 7.27967 6.80872
97.4702 7.53398 7.12345
99.4314 7.79019 7.44617
101.391 8.04814 7.77691
103.349 8.3077 8.11571
105.305 8.56872 8.46261
107.26 8.83105 8.81764
109.213 9.09455 9.18084
111.165 9.35908 9.55225
113.115 9.62448 9.93189
115.063 9.89061 10.3198
117.009 10.1573 10.716
118.953 10.4245 11.1205
120.896 10.6919 11.5334
122.837 10.9595 11.9547
124.776 11.227 12.3843
126.713 11.4945 12.8224
128.648 11.7616 13.2689
130.582 12.0282 13.7239
132.513 12.2943 14.1874
134.443 12.5595 14.6594
136.37 12.8239 15.1399
138.296 13.0873 15.6289
140.219 13.3494 16.1265
142.141 13.6102 16.6326
144.06 13.8694 17.1473
145.977 14.127 17.6706
147.892 14.3828 18.2024
149.805 14.6367 18.7429
151.716 14.8884 19.2919
153.625 15.1379 19.8495
155.531 15.3849 20.4158
157.435 15.6294 20.9906
159.337 15.8712 21.574
161.237 16.1101 22.166
163.134 16.346 22.7666
165.029 16.5787 23.3758
166.922 16.808 23.9935
168.812 17.0339 24.6198
170.699 17.2562 25.2547
172.585 17.4747 25.898
174.468 17.6892 26.55
176.348 17.8997 27.2104
178.226 18.1059 27.8793
180.101 18.3077 28.5567
181.974 18.505 29.2425
183.844 18.6976 29.9368
185.711 18.8853 30.6395
187.576 19.0681 31.3505
189.438 19.2456 32.0699
191.297 19.4179 32.7976
193.153 19.5847 33.5336
195.007 19.746 34.2779
196.858 19.9014 35.0304
198.706 20.051 35.7911
200.551 20.1944 36.5599
202.393 20.3317 37.3368
204.232 20.4626 38.1218
206.069 20.587 38.9148
207.902 20.7048 39.7159
209.732 20.8157 40.5248
211.559 20.9197 41.3416
213.383 21.0166 42.1663
215.203 21.1062 42.9987
217.021 21.1884 43.8389
218.835 21.2631 44.6867
220.646 21.3301 45.5422
222.454 21.3892 46.4052
224.258 21.4403 47.2757
226.059 21.4834 48.1536
227.857 21.5181 49.0389
229.651 21.5444 49.9315
231.441 21.5622 50.8313
233.228 21.5712 51.7383
235.012 21.5714 52.6524
236.792 21.5626 53.5734
238.568 21.5447 54.5014
240.34 21.5175 55.4363
242.109 21.4809 56.3779
243.873 21.4347 57.3262
245.634 21.3788 58.2812
247.392 21.3132 59.2426
249.145 21.2376 60.2105
250.894 21.1518 61.1847
252.639 21.0559 62.1651
254.38 20.9496 63.1517
256.117 20.8328 64.1444
257.85 20.7053 65.143
259.578 20.5672 66.1475
261.303 20.4181 67.1577
263.023 20.258 68.1736
264.738 20.0868 69.195
266.45 19.9044 70.2219
268.156 19.7105 71.2541
269.859 19.5051 72.2915
271.556 19.2881 73.334
273.249 19.0594 74.3815
274.938 18.8188 75.4338
276.621 18.5662 76.4909
278.3 18.3015 77.5526
279.974 18.0246 78.6188
281.644 17.7354 79.6893
283.308 17.4337 80.7641
284.967 17.1195 81.843
286.622 16.7926 82.9259
288.271 16.4529 84.0126
289.915 16.1004 85.1031
291.553 15.7349 86.1971
293.187 15.3564 87.2945
294.815 14.9647 88.3952
296.438 14.5597 89.499
298.055 14.1413 90.6059
299.667 13.7095 91.7156
301.274 13.2641 92.828
302.874 12.8051 93.9429
304.469 12.3323 95.0602
306.059 11.8458 96.1798
307.642 11.3453 97.3014
309.22 10.8309 98.425
310.792 10.3024 99.5503
312.357 9.75977 100.677
313.917 9.20293 101.806
315.471 8.63181 102.935
317.018 8.04633 104.066
318.559 7.44643 105.197
320.094 6.83205 106.33
321.623 6.20311 107.463
323.145 5.55957 108.596
324.661 4.90136 109.73
326.171 4.22842 110.864
327.673 3.54071 111.997
329.169 2.83817 113.13
330.659 2.12076 114.263
332.141 1.38842 115.395
333.617 0.641127 116.526
335.086 -0.121169 117.657
336.548 -0.898502 118.786
338.003 -1.69091 119.913
339.451 -2.49841 121.039
340.891 -3.32105 122.163
342.325 -4.15885 123.285
343.751 -5.01182 124.405
345.17 -5.87999 125.523
346.581 -6.76337 126.638
347.986 -7.66198 127.75
349.382 -8.57582 128.859
350.771 -9.50491 129.965
352.153 -10.4493 131.068
353.526 -11.4088 132.167
354.892 -12.3837 133.263
356.251 -13.3737 134.354
357.601 -14.379 135.441
358.943 -15.3996 136.524
360.278 -16.4353 137.602
361.604 -17.4862 138.675
362.923 -18.5523 139.744
364.233 -19.6335 140.807
365.535 -20.7298 141.864
366.829 -21.8412 142.917
368.114 -22.9677 143.963
369.392 -24.1091 145.003
370.66 -25.2655 146.037
371.921 -26.4368 147.064
373.172 -27.623 148.085
374.416 -28.824 149.099
375.65 -30.0398 150.106
376.876 -31.2702 151.105
378.094 -32.5153 152.097
379.302 -33.775 153.081
380.502 -35.0492 154.058
381.693 -36.3378 155.026
382.875 -37.6407 155.986
384.048 -38.9579 156.937
385.212 -40.2893 157.879
386.367 -41.6349 158.813
387.513 -42.9944 159.737
388.65 -44.3678 160.652
389.778 -45.755 161.557
390.896 -47.156 162.453
392.006 -48.5706 163.338
393.106 -49.9987 164.214
394.197 -51.4401 165.079
395.279 -52.8949 165.933
396.351 -54.3628 166.776
397.414 -55.8438 167.609
398.467 -57.3376 168.43
399.511 -58.8443 169.24
400.546 -60.3636 170.038
401.571 -61.8954 170.825
402.587 -63.4397 171.599
403.593 -64.9961 172.362
404.589 -66.5647 173.112
405.576 -68.1452 173.849
406.554 -69.7375 174.574
407.522 -71.3415 175.285
408.48 -72.957 175.984
409.429 -74.5838 176.669
410.368 -76.2217 177.341
411.297 -77.8707 178
412.217 -79.5305 178.644
413.127 -81.2009 179.274
414.027 -82.8819 179.891
414.918 -84.5732 180.493
415.799 -86.2746 181.08
416.67 -87.9859 181.653
417.532 -89.707 182.211
418.384 -91.4377 182.754
419.226 -93.1778 183.282
420.059 -94.9271 183.794
420.882 -96.6854 184.291
421.695 -98.4525 184.773
422.499 -100.228 185.238
423.293 -102.012 185.688
424.077 -103.805 186.122
424.852 -105.605 186.54
425.618 -107.413 186.941
426.373 -109.229 187.326
427.12 -111.052 187.695
427.857 -112.882 188.047
428.584 -114.719 188.381
429.302 -116.563 188.7
430.01 -118.413 189.001
430.709 -120.269 189.284
431.399 -122.132 189.551
432.079 -124 189.8
432.75 -125.874 190.032
433.412 -127.754 190.246
434.065 -129.638 190.443
434.708 -131.528 190.621
435.342 -133.422 190.782
435.968 -135.321 190.925
436.584 -137.223 191.05
437.191 -139.13 191.157
437.789 -141.041 191.246
438.378 -142.955 191.316
438.959 -144.872 191.368
439.531 -146.793 191.402
440.094 -148.716 191.417
440.648 -150.642 191.414
441.194 -152.57 191.392
441.731 -154.5 191.352
442.26 -156.432 191.293
442.78 -158.366 191.215
443.292 -160.301 191.119
443.796 -162.237 191.004
444.292 -164.174 190.87
444.779 -166.112 190.717
445.258 -168.05 190.545
445.73 -169.989 190.354
446.193 -171.927 190.145
446.649 -173.865 189.916
447.097 -175.803 189.669
447.537 -177.74 189.403
447.969 -179.676 189.118
448.394 -181.61 188.814
448.812 -183.543 188.49
449.223 -185.475 188.149
449.626 -187.404 187.788
450.022 -189.332 187.408
450.411 -191.257 187.009
450.792 -193.179 186.592
451.168 -195.099 186.155
451.536 -197.016 185.7
451.897 -198.929 185.226
452.252 -200.839 184.734
452.601 -202.745 184.223
452.943 -204.647 183.693
453.279 -206.545 183.144
453.609 -208.438 182.577
453.932 -210.327 181.991
454.25 -212.212 181.387
454.562 -214.091 180.765
454.867 -215.965 180.124
455.168 -217.833 179.465
455.462 -219.696 178.788
455.752 -221.553 178.092
456.036 -223.405 177.379
456.314 -225.249 176.648
456.588 -227.088 175.899
456.857 -228.92 175.132
457.12 -230.745 174.347
457.379 -232.563 173.544
457.633 -234.374 172.725
457.883 -236.177 171.887
458.128 -237.973 171.032
458.369 -239.761 170.161
458.606 -241.541 169.271
458.838 -243.314 168.365
459.067 -245.078 167.442
459.292 -246.833 166.503
459.513 -248.58 165.546
459.73 -250.319 164.573
459.944 -252.048 163.583
460.155 -253.769 162.577
460.362 -255.48 161.555
460.566 -257.182 160.517
460.767 -258.874 159.462
460.966 -260.557 158.392
461.161 -262.23 157.306
461.354 -263.893 156.205
461.544 -265.545 155.088
461.732 -267.188 153.956
461.917 -268.821 152.808
462.101 -270.443 151.646
462.282 -272.054 150.468
462.461 -273.655 149.276
462.639 -275.245 148.069
462.815 -276.824 146.848
462.989 -278.392 145.612
463.162 -279.949 144.362
463.333 -281.495 143.099
463.503 -283.029 141.821
463.672 -284.552 140.529
463.84 -286.064 139.224
464.008 -287.564 137.906
464.174 -289.052 136.574
464.34 -290.528 135.229
464.506 -291.993 133.871
464.671 -293.445 132.5
464.836 -294.886 131.117
465 -296.314 129.721
465.165 -297.731 128.313
465.329 -299.135 126.893
465.494 -300.527 125.461
465.66 -301.906 124.016
465.825 -303.273 122.56
465.991 -304.628 121.093
466.158 -305.97 119.614
466.326 -307.3 118.124
466.494 -308.617 116.623
466.664 -309.921 115.112
466.835 -311.213 113.589
467.006 -312.492 112.056
467.18 -313.758 110.512
467.354 -315.012 108.959
467.53 -316.253 107.395
467.708 -317.481 105.821
467.888 -318.696 104.238
468.069 -319.899 102.645
468.253 -321.088 101.043
468.438 -322.265 99.4312
468.626 -323.429 97.8107
468.816 -324.58 96.1812
469.008 -325.718 94.543
469.203 -326.843 92.8962
469.401 -327.955 91.241
469.601 -329.055 89.5776
469.804 -330.142 87.9061
470.01 -331.216 86.2267
470.219 -332.277 84.5395
470.431 -333.325 82.8447
470.646 -334.36 81.1425
470.864 -335.383 79.433
471.086 -336.393 77.7164
471.311 -337.39 75.9928
471.54 -338.375 74.2624
471.773 -339.347 72.5254
472.009 -340.306 70.7818
472.249 -341.253 69.032
472.493 -342.187 67.2759
472.741 -343.109 65.5139
472.993 -344.018 63.7459
473.249 -344.915 61.9723
473.51 -345.8 60.1931
473.775 -346.672 58.4084
474.044 -347.532 56.6185
474.318 -348.38 54.8235
474.596 -349.216 53.0235
474.88 -350.039 51.2186
475.167 -350.851 49.4091
475.46 -351.651 47.5951
475.758 -352.439 45.7766
476.06 -353.215 43.9539
476.368 -353.979 42.1271
476.68 -354.732 40.2964
476.998 -355.473 38.4618
477.322 -356.203 36.6235
477.65 -356.921 34.7817
477.984 -357.628 32.9364
478.323 -358.323 31.0879
478.668 -359.007 29.2362
479.019 -359.681 27.3815
479.375 -360.343 25.5239
479.737 -360.994 23.6636
480.105 -361.635 21.8006
480.478 -362.264 19.9352
480.858 -362.883 18.0674
481.243 -363.492 16.1973
481.635 -364.09 14.3251
482.033 -364.678 12.4509
482.436 -365.255 10.5749
482.846 -365.822 8.69705
483.263 -366.379 6.8176
483.685 -366.927 4.93663
484.114 -367.464 3.05426
484.549 -367.992 1.1706
484.991 -368.509 -0.714231
485.44 -369.018 -2.60012
485.895 -369.517 -4.48695
486.356 -370.006 -6.37462
486.824 -370.487 -8.26302
487.299 -370.958 -10.152
487.781 -371.421 -12.0416
488.269 -371.874 -13.9315
488.764 -372.319 -15.8217
489.266 -372.755 -17.7122
489.775 -373.182 -19.6027
490.291 -373.602 -21.4933
490.814 -374.013 -23.3837
491.344 -374.415 -25.2739
491.881 -374.81 -27.1639
492.425 -375.197 -29.0534
492.976 -375.576 -30.9425
493.535 -375.947 -32.831
494.1 -376.311 -34.7188
494.673 -376.667 -36.6058
495.253 -377.017 -38.4921
495.84 -377.359 -40.3773
496.435 -377.693 -42.2616
497.037 -378.022 -44.1447
497.646 -378.343 -46.0266
498.262 -378.657 -47.9073
498.886 -378.966 -49.7866
499.518 -379.267 -51.6644
500.157 -379.563 -53.5408
500.803 -379.852 -55.4155
501.457 -380.136 -57.2886
502.118 -380.413 -59.1599
502.787 -380.685 -61.0293
503.463 -380.951 -62.8969
504.147 -381.212 -64.7625
504.838 -381.468 -66.626
505.537 -381.718 -68.4875
506.243 -381.964 -70.3467
506.957 -382.204 -72.2037
507.679 -382.44 -74.0583
508.408 -382.671 -75.9106
509.145 -382.898 -77.7604
509.889 -383.12 -79.6077
510.641 -383.338 -81.4524
511.401 -383.552 -83.2944
512.168 -383.762 -85.1338
512.943 -383.969 -86.9703
513.726 -384.171 -88.8041
514.516 -384.371 -90.6349
515.314 -384.567 -92.4628
516.119 -384.759 -94.2877
516.932 -384.949 -96.1096
517.753 -385.136 -97.9283
518.581 -385.32 -99.7439
519.417 -385.501 -101.556
520.26 -385.68 -103.365
521.111 -385.856 -105.171

2.004 0.00459594 0.00223231
4.00795 0.018337 0.00896555
6.01179 0.0411525 0.0202538
8.01548 0.0729717 0.0361508
10.019 0.113723 0.0567099
12.0222 0.163335 0.0819837
14.0251 0.221736 0.112025
16.0277 0.288852 0.146885
18.0299 0.364612 0.186617
20.0316 0.448941 0.23127
22.0329 0.541766 0.280896
24.0336 0.643014 0.335545
26.0337 0.75261 0.395267
28.0332 0.870479 0.460112
30.032 0.996547 0.530128
32.0301 1.13074 0.605365
34.0274 1.27298 0.685869
36.0239 1.42319 0.771691
38.0196 1.58129 0.862875
40.0144 1.74722 0.959471
42.0082 1.92088 1.06152
44.0011 2.10221 1.16908
45.993 2.29113 1.28219
47.9838 2.48756 1.40089
49.9735 2.69142 1.52523
51.9621 2.90264 1.65525
53.9496 3.12113 1.791
55.9358 3.34681 1.93253
57.9208 3.57962 2.07987
59.9045 3.81946 2.23307
61.8868 4.06626 2.39217
63.8679 4.31994 2.55721
65.8475 4.58042 2.72824
67.8257 4.84762 2.90529
69.8025 5.12146 3.08841
71.7777 5.40185 3.27764
73.7514 5.68872 3.47302
75.7236 5.98199 3.67458
77.6941 6.28157 3.88237
79.6631 6.58739 4.09643
81.6303 6.89936 4.31679
83.5959 7.21739 4.5435
85.5598 7.54142 4.77658
87.5219 7.87135 5.01608
89.4822 8.2071 5.26204
91.4407 8.54859 5.51449
93.3973 8.89574 5.77347
95.3521 9.24846 6.03901
97.305 9.60667 6.31115
99.2559 9.97029 6.58993
101.205 10.3392 6.87537
103.152 10.7134 7.16752
105.097 11.0928 7.4664
107.04 11.4772 7.77206
108.98 11.8666 8.08451
110.919 12.2609 8.40381
112.856 12.66 8.72997
114.79 13.0638 9.06303
116.722 13.4723 9.40303
118.652 13.8854 9.74998
120.58 14.3029 10.1039
122.506 14.7249 10.4649
124.429 15.1511 10.8329
126.35 15.5816 11.2081
128.269 16.0162 11.5903
130.185 16.4548 11.9796
132.099 16.8974 12.3762
134.01 17.3439 12.7799
135.919 17.7942 13.1909
137.826 18.2482 13.6091
139.73 18.7057 14.0346
141.632 19.1669 14.4674
143.531 19.6314 14.9075
145.427 20.0994 15.355
147.321 20.5705 15.8099
149.213 21.0449 16.2721
151.101 21.5224 16.7418
152.987 22.0028 17.219
154.871 22.4862 17.7036
156.752 22.9724 18.1958
158.63 23.4614 18.6955
160.505 23.953 19.2027
162.378 24.4471 19.7175
164.248 24.9438 20.2398
166.115 25.4428 20.7698
167.979 25.9441 21.3074
169.841 26.4477 21.8527
171.699 26.9533 22.4056
173.555 27.461 22.9663
175.408 27.9706 23.5346
177.258 28.4821 24.1107
179.105 28.9953 24.6945
180.949 29.5102 25.286
182.791 30.0267 25.8854
184.629 30.5446 26.4925
186.464 31.064 27.1075
188.296 31.5847 27.7303
190.126 32.1066 28.361
191.952 32.6296 28.9994
193.775 33.1537 29.6458
195.595 33.6787 30.3001
197.412 34.2046 30.9622
199.225 34.7312 31.6323
201.036 35.2585 32.3103
202.843 35.7864 32.9963
204.648 36.3148 33.6901
206.449 36.8436 34.392
208.247 37.3727 35.1018
210.041 37.902 35.8196
211.833 38.4314 36.5454
213.621 38.9609 37.2792
215.405 39.4903 38.021
217.187 40.0195 38.7708
218.965 40.5485 39.5287
220.74 41.0772 40.2946
222.511 41.6054 41.0685
224.279 42.1331 41.8504
226.044 42.6602 42.6405
227.805 43.1866 43.4385
229.563 43.7121 44.2446
231.318 44.2368 45.0588
233.069 44.7605 45.8811
234.816 45.2831 46.7114
236.56 45.8045 47.5498
238.3 46.3246 48.3963
240.037 46.8434 49.2508
241.77 47.3608 50.1134
243.5 47.8765 50.9841
245.226 48.3906 51.8629
246.949 48.903 52.7497
248.668 49.4136 53.6446
250.383 49.9222 54.5476
252.094 50.4287 55.4586
253.802 50.9332 56.3777
255.506 51.4354 57.3049
257.207 51.9354 58.2401
258.904 52.4329 59.1834
260.597 52.9279 60.1347
262.286 53.4203 61.094
263.971 53.9101 62.0614
265.653 54.397 63.0367
267.33 54.8811 64.0201
269.004 55.3622 65.0115
270.674 55.8402 66.0109
272.34 56.315 67.0183
274.002 56.7866 68.0336
275.661 57.2548 69.0569
277.315 57.7195 70.0881
278.965 58.1807 71.1273
280.611 58.6383 72.1743
282.254 59.0921 73.2293
283.892 59.542 74.2922
285.526 59.988 75.3629
287.156 60.43 76.4415
288.782 60.8679 77.5279
290.404 61.3015 78.6221
292.022 61.7308 79.7241
293.636 62.1557 80.8339
295.245 62.576 81.9515
296.851 62.9918 83.0768
298.452 63.4028 84.2098
300.048 63.809 85.3505
301.641 64.2103 86.4988
303.229 64.6067 87.6548
304.813 64.9979 88.8184
306.393 65.3839 89.9896
307.968 65.7646 91.1684
309.539 66.14 92.3546
311.106 66.5099 93.5484
312.668 66.8741 94.7497
314.226 67.2328 95.9584
315.779 67.5856 97.1745
317.328 67.9326 98.398
318.872 68.2736 99.6288
320.412 68.6085 100.867
321.947 68.9373 102.112
323.478 69.2598 103.365
325.004 69.576 104.625
326.525 69.8857 105.892
328.042 70.1889 107.166
329.554 70.4854 108.447
331.061 70.7753 109.736
332.564 71.0582 111.031
334.062 71.3343 112.333
335.555 71.6033 113.642
337.044 71.8653 114.958
338.527 72.12 116.281
340.006 72.3674 117.611
341.48 72.6074 118.947
342.949 72.8399 120.29
344.413 73.0648 121.64
345.872 73.282 122.996
347.327 73.4915 124.359
348.776 73.6931 125.729
350.22 73.8867 127.104
351.659 74.0723 128.487
353.094 74.2497 129.875
354.523 74.4188 131.27
355.946 74.5797 132.671
357.365 74.7321 134.078
358.779 74.876 135.491
360.187 75.0112 136.91
361.59 75.1378 138.335
362.988 75.2556 139.766
364.381 75.3644 141.203
365.768 75.4644 142.646
367.15 75.5552 144.094
368.527 75.6369 145.548
369.898 75.7093 147.008
371.264 75.7724 148.473
372.625 75.8261 149.944
373.979 75.8703 151.42
375.329 75.9048 152.901
376.673 75.9297 154.387
378.011 75.9448 155.879
379.344 75.9501 157.375
380.671 75.9454 158.877
381.992 75.9307 160.383
383.308 75.9058 161.895
384.618 75.8708 163.411
385.923 75.8255 164.931
387.221 75.7698 166.457
388.514 75.7037 167.986
389.801 75.627 169.521
391.082 75.5397 171.059
392.358 75.4418 172.602
393.627 75.333 174.149
394.89 75.2134 175.7
396.148 75.0829 177.255
397.399 74.9414 178.813
398.645 74.7887 180.376
399.884 74.6249 181.942
401.118 74.4499 183.512
402.345 74.2636 185.085
403.566 74.0659 186.662
404.781 73.8567 188.242
405.989 73.6359 189.825
407.192 73.4036 191.411
408.388 73.1596 193.001
409.578 72.9038 194.593
410.761 72.6362 196.188
411.939 72.3568 197.785
413.11 72.0654 199.385
414.274 71.7619 200.988
415.432 71.4464 202.593
416.583 71.1187 204.2
417.728 70.7788 205.809
418.867 70.4266 207.42
419.999 70.0621 209.033
421.124 69.6852 210.648
422.243 69.2958 212.264
423.355 68.8939 213.882
424.46 68.4794 215.502
425.559 68.0523 217.122
426.651 67.6125 218.744
427.736 67.1599 220.367
428.815 66.6946 221.991
429.886 66.2164 223.615
430.951 65.7253 225.24
432.009 65.2213 226.866
433.06 64.7043 228.492
434.104 64.1742 230.119
435.141 63.631 231.745
436.171 63.0747 233.372
437.194 62.5052 234.998
438.21 61.9226 236.624
439.219 61.3266 238.25
440.221 60.7174 239.875
441.216 60.0948 241.499
442.203 59.4589 243.123
443.184 58.8095 244.746
444.157 58.1467 246.367
445.123 57.4705 247.988
446.082 56.7808 249.607
447.033 56.0775 251.224
447.977 55.3607 252.84
448.914 54.6303 254.454
449.844 53.8863 256.066
450.766 53.1286 257.676
451.681 52.3574 259.283
452.588 51.5724 260.888
453.488 50.7738 262.491
454.38 49.9615 264.091
455.265 49.1355 265.688
456.143 48.2957 267.282
457.012 47.4422 268.873
457.875 46.575 270.461
458.73 45.694 272.045
459.577 44.7993 273.625
460.416 43.8908 275.202
461.248 42.9686 276.774
462.073 42.0326 278.343
462.889 41.0828 279.907
463.698 40.1193 281.467
464.5 39.142 283.022
465.293 38.151 284.573
466.079 37.1463 286.119
466.857 36.1278 287.659
467.627 35.0957 289.194
468.39 34.0498 290.724
469.145 32.9903 292.249
469.892 31.9171 293.767
470.631 30.8303 295.28
471.362 29.7299 296.787
472.086 28.6159 298.287
472.801 27.4883 299.782
473.509 26.3473 301.269
474.209 25.1927 302.75
474.901 24.0246 304.224
475.585 22.8432 305.691
476.262 21.6483 307.151
476.93 20.4401 308.603
477.591 19.2186 310.048
478.243 17.9838 311.485
478.888 16.7358 312.915
479.524 15.4746 314.336
480.153 14.2003 315.749
480.774 12.9129 317.154
481.387 11.6125 318.55
481.992 10.2992 319.937
482.589 8.97291 321.316
483.178 7.63382 322.686
483.759 6.28195 324.046
484.333 4.91737 325.397
484.898 3.54014 326.739
485.455 2.15034 328.07
486.005 0.748029 329.392
486.546 -0.666711 330.704
487.08 -2.09381 332.006
487.606 -3.53318 333.298
488.124 -4.98476 334.579
488.634 -6.44845 335.849
489.136 -7.92417 337.108
489.63 -9.41184 338.357
490.116 -10.9114 339.594
490.595 -12.4227 340.82
491.065 -13.9456 342.034
491.528 -15.4802 343.237
491.983 -17.0262 344.428
492.431 -18.5837 345.608
492.87 -20.1524 346.775
493.302 -21.7323 347.929
493.726 -23.3232 349.072
494.142 -24.9252 350.202
494.551 -26.5379 351.319
494.951 -28.1615 352.423
495.345 -29.7957 353.514
495.73 -31.4404 354.593
496.108 -33.0955 355.657
496.479 -34.7609 356.709
496.841 -36.4364 357.746
497.197 -38.122 358.77
497.544 -39.8175 359.781
497.885 -41.5228 360.777
498.217 -43.2377 361.759
498.543 -44.9622 362.726
498.861 -46.6961 363.679
499.171 -48.4392 364.618
499.475 -50.1915 365.542
499.771 -51.9528 366.451
500.059 -53.7229 367.345
500.341 -55.5017 368.224
500.615 -57.2891 369.088
500.882 -59.0849 369.936
501.142 -60.8889 370.769
501.395 -62.7011 371.586
501.641 -64.5213 372.388
501.88 -66.3493 373.174
502.112 -68.1849 373.943
502.338 -70.0281 374.697
502.556 -71.8787 375.435
502.767 -73.7364 376.156
502.972 -75.6012 376.861
503.17 -77.4729 377.549
503.361 -79.3513 378.22
503.546 -81.2362 378.875
503.724 -83.1276 379.513
503.895 -85.0251 380.134
504.06 -86.9288 380.739
504.219 -88.8383 381.326
504.371 -90.7536 381.895
504.517 -92.6744 382.448
504.657 -94.6006 382.983
504.791 -96.532 383.5
504.918 -98.4684 384
505.039 -100.41 384.483
505.155 -102.356 384.947
505.264 -104.306 385.394
505.367 -106.261 385.823
505.465 -108.22 386.234
505.557 -110.183 386.627
505.643 -112.15 387.002
505.723 -114.12 387.358
505.798 -116.094 387.697
505.867 -118.071 388.017
505.931 -120.051 388.319
505.99 -122.034 388.602
506.043 -124.02 388.867
506.091 -126.008 389.114
506.133 -127.998 389.342
506.171 -129.991 389.551
506.204 -131.986 389.742
506.231 -133.982 389.914
506.254 -135.98 390.067
506.272 -137.98 390.201
506.285 -139.98 390.317
506.293 -141.982 390.414
506.297 -143.984 390.492
506.296 -145.987 390.552
506.291 -147.991 390.592
506.281 -149.995 390.613
506.268 -151.999 390.616
506.25 -154.003 390.6
506.227 -156.006 390.564
506.201 -158.009 390.51
506.171 -160.012 390.437
506.137 -162.013 390.344
506.099 -164.014 390.233
506.057 -166.013 390.103
506.012 -168.011 389.954
505.963 -170.008 389.786
505.91 -172.002 389.599
505.854 -173.995 389.393
505.795 -175.985 389.168
505.733 -177.973 388.924
505.667 -179.959 388.661
505.598 -181.942 388.38
505.527 -183.922 388.079
505.452 -185.899 387.76
505.375 -187.873 387.422
505.294 -189.843 387.065
505.212 -191.81 386.69
505.126 -193.773 386.296
505.038 -195.732 385.883
504.948 -197.687 385.451
504.856 -199.637 385.001
504.761 -201.584 384.533
504.664 -203.525 384.046
504.565 -205.462 383.541
504.464 -207.394 383.017
504.361 -209.32 382.475
504.257 -211.241 381.915
504.151 -213.157 381.336
504.043 -215.067 380.74
503.934 -216.972 380.125
503.823 -218.87 379.493
503.711 -220.762 378.842
503.597 -222.648 378.174
503.483 -224.527 377.488
503.367 -226.4 376.784
503.251 -228.266 376.062
503.133 -230.125 375.323
503.015 -231.977 374.567
502.896 -233.822 373.793
502.777 -235.659 373.002
502.657 -237.489 372.194
502.536 -239.311 371.369
502.415 -241.126 370.526
502.294 -242.932 369.667
502.172 -244.73 368.791
502.051 -246.52 367.898
501.929 -248.302 366.989
501.808 -250.075 366.063
501.687 -251.84 365.121
501.566 -253.595 364.162
501.445 -255.342 363.187
501.325 -257.08 362.196
501.205 -258.808 361.189
501.086 -260.528 360.167
500.967 -262.237 359.128
500.85 -263.938 358.074
500.733 -265.628 357.004
500.617 -267.309 355.919
500.502 -268.98 354.819
500.388 -270.641 353.703
500.276 -272.291 352.572
500.164 -273.932 351.427
500.054 -275.562 350.266
499.946 -277.182 349.091
499.839 -278.791 347.902
499.733 -280.389 346.698
499.629 -281.977 345.479
499.527 -283.554 344.247
499.427 -285.12 343
499.329 -286.675 341.74
499.233 -288.219 340.466
499.139 -289.751 339.178
499.047 -291.272 337.876
498.957 -292.782 336.562
498.869 -294.28 335.234
498.784 -295.767 333.893
498.702 -297.242 332.539
498.622 -298.706 331.172
498.544 -300.157 329.793
498.47 -301.597 328.401
498.398 -303.025 326.996
498.328 -304.441 325.58
498.262 -305.844 324.151
498.199 -307.236 322.71
498.139 -308.615 321.258

2.00399 0.00589956 0.00266702
4.0079 0.0235498 0.0106975
6.01165 0.0528778 0.0241354
8.01515 0.09381 0.0430241
10.0183 0.146273 0.0674067
12.0211 0.210191 0.0973258
14.0234 0.285491 0.132824
16.0251 0.372098 0.173942
18.0261 0.469934 0.220723
20.0265 0.578926 0.273207
22.026 0.698996 0.331435
24.0247 0.830068 0.395447
26.0225 0.972065 0.465284
28.0192 1.12491 0.540985
30.0149 1.28852 0.622588
32.0093 1.46283 0.710134
34.0026 1.64775 0.80366
35.9946 1.8432 0.903205
37.9852 2.04911 1.00881
39.9743 2.2654 1.1205
41.962 2.49198 1.23833
43.9481 2.72878 1.36232
45.9326 2.97572 1.49252
47.9153 3.23272 1.62896
49.8963 3.4997 1.77168
51.8755 3.77657 1.9207
53.8528 4.06325 2.07608
55.8282 4.35968 2.23783
57.8015 4.66575 2.40601
59.7728 4.9814 2.58063
61.7419 5.30653 2.76173
63.7089 5.64108 2.94936
65.6736 5.98495 3.14353
67.636 6.33806 3.34429
69.5961 6.70034 3.55167
71.5537 7.07169 3.76569
73.5088 7.45204 3.9864
75.4615 7.84131 4.21382
77.4115 8.2394 4.44798
79.359 8.64625 4.68892
81.3037 9.06175 4.93667
83.2457 9.48584 5.19125
85.1849 9.91843 5.45271
87.1213 10.3594 5.72105
89.0548 10.8088 5.99633
90.9853 11.2663 6.27857
92.9129 11.7321 6.56779
94.8374 12.2059 6.86402
96.7588 12.6877 7.1673
98.6771 13.1774 7.47766
100.592 13.675 7.79511
102.504 14.1802 8.1197
104.413 14.6932 8.45144
106.318 15.2137 8.79037
108.22 15.7417 9.13651
110.119 16.2771 9.48988
112.014 16.8198 9.85053
113.905 17.3698 10.2185
115.793 17.9269 10.5937
117.678 18.491 10.9763
119.559 19.0622 11.3663
121.436 19.6402 11.7636
123.31 20.2251 12.1684
125.179 20.8166 12.5807
127.045 21.4148 13.0004
128.908 22.0196 13.4276
130.766 22.6308 13.8623
132.62 23.2484 14.3046
134.471 23.8723 14.7544
136.318 24.5024 15.2118
138.16 25.1386 15.6769
139.999 25.7809 16.1495
141.833 26.4291 16.6299
143.663 27.0832 17.1179
145.489 27.7431 17.6137
147.311 28.4086 18.1171
149.129 29.0798 18.6283
150.943 29.7565 19.1473
152.752 30.4386 19.6741
154.557 31.1261 20.2087
156.357 31.8188 20.7512
158.153 32.5168 21.3015
159.945 33.2198 21.8597
161.732 33.9278 22.4258
163.515 34.6407 22.9998
165.293 35.3585 23.5817
167.067 36.081 24.1716
168.836 36.8082 24.7695
170.601 37.5399 25.3754
172.361 38.2761 25.9893
174.116 39.0168 26.6113
175.866 39.7617 27.2413
177.612 40.5109 27.8794
179.353 41.2642 28.5255
181.089 42.0215 29.1798
182.821 42.7829 29.8422
184.547 43.5481 30.5128
186.269 44.3171 31.1915
187.985 45.0897 31.8784
189.697 45.866 32.5736
191.404 46.6459 33.2769
193.106 47.4292 33.9884
194.803 48.2158 34.7083
196.494 49.0057 35.4363
198.181 49.7987 36.1727
199.863 50.5949 36.9173
201.539 51.394 37.6703
203.21 52.1961 38.4316
204.877 53.001 39.2012
206.537 53.8086 39.9791
208.193 54.6189 40.7655
209.843 55.4317 41.5602
211.489 56.247 42.3633
213.128 57.0647 43.1748
214.763 57.8847 43.9948
216.392 58.7069 44.8232
218.015 59.5312 45.66
219.634 60.3575 46.5053
221.247 61.1858 47.359
222.854 62.0159 48.2213
224.456 62.8478 49.092
226.052 63.6813 49.9712
227.643 64.5164 50.8589
229.228 65.353 51.7552
230.808 66.191 52.66
232.382 67.0303 53.5734
233.95 67.8709 54.4952
235.513 68.7125 55.4257
237.069 69.5552 56.3647
238.621 70.3989 57.3123
240.166 71.2434 58.2685
241.706 72.0886 59.2333
243.24 72.9345 60.2067
244.768 73.7811 61.1887
246.29 74.6281 62.1793
247.807 75.4755 63.1785
249.317 76.3232 64.1864
250.822 77.1711 65.2029
252.32 78.0191 66.228
253.813 78.8672 67.2617
255.3 79.7152 68.3041
256.781 80.5631 69.3552
258.255 81.4107 70.4149
259.724 82.258 71.4833
261.186 83.1048 72.5603
262.643 83.9511 73.646
264.093 84.7968 74.7403
265.537 85.6418 75.8433
266.975 86.4859 76.9549
268.407 87.3292 78.0753
269.832 88.1714 79.2043
271.252 89.0126 80.3419
272.664 89.8526 81.4882
274.071 90.6913 82.6432
275.471 91.5286 83.8068
276.865 92.3645 84.9791
278.253 93.1987 86.16
279.634 94.0314 87.3496
281.009 94.8622 88.5478
282.377 95.6912 89.7546
283.739 96.5183 90.9701
285.094 97.3433 92.1942
286.443 98.1661 93.427
287.786 98.9868 94.6683
289.121 99.805 95.9183
290.45 100.621 97.1768
291.773 101.434 98.4439
293.089 102.245 99.7197
294.398 103.053 101.004
295.7 103.858 102.297
296.996 104.66 103.598
298.285 105.459 104.908
299.567 106.255 106.227
300.843 107.048 107.553
302.111 107.838 108.889
303.373 108.624 110.233
304.628 109.406 111.585
305.876 110.185 112.946
307.117 110.96 114.315
308.351 111.732 115.693
309.578 112.499 117.079
310.798 113.263 118.474
312.011 114.022 119.876
313.218 114.777 121.287
314.416 115.528 122.707
315.608 116.274 124.135
316.793 117.016 125.571
317.971 117.753 127.015
319.141 118.485 128.467
320.304 119.213 129.928
321.46 119.936 131.397
322.609 120.653 132.874
323.75 121.366 134.359
324.885 122.073 135.852
326.011 122.775 137.354
327.131 123.471 138.863
328.243 124.162 140.38
329.348 124.847 141.905
330.445 125.526 143.439
331.534 126.2 144.98
332.617 126.867 146.529
333.691 127.529 148.085
334.759 128.184 149.65
335.818 128.833 151.222
336.87 129.476 152.802
337.915 130.112 154.39
338.951 130.741 155.985
339.98 131.364 157.588
341.002 131.98 159.198
342.015 132.589 160.816
343.021 133.191 162.442
344.019 133.786 164.075
345.01 134.374 165.715
345.992 134.954 167.362
346.967 135.527 169.017
347.933 136.092 170.679
348.892 136.65 172.348
349.843 137.2 174.024
350.786 137.742 175.707
351.721 138.276 177.397
352.647 138.802 179.095
353.566 139.319 180.799
354.477 139.829 182.509
355.38 140.33 184.227
356.274 140.822 185.951
357.161 141.306 187.682
358.039 141.782 189.42
358.909 142.248 191.164
359.771 142.706 192.914
360.624 143.154 194.671
361.47 143.593 196.434
362.307 144.023 198.203
363.135 144.444 199.979
363.956 144.855 201.761
364.768 145.257 203.548
365.571 145.649 205.342
366.366 146.031 207.141
367.153 146.403 208.946
367.931 146.766 210.757
368.701 147.118 212.573
369.462 147.46 214.395
370.215 147.792 216.223
370.959 148.113 218.055
371.694 148.424 219.894
372.421 148.725 221.737
373.14 149.014 223.585
373.849 149.293 225.438
374.55 149.561 227.296
375.243 149.818 229.159
375.926 150.064 231.027
376.601 150.298 232.9
377.267 150.522 234.776
377.924 150.734 236.658
378.573 150.934 238.543
379.212 151.123 240.433
379.843 151.3 242.327
380.465 151.465 244.225
381.078 151.618 246.126
381.683 151.76 248.032
382.278 151.889 249.941
382.864 152.006 251.854
383.442 152.111 253.77
384.01 152.204 255.689
384.569 152.284 257.612
385.12 152.351 259.538
385.661 152.406 261.467
386.194 152.448 263.398
386.717 152.477 265.332
387.231 152.493 267.269
387.736 152.497 269.208
388.233 152.487 271.15
388.72 152.464 273.094
389.198 152.427 275.04
389.666 152.378 276.987
390.126 152.315 278.937
390.577 152.238 280.888
391.018 152.148 282.841
391.45 152.044 284.795
391.873 151.927 286.75
392.287 151.795 288.707
392.692 151.65 290.664
393.087 151.49 292.622
393.473 151.317 294.581
393.85 151.129 296.54
394.218 150.927 298.5
394.577 150.711 300.46
394.926 150.481 302.419
395.266 150.236 304.379
395.597 149.976 306.338
395.919 149.702 308.297
396.231 149.414 310.256
396.535 149.11 312.213
396.829 148.792 314.17
397.113 148.459 316.125
397.389 148.112 318.08
397.655 147.749 320.033
397.912 147.371 321.984
398.16 146.978 323.933
398.399 146.57 325.881
398.628 146.147 327.826
398.849 145.709 329.769
399.06 145.256 331.71
399.262 144.787 333.648
399.455 144.303 335.583
399.638 143.804 337.515
399.813 143.289 339.444
399.978 142.758 341.369
400.135 142.212 343.291
400.282 141.651 345.209
400.42 141.074 347.123
400.549 140.482 349.033
400.669 139.873 350.939
400.78 139.25 352.84
400.882 138.61 354.737
400.975 137.955 356.628
401.059 137.284 358.515
401.134 136.597 360.396
401.2 135.895 362.272
401.257 135.177 364.142
401.306 134.443 366.006
401.346 133.693 367.864
401.376 132.928 369.716
401.398 132.146 371.561
401.412 131.349 373.399
401.416 130.536 375.231
401.412 129.707 377.056
401.4 128.863 378.873
401.378 128.003 380.683
401.349 127.126 382.485
401.31 126.235 384.279
401.263 125.327 386.065
401.208 124.404 387.843
401.144 123.465 389.612
401.072 122.51 391.373
400.992 121.539 393.124
400.903 120.553 394.866
400.807 119.552 396.599
400.702 118.534 398.323
400.589 117.501 400.037
400.468 116.453 401.74
400.338 115.389 403.434
400.201 114.31 405.117
400.056 113.216 406.789
399.904 112.106 408.451
399.743 110.981 410.101
399.575 109.84 411.74
399.399 108.685 413.368
399.215 107.514 414.984
399.024 106.328 416.589
398.825 105.128 418.181
398.619 103.912 419.761
398.406 102.682 421.328
398.185 101.437 422.883
397.958 100.177 424.425
397.723 98.9027 425.953
397.481 97.6139 427.469
397.232 96.3106 428.971
396.976 94.993 430.459
396.713 93.6611 431.933
396.444 92.3151 433.393
396.168 90.9551 434.839
395.885 89.5811 436.27
395.596 88.1933 437.686
395.3 86.7917 439.088
394.999 85.3766 440.474
394.69 83.9479 441.845
394.376 82.5058 443.201
394.056 81.0504 444.541
393.729 79.5819 445.865
393.397 78.1003 447.173
393.059 76.6058 448.464
392.715 75.0986 449.739
392.366 73.5787 450.998
392.011 72.0463 452.24
391.65 70.5016 453.464
391.285 68.9446 454.672
390.914 67.3755 455.862
390.538 65.7945 457.034
390.157 64.2017 458.189
389.771 62.5972 459.326
389.38 60.9813 460.445
388.984 59.354 461.546
388.584 57.7156 462.628
388.18 56.0662 463.692
387.771 54.4059 464.737
387.357 52.735 465.764
386.94 51.0535 466.771
386.518 49.3618 467.759
386.093 47.6598 468.728
385.664 45.9479 469.677
385.231 44.2262 470.606
384.794 42.4949 471.516
384.354 40.7541 472.406
383.91 39.0041 473.276
383.464 37.2451 474.126
383.014 35.4772 474.956
382.561 33.7006 475.765
382.105 31.9155 476.553
381.647 30.1221 477.321
381.185 28.3207 478.068
380.722 26.5114 478.794
380.255 24.6944 479.499
379.787 22.8699 480.183
379.316 21.0382 480.846
378.843 19.1994 481.487
378.369 17.3537 482.107
377.892 15.5015 482.706
377.414 13.6428 483.283
376.935 11.7779 483.838
376.454 9.90697 484.371
375.971 8.03032 484.882
375.488 6.14811 485.372
375.003 4.26057 485.839
374.518 2.36793 486.285
374.032 0.470401 486.708
373.545 -1.43178 487.109
373.058 -3.3384 487.487
372.57 -5.24922 487.843
372.082 -7.16402 488.177
371.594 -9.08257 488.488
371.106 -11.0046 488.777
370.618 -12.93 489.043
370.13 -14.8584 489.287
369.643 -16.7896 489.508
369.156 -18.7234 489.706
368.67 -20.6596 489.882
368.184 -22.5979 490.035
367.7 -24.5381 490.165
367.216 -26.48 490.273
366.734 -28.4232 490.358
366.253 -30.3676 490.42
365.774 -32.313 490.459
365.296 -34.2591 490.475
364.819 -36.2057 490.469
364.345 -38.1525 490.44
363.872 -40.0993 490.388
363.402 -42.0459 490.314
362.934 -43.992 490.217
362.468 -45.9373 490.097
362.004 -47.8818 489.954
361.543 -49.8251 489.789
361.085 -51.7669 489.601
360.63 -53.7071 489.391
360.177 -55.6455 489.158
359.728 -57.5817 488.903
359.282 -59.5155 488.625
358.839 -61.4468 488.325
358.4 -63.3753 488.003
357.964 -65.3007 487.658
357.532 -67.2229 487.291
357.103 -69.1416 486.902
356.679 -71.0565 486.492
356.259 -72.9675 486.059
355.842 -74.8744 485.604
355.43 -76.7768 485.127
355.023 -78.6746 484.629
354.62 -80.5675 484.109
354.221 -82.4554 483.568
353.828 -84.338 483.005
353.439 -86.2151 482.421
353.055 -88.0865 481.815
352.676 -89.952 481.189
352.302 -91.8113 480.541
351.934 -93.6643 479.873
351.571 -95.5107 479.184
351.214 -97.3503 478.474
350.862 -99.1829 477.743
350.515 -101.008 476.992
350.175 -102.826 476.221
349.84 -104.637 475.43
349.512 -106.44 474.619
349.189 -108.234 473.787
348.873 -110.021 472.936
348.563 -111.799 472.066
348.26 -113.569 471.176
347.963 -115.33 470.266
347.672 -117.082 469.338
347.388 -118.825 468.39
347.111 -120.558 467.424
346.841 -122.282 466.439
346.577 -123.997 465.435
346.321 -125.702 464.414
346.072 -127.396 463.373
345.83 -129.081 462.315
345.595 -130.755 461.239
345.368 -132.419 460.145
345.148 -134.072 459.034
344.935 -135.714 457.906
344.73 -137.345 456.76
344.533 -138.966 455.597
344.343 -140.575 454.417
344.161 -142.172 453.221
343.987 -143.758 452.009
343.821 -145.332 450.78
343.663 -146.895 449.535
343.513 -148.445 448.274
343.371 -149.984 446.997
343.238 -151.51 445.705
343.112 -153.023 444.398
342.995 -154.524 443.076


