8
-0.558599 0.348556 1.36934 0.86047 -1.79163 -0.891054 0.0125314 2.03338 -0.17297 -2.37697 0.637001 1.11105 0.755875 2.67894 
-0.900864 0.17491 1.25994 1.08587 -0.740532 -0.938079 -0.265359 1.51184 -0.0229072 -1.43826 0.470719 1.20536 0.577179 2.5622 
-0.571404 -0.588112 1.12648 0.0855149 0.952759 0.562161 -0.85774 1.82583 -0.356097 -1.01035 0.493343 0.365869 1.21269 2.93137 
-0.844851 -0.150292 1.46389 0.381385 0.847236 0.466163 -1.62752 1.27505 -0.275563 -1.06049 -0.01913 0.0835181 1.75661 2.60951 
-1.49213 -0.651244 0.827173 0.0678027 0.459765 1.58011 -0.556471 1.48361 -0.849587 -1.50709 0.164688 -0.684207 1.72985 2.01236 
-0.396275 -0.542087 -0.0988095 0.243707 -0.17585 0.749196 -0.294913 1.32918 -0.173627 -0.535437 0.646278 1.37317 -0.434548 0.958263 
-0.589594 -0.435928 0.542865 0.0744552 -1.16287 1.02062 0.4378 -0.495561 0.209706 0.505854 0.0841607 -0.018391 -1.29447 -1.06479 
-0.75208 -0.516412 1.44401 0.153248 -2.42205 0.894008 0.839671 -0.651555 0.048708 0.861312 0.195468 -1.31699 -1.4314 -1.56054 

