0 3.2 0 0 0 0 
-0.118057 3.0674 0.183765 -0.20903 0.0318983 -0.00838787 
-0.545827 2.86672 0.849624 -0.893649 0.136373 -0.03586 
-0.333424 2.90316 0.519001 -0.555774 0.0848122 -0.0223019 
-2.06045 0.798261 -1.53123 0.112698 0.97849 -0.432263 
-0.859837 -1.64862 1.08044 0.752536 0.279531 -0.477154 
-0.859837 -1.64862 1.08044 0.752536 0.279531 -0.477154 
-0.889755 -1.39625 0.637442 0.940558 0.462116 -0.667763 
-0.62169 -1.3687 0.674375 0.781762 0.570416 -0.726072 
-0.832705 -1.88032 1.48657 0.592578 0.125516 -0.31583 
-0.844559 -1.76397 1.28568 0.667197 0.198655 -0.391905 
0.210309 -2.99758 0.075031 -3.05599 -1.17869 2.33182 
0.174468 -3.07606 0.0622442 -3.17498 -0.973413 2.31644 
0.140206 -3.18238 0.0500207 -3.35157 -0.785794 2.34309 
0 -4 0 -5 0 3 
