117
0 -0.5 0.440898 0 -1.57 0 0 -0.000695474 -0.00798116 0 -1.56222 0 
-0.0254455 -0.498419 0.433245 0.00787285 -1.52433 -0.0199029 0.149327 -0.102643 0.0818129 0.0424114 -1.50361 -0.143113 
-0.050891 -0.496838 0.425592 0.0157457 -1.47867 -0.0398058 0.328155 -0.166413 0.124472 0.10501 -1.45285 -0.316867 
-0.0353692 -0.50841 0.431132 0.0330414 -1.4737 -0.02844 0.274875 -0.209114 0.120963 0.123093 -1.36393 -0.205644 
-0.0198474 -0.519981 0.436673 0.0503372 -1.46874 -0.0170742 0.209797 -0.243351 0.107333 0.133611 -1.26938 -0.0840104 
-0.0043256 -0.531553 0.442213 0.0676329 -1.46378 -0.00570846 0.132205 -0.267528 0.0831165 0.134175 -1.17092 0.0511554 
0.0111962 -0.543124 0.447754 0.0849286 -1.45881 0.00565732 0.0423058 -0.280118 0.0478556 0.121517 -1.071 0.203207 
0.026718 -0.554696 0.453294 0.102224 -1.45384 0.0170231 -0.0583052 -0.279793 0.00105068 0.0916943 -0.972942 0.375241 
0.0422398 -0.566268 0.458834 0.11952 -1.44888 0.0283889 -0.16638 -0.265543 -0.057927 0.0408208 -0.88082 0.569271 
0.0577616 -0.577839 0.464375 0.136816 -1.44392 0.0397547 -0.277265 -0.236751 -0.129975 -0.0336209 -0.798795 0.785189 
0.0732834 -0.589411 0.469915 0.154112 -1.43895 0.0511204 -0.385746 -0.193105 -0.216498 -0.131394 -0.729973 1.02001 
0.0888052 -0.600982 0.475456 0.171407 -1.43398 0.0624862 -0.487156 -0.13428 -0.319848 -0.249239 -0.675194 1.26841 
0.104327 -0.612554 0.480996 0.188703 -1.42902 0.073852 -0.578224 -0.0592271 -0.444275 -0.382805 -0.632414 1.52521 
-0.0191922 -0.551084 0.50252 0.135961 -1.55673 0.22554 -0.568638 0.00570313 -0.62389 -0.496332 -0.48709 1.60566 
-0.142711 -0.489614 0.524045 0.083219 -1.68444 0.377228 -0.578049 0.0470048 -0.708743 -0.571972 -0.419094 1.67781 
-0.266231 -0.428144 0.54557 0.030477 -1.81215 0.528916 -0.601626 0.028912 -0.635059 -0.516108 -0.447472 1.63808 
-0.38975 -0.366674 0.567094 -0.022265 -1.93986 0.680604 -0.626516 -0.027646 -0.438618 -0.378229 -0.563731 1.52622 
-0.197986 -0.613698 0.693767 -0.0579895 -1.68693 0.514882 -0.698054 -0.0616071 -0.359888 -0.411541 -0.606782 1.55271 
0.17227 -0.781488 0.738868 -0.0231217 -1.43138 0.189767 -0.769596 -0.0955571 -0.281175 -0.444871 -0.649826 1.57923 
0.706552 -0.81991 0.720771 0.122038 -1.31275 -0.319141 -0.841139 -0.129507 -0.202463 -0.478201 -0.692869 1.60574 
1.13897 -0.750536 0.664495 0.278902 -1.37366 -0.708487 -0.912682 -0.163457 -0.12375 -0.51153 -0.735913 1.63225 
1.37691 -0.648633 0.59377 0.387405 -1.47376 -0.864221 -0.984225 -0.197407 -0.0450381 -0.54486 -0.778956 1.65876 
1.49823 -0.557072 0.526682 0.470968 -1.54849 -0.885393 -1.05577 -0.231357 0.0336743 -0.57819 -0.821999 1.68528 
1.55854 -0.489734 0.475338 0.542715 -1.59199 -0.838281 -1.12731 -0.265307 0.112387 -0.61152 -0.865043 1.71179 
1.58332 -0.449657 0.446706 0.606016 -1.60883 -0.752319 -1.19885 -0.299257 0.191099 -0.64485 -0.908086 1.7383 
1.58348 -0.435935 0.443383 0.660881 -1.60287 -0.64068 -1.2704 -0.333207 0.269811 -0.678179 -0.951129 1.76482 
1.5628 -0.445778 0.464317 0.705899 -1.57576 -0.509545 -1.34194 -0.367157 0.348524 -0.711509 -0.994173 1.79133 
1.52111 -0.475157 0.505689 0.73867 -1.52734 -0.36141 -1.41348 -0.401106 0.427236 -0.744839 -1.03722 1.81784 
1.45553 -0.518974 0.561911 0.755653 -1.45663 -0.195717 -1.48502 -0.435056 0.505949 -0.778169 -1.08026 1.84435 
1.36152 -0.570915 0.626564 0.751407 -1.36327 -0.00819095 -1.55657 -0.469006 0.584661 -0.811499 -1.1233 1.87087 
1.23467 -0.623061 0.693097 0.717116 -1.25039 0.210118 -1.62811 -0.502956 0.663373 -0.844829 -1.16635 1.89738 
1.07451 -0.665728 0.755352 0.63971 -1.12962 0.472026 -1.69965 -0.536906 0.742086 -0.878159 -1.20939 1.92389 
0.889905 -0.688592 0.808012 0.507491 -1.02595 0.786176 -1.77119 -0.570856 0.820798 -0.911488 -1.25243 1.9504 
0.700701 -0.683864 0.847087 0.329324 -0.97136 1.13723 -1.84274 -0.604806 0.899511 -0.944818 -1.29548 1.97692 
0.529803 -0.649891 0.870383 0.146589 -0.980932 1.47737 -1.91428 -0.638756 0.978223 -0.978148 -1.33852 2.00343 
0.535752 -0.62377 0.83528 0.154185 -0.897697 1.47703 -1.99545 -0.379326 0.873399 -1.02031 -1.56913 1.83415 
0.541729 -0.597634 0.800161 0.161807 -0.814462 1.47666 -2.04254 -0.159211 0.737062 -1.0831 -1.72062 1.6927 
0.547706 -0.571498 0.765043 0.169429 -0.731227 1.47628 -2.07546 0.0217858 0.584432 -1.15193 -1.82092 1.57892 
0.553683 -0.545362 0.729924 0.177051 -0.647991 1.47591 -2.10199 0.170153 0.425469 -1.22041 -1.88826 1.48706 
0.55966 -0.519226 0.694806 0.184673 -0.564756 1.47553 -2.12563 0.291692 0.267086 -1.28709 -1.93394 1.41099 
0.565637 -0.49309 0.659687 0.192295 -0.481521 1.47516 -2.14807 0.390012 0.114903 -1.35276 -1.96471 1.34533 
0.571614 -0.466954 0.624569 0.199917 -0.398286 1.47478 -2.17001 0.466572 -0.0256211 -1.41913 -1.98449 1.28549 
0.577591 -0.440818 0.589451 0.207539 -0.315051 1.4744 -2.1916 0.52101 -0.148553 -1.48824 -1.99541 1.22748 
0.583568 -0.414682 0.554332 0.215161 -0.231816 1.47403 -2.21255 0.551585 -0.247406 -1.56208 -1.99816 1.16787 
0.589544 -0.388545 0.519214 0.222782 -0.14858 1.47365 -2.23222 0.555905 -0.315917 -1.64214 -1.99221 1.10428 
0.595521 -0.362409 0.484095 0.230404 -0.0653453 1.47328 -2.24955 0.532111 -0.349868 -1.72878 -1.97602 1.03645 
0.601498 -0.336273 0.448977 0.238026 0.0178899 1.4729 -2.26298 0.480215 -0.349264 -1.82081 -1.94781 0.967448 
0.607475 -0.310137 0.413859 0.245648 0.101125 1.47252 -2.27031 0.402757 -0.319247 -1.916 -1.90662 0.903699 
0.613452 -0.284001 0.37874 0.25327 0.18436 1.47215 -2.2683 0.304404 -0.268888 -2.01251 -1.85316 0.853688 
0.619429 -0.257865 0.343622 0.260892 0.267595 1.47177 -2.25216 0.191149 -0.208975 -2.11074 -1.7897 0.826375 
0.625406 -0.231729 0.308503 0.268514 0.350831 1.4714 -2.21442 0.0700191 -0.150324 -2.21467 -1.71931 0.830783 
0.631383 -0.205593 0.273385 0.276136 0.434066 1.47102 -2.14328 -0.0503537 -0.103037 -2.33308 -1.64512 0.877195 
0.63736 -0.179457 0.238266 0.283758 0.517301 1.47065 -2.02031 -0.158374 -0.0762922 -2.48111 -1.57135 0.979626 
0.643337 -0.153321 0.203148 0.29138 0.600536 1.47027 -1.82123 -0.237625 -0.0782782 -2.67997 -1.50992 1.15644 
0.552075 -0.204796 0.251197 0.434149 0.668865 1.29621 -1.83245 -0.279035 0.0414431 -2.64313 -1.46665 1.09669 
0.460812 -0.256271 0.299246 0.576918 0.737194 1.12216 -1.80328 -0.266112 0.0656518 -2.62558 -1.42893 1.06687 
0.36955 -0.307746 0.347295 0.719687 0.805523 0.948104 -1.743 -0.205006 -0.0208302 -2.63448 -1.41667 1.07528 
0.338822 -0.298428 0.348112 0.708319 0.811691 0.897415 -1.87268 -0.222808 0.1472 -2.50298 -1.3934 0.936447 
0.308094 -0.289111 0.348928 0.696951 0.817859 0.846727 -1.9832 -0.225773 0.310567 -2.39477 -1.38214 0.807681 
0.277365 -0.279794 0.349745 0.685583 0.824026 0.796038 -2.08138 -0.213774 0.470054 -2.30759 -1.37737 0.685724 
0.246637 -0.270476 0.350562 0.674215 0.830194 0.74535 -2.17376 -0.18418 0.624976 -2.24011 -1.37474 0.566113 
0.221225 -0.250178 0.346789 0.657948 0.83186 0.695312 -2.29321 -0.24175 0.752414 -2.22026 -1.40255 0.384878 
0.195814 -0.22988 0.343017 0.641681 0.833526 0.645275 -2.42802 -0.280537 0.867614 -2.21739 -1.44168 0.195461 
0.137406 -0.193369 0.264999 0.562512 0.917662 0.563883 -2.30516 -0.241703 0.601407 -2.37108 -1.52203 0.45394 
0.0789971 -0.156859 0.18698 0.483344 1.0018 0.482491 -2.17346 -0.152104 0.371076 -2.50219 -1.61039 0.64258 
0.0205886 -0.120348 0.108962 0.404175 1.08594 0.401099 -2.04627 -0.053575 0.200855 -2.60746 -1.69754 0.775669 
-0.0378198 -0.0838378 0.0309438 0.325006 1.17007 0.319706 -1.92914 0.03104 0.108571 -2.68571 -1.76511 0.862329 
-0.0962283 -0.0473273 -0.0470745 0.245838 1.25421 0.238314 -1.82098 0.0913294 0.100641 -2.73733 -1.79703 0.913402 
-0.154637 -0.0108168 -0.125093 0.166669 1.33834 0.156922 -1.71626 0.129772 0.166147 -2.76139 -1.78618 0.939967 
-0.213045 0.0256938 -0.203111 0.0875002 1.42248 0.0755299 -1.60681 0.15916 0.279869 -2.75485 -1.73341 0.949736 
-0.271454 0.0622043 -0.281129 0.00833146 1.50662 -0.00586223 -1.48318 0.197386 0.41056 -2.71297 -1.64346 0.944302 
-0.329862 0.0987148 -0.359148 -0.0708372 1.59075 -0.0872544 -1.33678 0.262538 0.526034 -2.62953 -1.52485 0.918705 
-0.388271 0.135225 -0.437166 -0.150006 1.67489 -0.168647 -1.16425 0.365968 0.59578 -2.49941 -1.39537 0.86552 
-0.446679 0.171736 -0.515184 -0.229175 1.75903 -0.250039 -0.973561 0.502598 0.597065 -2.32882 -1.28385 0.788171 
-0.505088 0.208246 -0.593203 -0.308343 1.84316 -0.331431 -0.78515 0.650739 0.524027 -2.14739 -1.21129 0.713986 
-0.563496 0.244757 -0.671221 -0.387512 1.9273 -0.412823 -0.621535 0.78865 0.38907 -1.99508 -1.16946 0.677393 
-0.754718 0.221151 -0.562298 -0.248229 1.82704 -0.582646 -0.611444 0.818274 0.337214 -1.97705 -1.12217 0.690564 
-0.94594 0.197545 -0.453374 -0.108946 1.72678 -0.752469 -0.590323 0.756835 0.385876 -1.95361 -1.0732 0.746559 
-0.9776 0.201747 -0.464914 -0.0800605 1.73066 -0.799781 -0.601446 0.707013 0.442355 -1.938 -1.08394 0.720883 
-1.00926 0.205948 -0.476454 -0.051175 1.73455 -0.847093 -0.61239 0.65596 0.496963 -1.92449 -1.0971 0.699275 
-1.04092 0.21015 -0.487995 -0.0222895 1.73843 -0.894405 -0.623081 0.60353 0.549774 -1.91278 -1.1125 0.681809 
-1.07258 0.214352 -0.499535 0.006596 1.74232 -0.941716 -0.633434 0.549586 0.60084 -1.9025 -1.13 0.668538 
-1.10424 0.218554 -0.511075 0.0354815 1.74621 -0.989028 -0.643353 0.493994 0.650201 -1.89325 -1.14943 0.659509 
-1.1359 0.222755 -0.522615 0.064367 1.75009 -1.03634 -0.652727 0.436627 0.697881 -1.88457 -1.17063 0.654765 
-1.16756 0.226957 -0.534155 0.0932525 1.75398 -1.08365 -0.661431 0.377355 0.743899 -1.87597 -1.1934 0.654359 
-1.19922 0.231159 -0.545695 0.122138 1.75786 -1.13096 -0.669315 0.31605 0.788263 -1.8669 -1.21751 0.658364 
-1.23088 0.235361 -0.557236 0.151024 1.76174 -1.17828 -0.676205 0.25258 0.830975 -1.85682 -1.24265 0.666879 
-1.26254 0.239562 -0.568776 0.179909 1.76563 -1.22559 -0.681894 0.186812 0.872029 -1.84514 -1.26844 0.680036 
-1.2942 0.243764 -0.580316 0.208794 1.76951 -1.2729 -0.68613 0.118609 0.911406 -1.83124 -1.29437 0.698009 
-1.32586 0.247966 -0.591856 0.23768 1.7734 -1.32021 -0.688607 0.0478374 0.949075 -1.81451 -1.31977 0.721006 
-1.35752 0.252167 -0.603396 0.266566 1.77729 -1.36752 -0.688941 -0.0256296 0.984985 -1.79434 -1.34378 0.749263 
-1.38918 0.256369 -0.614937 0.295451 1.78117 -1.41484 -0.686651 -0.101897 1.01906 -1.77017 -1.36531 0.783014 
-1.42084 0.260571 -0.626477 0.324336 1.78505 -1.46215 -0.68112 -0.18103 1.05118 -1.74148 -1.38292 0.822447 
-1.4525 0.264773 -0.638017 0.353222 1.78894 -1.50946 -0.671546 -0.263012 1.08119 -1.7079 -1.39482 0.86762 
-1.48416 0.268974 -0.649557 0.382107 1.79282 -1.55677 -0.656876 -0.347702 1.10887 -1.66924 -1.39875 0.918339 
-1.51582 0.273176 -0.661097 0.410993 1.79671 -1.60408 -0.635702 -0.434745 1.13393 -1.62559 -1.39194 0.97398 
-1.54748 0.277378 -0.672637 0.439878 1.80059 -1.65139 -0.606127 -0.523469 1.156 -1.57739 -1.371 1.03326 
-1.57914 0.28158 -0.684178 0.468764 1.80448 -1.69871 -0.565575 -0.612733 1.17461 -1.52541 -1.33197 1.09393 
-1.6108 0.285781 -0.695718 0.497649 1.80837 -1.74602 -0.510564 -0.700736 1.1892 -1.47051 -1.27026 1.15242 
-1.64246 0.289983 -0.707258 0.526535 1.81225 -1.79333 -0.43649 -0.784795 1.19916 -1.41296 -1.1809 1.20323 
-1.64139 0.269751 -0.707001 0.555147 1.81951 -1.7838 -0.536202 -0.84671 1.08889 -1.54042 -1.237 1.4497 
-1.64033 0.249518 -0.706745 0.58376 1.82676 -1.77428 -0.647731 -0.848355 0.95709 -1.62981 -1.33377 1.63899 
-1.63926 0.229286 -0.706488 0.612372 1.83402 -1.76475 -0.761292 -0.809248 0.809519 -1.68691 -1.44735 1.78669 
-1.63809 0.207111 -0.706207 0.643733 1.84197 -1.7543 -0.881473 -0.728967 0.633662 -1.71816 -1.57835 1.91007 
-1.63692 0.184935 -0.705925 0.675093 1.84993 -1.74386 -0.978966 -0.626648 0.442267 -1.73231 -1.69176 2.02239 
-1.63575 0.16276 -0.705644 0.706454 1.85788 -1.73341 -1.05208 -0.506399 0.232059 -1.73486 -1.78559 2.13503 
-1.61707 0.13889 -0.488784 0.724348 1.70208 -1.86305 -1.00992 -0.485589 0.17599 -1.7743 -1.78047 2.21742 
-1.59431 0.151931 -0.344993 0.757749 1.57523 -1.9704 -0.967762 -0.46478 0.119926 -1.81373 -1.77537 2.2998 
-1.56957 0.183377 -0.242816 0.80028 1.46769 -2.06661 -0.925608 -0.44397 0.0638615 -1.85317 -1.77026 2.38218 
-1.54415 0.224171 -0.168324 0.848958 1.37559 -2.15553 -0.883454 -0.423161 0.00779727 -1.8926 -1.76516 2.46456 
-1.51893 0.268415 -0.113103 0.901629 1.29662 -2.23855 -0.8413 -0.402352 -0.0482669 -1.93203 -1.76005 2.54694 
-1.4946 0.311826 -0.0712388 0.956409 1.22889 -2.31599 -0.799145 -0.381543 -0.104331 -1.97146 -1.75495 2.62932 
-1.47167 0.351188 -0.0382798 1.01155 1.17065 -2.3877 -0.756991 -0.360734 -0.160395 -2.01089 -1.74984 2.7117 
-1.45057 0.384114 -0.010844 1.06541 1.12025 -2.45327 -0.714837 -0.339925 -0.216459 -2.05032 -1.74474 2.79408 
-1.43164 0.408891 0.0135498 1.11648 1.07612 -2.51218 -0.672683 -0.319115 -0.272524 -2.08976 -1.73963 2.87646 
-1.41517 0.424382 0.036562 1.16328 1.03686 -2.56382 -0.630529 -0.298306 -0.328588 -2.12919 -1.73453 2.95884 
-1.4014 0.429939 0.0590854 1.20439 1.00123 -2.60743 -0.588375 -0.277497 -0.384652 -2.16862 -1.72942 3.04122 

