3.363 -4.13724 3.6299 -5.75846 -29.5314 14.9139 
3.14889 -3.82799 3.51435 -5.63529 -28.4619 14.4042 
2.93478 -3.51875 3.39881 -5.51212 -27.3924 13.8944 
2.73985 -3.23576 3.29727 -5.42 -26.5321 13.4869 
2.54493 -2.95278 3.19574 -5.32788 -25.6719 13.0794 
2.36627 -2.6916 3.10721 -5.26668 -25.0026 12.7661 
2.18761 -2.43043 3.01868 -5.20549 -24.3334 12.4528 
2.02228 -2.18661 2.94216 -5.17551 -23.8405 12.2274 
1.85696 -1.94279 2.86563 -5.14552 -23.3475 12.002 
1.70205 -1.71188 2.80011 -5.14748 -23.0195 11.8598 
1.54714 -1.48097 2.73459 -5.14944 -22.6915 11.7176 
1.39972 -1.25852 2.67906 -5.18464 -22.5204 11.6556 
1.2523 -1.03606 2.62354 -5.21984 -22.3492 11.5935 
1.10836 -0.816934 2.57416 -5.27813 -22.2798 11.5841 
0.964413 -0.597806 2.52478 -5.33642 -22.2104 11.5746 
0.821997 -0.379039 2.48088 -5.41938 -22.2409 11.6174 
0.679581 -0.160271 2.43697 -5.50234 -22.2713 11.6602 
0.537181 0.0614188 2.4005 -5.62466 -22.4514 11.7822 
0.394781 0.283109 2.36404 -5.74698 -22.6314 11.9041 
0.24936 0.511363 2.33148 -5.8991 -22.9123 12.0806 
0.103938 0.739618 2.29893 -6.05123 -23.1932 12.2572 
-0.046244 0.976102 2.26722 -6.22231 -23.5263 12.4632 
-0.196426 1.21259 2.23551 -6.39339 -23.8594 12.6692 
-0.352879 1.46058 2.2066 -6.59937 -24.2983 12.9336 
-0.509332 1.70858 2.17769 -6.80536 -24.7371 13.1981 
-0.674006 1.97105 2.15092 -7.0499 -25.2861 13.5243 
-0.838679 2.23352 2.12414 -7.29444 -25.835 13.8505 
-1.01234 2.51066 2.09676 -7.56601 -26.4455 14.2131 
-1.186 2.78779 2.06938 -7.83758 -27.0559 14.5756 
-1.24533 2.74849 2.04006 -7.81327 -26.2119 14.0883 
-1.30288 2.70934 2.01085 -7.78336 -25.3852 13.6119 
-1.36146 2.67587 1.98587 -7.78018 -24.6779 13.2009 
-1.41855 2.64251 1.96097 -7.77222 -23.9836 12.7983 
-1.47415 2.60928 1.93616 -7.7596 -23.3025 12.404 
-1.53153 2.58167 1.91553 -7.77553 -22.731 12.0692 
-1.58772 2.55415 1.89498 -7.78759 -22.169 11.7405 
-1.64271 2.52673 1.87449 -7.79584 -21.6163 11.4178 
-1.70023 2.50487 1.85814 -7.83452 -21.1652 11.1497 
-1.75685 2.48308 1.84183 -7.87021 -20.7203 10.8856 
-1.81258 2.46136 1.82559 -7.90295 -20.2817 10.6257 
-1.87157 2.44515 1.81343 -7.96814 -19.9379 10.416 
-1.92997 2.42898 1.8013 -8.03125 -19.5977 10.2088 
-1.98777 2.41286 1.78921 -8.09229 -19.2613 10.004 
-2.04959 2.40219 1.78116 -8.18803 -19.0138 9.84591 
-2.1111 2.39154 1.77313 -8.28268 -18.7681 9.68893 
-2.17722 2.38629 1.7691 -8.41407 -18.6076 9.57614 
-2.23829 2.37568 1.76109 -8.50703 -18.3642 9.42077 
-2.30426 2.37044 1.75707 -8.63783 -18.2045 9.30849 
-2.37559 2.37054 1.75701 -8.80827 -18.1264 9.23778 
-2.44171 2.36529 1.75298 -8.93967 -17.966 9.12499 
-2.37559 2.37054 1.75701 -8.80827 -18.1264 9.23778 
-2.30426 2.37044 1.75707 -8.63783 -18.2045 9.30849 
-2.37559 2.37054 1.75701 -8.80827 -18.1264 9.23778 
-2.44171 2.36529 1.75298 -8.93967 -17.966 9.12499 
-2.51348 2.36535 1.75289 -9.11198 -17.8859 9.05284 
-2.59134 2.37069 1.75671 -9.32725 -17.8844 9.02008 
-2.66386 2.3707 1.75657 -9.50281 -17.8012 8.94566 
-2.59134 2.37069 1.75671 -9.32725 -17.8844 9.02008 
-2.51348 2.36535 1.75289 -9.11198 -17.8859 9.05284 
-2.59134 2.37069 1.75671 -9.32725 -17.8844 9.02008 
-2.66386 2.3707 1.75657 -9.50281 -17.8012 8.94566 
-2.59134 2.37069 1.75671 -9.32725 -17.8844 9.02008 
-2.51348 2.36535 1.75289 -9.11198 -17.8859 9.05284 
-2.44171 2.36529 1.75298 -8.93967 -17.966 9.12499 
-2.37559 2.37054 1.75701 -8.80827 -18.1264 9.23778 
-2.30426 2.37044 1.75707 -8.63783 -18.2045 9.30849 
-2.37559 2.37054 1.75701 -8.80827 -18.1264 9.23778 
-2.44171 2.36529 1.75298 -8.93967 -17.966 9.12499 
-2.51348 2.36535 1.75289 -9.11198 -17.8859 9.05284 
-2.59134 2.37069 1.75671 -9.32725 -17.8844 9.02008 
-2.66386 2.3707 1.75657 -9.50281 -17.8012 8.94566 
-2.74276 2.37596 1.76033 -9.72282 -17.7957 8.90985 
-2.82227 2.38117 1.76405 -9.94562 -17.788 8.87234 
-2.90876 2.3916 1.77163 -10.2161 -17.8564 8.87206 
-2.9896 2.39671 1.77527 -10.4453 -17.8438 8.83073 
-3.07773 2.407 1.78275 -10.7239 -17.9066 8.82599 
-3.17359 2.42244 1.79404 -11.0547 -18.0442 8.85698 
-3.26366 2.43258 1.8014 -11.3435 -18.1008 8.8471 
-3.36175 2.44785 1.81255 -11.6865 -18.2317 8.87239 
-3.46104 2.46302 1.82364 -12.0363 -18.3591 8.89464 
-3.56896 2.48327 1.83848 -12.4446 -18.5602 8.95106 
-3.67077 2.49824 1.8494 -12.809 -18.6802 8.96684 
-3.78152 2.51826 1.86407 -13.2344 -18.8735 9.01625 
-3.90163 2.54331 1.88245 -13.7245 -19.1401 9.09868 
-4.01551 2.56308 1.89693 -14.1698 -19.3253 9.14039 
-3.84137 2.56377 1.77564 -13.9053 -18.6513 8.8014 
-3.67782 2.56895 1.66014 -13.6973 -18.067 8.50564 
-3.51682 2.57349 1.54663 -13.4893 -17.4949 8.2165 
-3.35837 2.5774 1.43512 -13.2812 -16.9351 7.93391 
-3.20247 2.58067 1.32561 -13.0731 -16.3873 7.65779 
-3.05562 2.58881 1.22068 -12.92 -15.9191 7.41962 
-2.90456 2.59087 1.11495 -12.7118 -15.3935 7.15544 
-2.76803 2.60356 1.01562 -12.6127 -15.0092 6.95764 
-2.6273 2.61017 0.915478 -12.4585 -14.5674 6.73373 
-2.49409 2.62204 0.818734 -12.3582 -14.1965 6.54321 
-2.36241 2.63352 0.723187 -12.2574 -13.8316 6.35596 
-2.23723 2.65052 0.630238 -12.2102 -13.5327 6.19948 
-2.11307 2.66725 0.538086 -12.1624 -13.2375 6.04504 
-1.98993 2.68374 0.446732 -12.1141 -12.946 5.89261 
-1.87201 2.70605 0.356978 -12.1195 -12.7152 5.76808 
-1.75461 2.72823 0.267622 -12.1246 -12.486 5.64449 
-1.64141 2.75649 0.179069 -12.184 -12.314 5.54679 
-1.52821 2.78476 0.0905163 -12.2434 -12.1419 5.4491 
-1.41501 2.81302 0.0019632 -12.3029 -11.9699 5.3514 
-1.30475 2.84768 -0.0867849 -12.4181 -11.851 5.2774 
-1.19397 2.88247 -0.175932 -12.5339 -11.7307 5.20257 
-1.08511 2.92392 -0.266072 -12.7071 -11.661 5.14987 
-0.975227 2.96561 -0.357009 -12.8819 -11.5886 5.0956 
-0.866237 3.01422 -0.449737 -13.1161 -11.5646 5.06208 
-0.755716 3.06321 -0.543662 -13.3531 -11.5368 5.0263 
-0.643666 3.11258 -0.638783 -13.5929 -11.5052 4.98824 
-0.532381 3.17602 -0.738284 -13.9556 -11.5693 4.99082 
-0.417655 3.23319 -0.837988 -14.2633 -11.5785 4.9687 
-0.302163 3.30482 -0.943268 -14.6991 -11.6812 4.98557 
-0.18323 3.37017 -1.04875 -15.08 -11.7287 4.97761 
-0.0620018 3.45036 -1.16101 -15.5952 -11.8678 5.0071 
0.0627952 3.53144 -1.27606 -16.121 -12 5.03193 
0.191162 3.61341 -1.3939 -16.6574 -12.125 5.05195 
0.0985549 3.55844 -1.31898 -15.8219 -11.4748 4.71468 
0.00957204 3.50276 -1.24598 -15.014 -10.848 4.39255 
-0.0761095 3.46105 -1.17991 -14.3545 -10.3317 4.12004 
-0.159234 3.42613 -1.11777 -13.7736 -9.87433 3.87519 
-0.240346 3.39813 -1.05929 -13.2661 -9.47193 3.65543 
-0.319989 3.37714 -1.00417 -12.8277 -9.1207 3.45844 
-0.398705 3.36327 -0.95212 -12.4544 -8.81725 3.28205 
-0.47704 3.35663 -0.902863 -12.1426 -8.55856 3.12426 
-0.398705 3.36327 -0.95212 -12.4544 -8.81725 3.28205 
-0.47704 3.35663 -0.902863 -12.1426 -8.55856 3.12426 
-0.554287 3.34978 -0.854181 -11.8358 -8.30443 2.96981 
-0.633306 3.35788 -0.809731 -11.6388 -8.12806 2.8443 
-0.711962 3.3659 -0.765473 -11.4432 -7.95303 2.71984 
-0.792049 3.38151 -0.723043 -11.3002 -7.81465 2.6082 
-0.874108 3.4048 -0.682153 -11.2076 -7.71104 2.50787 
-0.958684 3.43588 -0.642514 -11.164 -7.64056 2.4174 
-1.04399 3.4671 -0.602492 -11.1183 -7.56787 2.325 
-1.13253 3.50626 -0.563338 -11.1197 -7.52636 2.2406 
-1.22486 3.55345 -0.524763 -11.1673 -7.51477 2.16282 
-1.31863 3.60093 -0.485421 -11.2114 -7.49919 2.08123 
-1.41386 3.64869 -0.44531 -11.2517 -7.47957 1.99578 
-1.51378 3.70466 -0.405299 -11.3369 -7.48787 1.91458 
-1.61893 3.76896 -0.365101 -11.4662 -7.52304 1.83625 
-1.72626 3.83368 -0.32375 -11.591 -7.55259 1.75201 
-1.83954 3.90686 -0.281827 -11.7592 -7.60765 1.66862 
-1.95536 3.98054 -0.238561 -11.9224 -7.65623 1.57815 
-2.07372 4.05471 -0.19395 -12.0803 -7.69811 1.48042 
-1.99103 4.03353 -0.067371 -11.728 -7.18574 1.32889 
-1.91396 4.01877 0.0548093 -11.425 -6.72344 1.19041 
-1.83837 4.00232 0.172979 -11.1233 -6.28007 1.05892 
-1.77181 4.00125 0.288367 -10.9158 -5.90551 0.942268 
-1.70636 3.99891 0.400746 -10.7082 -5.54398 0.830535 
-1.64561 4.00404 0.511234 -10.5466 -5.21803 0.726801 
-1.58929 4.01697 0.620582 -10.4304 -4.92403 0.629763 
-1.53371 4.02906 0.727924 -10.3135 -4.63796 0.535797 
-1.48218 4.04936 0.835129 -10.2416 -4.37929 0.446861 
-1.43443 4.07819 0.942949 -10.2148 -4.14491 0.361785 
-1.39018 4.11587 1.05214 -10.2332 -3.9319 0.279439 
-1.34612 4.15334 1.16082 -10.2512 -3.72069 0.197824 
-1.30518 4.20008 1.27188 -10.3152 -3.52716 0.117465 
-1.2671 4.25641 1.38605 -10.4261 -3.34871 0.0372748 
-1.22884 4.31294 1.50073 -10.5377 -3.16853 -0.0436427 
-1.19306 4.37949 1.61953 -10.6978 -3.00004 -0.125852 
-1.15949 4.45636 1.74321 -10.908 -2.84076 -0.210465 
-1.12536 4.53386 1.8684 -11.1208 -2.6764 -0.297308 
-1.09307 4.62211 1.99946 -11.3862 -2.51792 -0.388099 
-1.06234 4.72142 2.13715 -11.7064 -2.36284 -0.484037 
-1.03068 4.82179 2.27735 -12.0323 -2.1992 -0.583872 
-0.998106 4.92322 2.42006 -12.364 -2.02685 -0.687665 
-0.966626 5.03623 2.57066 -12.7548 -1.8534 -0.798817 
-0.935968 5.16115 2.72988 -13.2079 -1.67612 -0.918702 
-0.904015 5.28755 2.89262 -13.6708 -1.48615 -1.04453 
-0.872514 5.42628 3.065 -14.2006 -1.28834 -1.18114 
-0.877711 5.38446 2.87167 -13.7955 -1.1011 -1.35393 
-0.882528 5.34207 2.68214 -13.3978 -0.921783 -1.51736 
-0.886964 5.29911 2.49641 -13.0072 -0.75026 -1.67159 
-0.892891 5.26663 2.31935 -12.677 -0.588854 -1.82447 
-0.898501 5.23368 2.14546 -12.3521 -0.433696 -1.96988 
-0.905729 5.21139 1.97896 -12.0841 -0.28591 -2.117 
-0.910736 5.17754 1.81109 -11.7691 -0.142352 -2.24855 
-0.917425 5.15445 1.64998 -11.5094 -0.00478705 -2.38336 
-0.925891 5.14226 1.49469 -11.3029 0.128631 -2.52354 
-0.934166 5.12979 1.34129 -11.099 0.25855 -2.65944 
-0.942251 5.11703 1.1898 -10.8974 0.385006 -2.79109 
-0.952272 5.11541 1.04254 -10.7463 0.510309 -2.93162 
-0.962166 5.1136 0.896543 -10.5965 0.633333 -3.06931 
-0.971932 5.1116 0.751815 -10.4481 0.754095 -3.20419 
-0.983793 5.12098 0.609731 -10.3478 0.876562 -3.35138 
-0.997843 5.14186 0.46934 -10.2945 1.00242 -3.513 
-1.01189 5.16275 0.328949 -10.2412 1.12828 -3.67461 
-1.02594 5.18363 0.188558 -10.1879 1.25414 -3.83622 
-1.04234 5.21627 0.048276 -10.1804 1.38624 -4.0159 
-1.0588 5.249 -0.0926399 -10.1725 1.51949 -4.19709 
-1.07774 5.29366 -0.234715 -10.2099 1.66132 -4.39944 
-1.09924 5.35041 -0.378899 -10.2924 1.81357 -4.62546 
-1.12094 5.40743 -0.524985 -10.3744 1.96943 -4.85633 
-1.14533 5.47673 -0.674448 -10.5017 2.13831 -5.11446 
-1.16997 5.5464 -0.826447 -10.6286 2.3122 -5.37939 
-1.19744 5.62852 -0.98309 -10.8014 2.5019 -5.67554 
-1.22523 5.71112 -1.1429 -10.9742 2.69815 -5.98068 
-1.2586 5.81854 -1.31137 -11.2407 2.92548 -6.34793 
-1.28974 5.91439 -1.48122 -11.4611 3.14962 -6.7012 
-1.32667 6.03535 -1.66162 -11.7773 3.40984 -7.1239 
-1.36409 6.15705 -1.84709 -12.0955 3.68196 -7.56333 
-1.50391 5.94843 -1.82089 -11.6845 3.61061 -7.1367 
-1.63922 5.74328 -1.7947 -11.2825 3.53896 -6.72522 
-1.77371 5.55318 -1.77222 -10.9348 3.48153 -6.35511 
-1.90433 5.36606 -1.74974 -10.5941 3.42372 -5.99723 
-2.03542 5.19299 -1.73096 -10.3042 3.37995 -5.67558 
-2.16329 5.02241 -1.71219 -10.0195 3.33575 -5.36357 
-2.29292 4.86488 -1.69711 -9.78245 3.30549 -5.08314 
-2.41997 4.70934 -1.68204 -9.54916 3.2748 -4.81003 
-2.55007 4.56587 -1.67066 -9.36086 3.25805 -4.56429 
-2.67824 4.42388 -1.65929 -9.17505 3.24089 -4.32378 
-2.81075 4.29297 -1.65161 -9.032 3.23776 -4.10678 
-2.94197 4.16305 -1.64393 -8.8904 3.23431 -3.89313 
-3.0719 4.03413 -1.63625 -8.75026 3.23053 -3.68282 
-3.20778 3.91503 -1.63226 -8.65058 3.24105 -3.49156 
-3.35058 3.80502 -1.63196 -8.59027 3.2661 -3.31687 
-3.49338 3.69502 -1.63165 -8.52996 3.29115 -3.14218 
-3.63617 3.58501 -1.63135 -8.46965 3.31621 -2.9675 
-3.7875 3.48284 -1.63473 -8.44734 3.35636 -2.80543 
-3.93948 3.38018 -1.6381 -8.42458 3.39677 -2.64181 
-4.0921 3.27703 -1.64148 -8.40135 3.43745 -2.47664 
-4.25486 3.18047 -1.64853 -8.41519 3.49397 -2.32025 
-4.41891 3.08292 -1.65558 -8.42826 3.55108 -2.16076 
-4.58425 2.98438 -1.66263 -8.44056 3.6088 -1.99815 
-4.76134 2.8912 -1.67335 -8.48935 3.68329 -1.84048 
-4.94037 2.79653 -1.68407 -8.5372 3.7588 -1.67812 
-5.13244 2.70623 -1.69846 -8.62138 3.85199 -1.51756 
-5.32709 2.61394 -1.71285 -8.70457 3.9467 -1.35066 
-5.52432 2.51966 -1.72723 -8.78676 4.04294 -1.17731 
-5.72413 2.4234 -1.7416 -8.86791 4.14073 -0.997446 
-5.93891 2.33002 -1.75964 -8.98547 4.25784 -0.814368 
-6.15692 2.23415 -1.77768 -9.10205 4.37709 -0.622939 
-6.37815 2.1358 -1.79571 -9.21759 4.49852 -0.423027 
-6.60261 2.03496 -1.81373 -9.33206 4.62214 -0.214497 
-6.84397 1.93551 -1.83541 -9.48329 4.76701 0.00279384 
-6.6791 1.80639 -1.66325 -9.08024 4.68052 -0.175145 
-6.51618 1.68016 -1.49525 -8.68877 4.5933 -0.343053 
-6.36849 1.56009 -1.33419 -8.34344 4.52424 -0.503239 
-6.22248 1.44249 -1.17669 -8.00731 4.45442 -0.655153 
-6.09115 1.33021 -1.02495 -7.71314 4.40261 -0.80237 
-5.96121 1.22001 -0.876172 -7.42609 4.35003 -0.942905 
-5.84538 1.11429 -0.731958 -7.17727 4.31545 -1.08156 
-5.73067 1.01023 -0.590122 -6.93375 4.28012 -1.215 
-5.62951 0.909839 -0.451658 -6.72514 4.26287 -1.34924 
-5.73067 1.01023 -0.590122 -6.93375 4.28012 -1.215 
-5.84538 1.11429 -0.731958 -7.17727 4.31545 -1.08156 
-5.96121 1.22001 -0.876172 -7.42609 4.35003 -0.942905 
-6.09115 1.33021 -1.02495 -7.71314 4.40261 -0.80237 
-5.96121 1.22001 -0.876172 -7.42609 4.35003 -0.942905 
-5.84538 1.11429 -0.731958 -7.17727 4.31545 -1.08156 
-5.73067 1.01023 -0.590122 -6.93375 4.28012 -1.215 
-5.62951 0.909839 -0.451658 -6.72514 4.26287 -1.34924 
-5.52919 0.810686 -0.314978 -6.52024 4.24497 -1.47961 
-5.44186 0.714369 -0.180483 -6.34731 4.24535 -1.61337 
-5.35509 0.61888 -0.0471758 -6.1767 4.24522 -1.74456 
-5.28074 0.525399 0.0851341 -6.03548 4.26372 -1.88166 
-5.20668 0.432332 0.21685 -5.89533 4.28193 -2.01747 
-5.13289 0.33968 0.347971 -5.75627 4.29985 -2.15201 
-5.07083 0.248 0.479581 -5.64373 4.33703 -2.29562 
-5.02008 0.156674 0.612571 -5.55619 4.39399 -2.45026 
-4.96905 0.064934 0.746154 -5.46769 4.45132 -2.60622 
-4.91774 -0.02722 0.880332 -5.37823 4.50904 -2.76351 
-4.87703 -0.120056 1.01738 -5.31148 4.5876 -2.93523 
-4.83576 -0.21372 1.15561 -5.24288 4.66702 -3.10968 
-4.80454 -0.308893 1.29789 -5.19534 4.76834 -3.30145 
-4.77248 -0.405308 1.44196 -5.14514 4.8711 -3.49749 
-4.73958 -0.502965 1.58781 -5.09225 4.97533 -3.69784 
-4.71603 -0.603166 1.7392 -5.05846 5.10304 -3.91944 
-4.69135 -0.705023 1.89296 -5.02118 5.23291 -4.14705 
-4.67546 -0.810252 2.05346 -5.00152 5.38778 -4.39936 
-4.65816 -0.917551 2.21692 -4.97757 5.54564 -4.65956 
-4.63947 -1.02692 2.38335 -4.94924 5.70653 -4.92777 
-4.62886 -1.14069 2.558 -4.93667 5.89461 -5.22549 
-4.61657 -1.25695 2.73621 -4.91886 6.08669 -5.53336 
-4.6026 -1.37569 2.91799 -4.89571 6.28281 -5.85154 
-4.52788 -1.34236 2.74548 -4.75751 6.10287 -5.97987 
-4.45363 -1.30944 2.57631 -4.62176 5.9262 -6.09695 
-4.37986 -1.27693 2.41048 -4.48842 5.75275 -6.20301 
-4.31561 -1.24744 2.25271 -4.37583 5.606 -6.32479 
-4.25175 -1.21829 2.09773 -4.26503 5.46165 -6.43748 
-4.18829 -1.18949 1.94553 -4.15601 5.31969 -6.54126 
-4.13415 -1.16353 1.8 -4.06631 5.20255 -6.66503 
-4.08033 -1.13785 1.6567 -3.97788 5.0871 -6.78167 
-4.03567 -1.11489 1.51895 -3.90781 4.99521 -6.92161 
-3.99125 -1.09212 1.38288 -3.83855 4.90443 -7.05613 
-3.94706 -1.06957 1.24847 -3.77012 4.81474 -7.1853 
-3.91185 -1.04956 1.11823 -3.71907 4.74732 -7.34193 
-3.87679 -1.02969 0.989106 -3.66849 4.68053 -7.49491 
-3.85054 -1.01223 0.863033 -3.63468 4.63518 -7.67875 
-3.82437 -0.994832 0.737516 -3.60107 4.59009 -7.86071 
-3.80686 -0.979713 0.613939 -3.58378 4.56581 -8.07715 
-3.78934 -0.964594 0.490362 -3.56648 4.54153 -8.29358 
-3.77183 -0.949475 0.366785 -3.54919 4.51725 -8.51001 
-3.77122 -0.938565 0.244303 -3.56379 4.53354 -8.80524 
-3.77046 -0.927519 0.120708 -3.57821 4.54957 -9.10474 
-3.76954 -0.916336 -0.00400058 -3.59247 4.56535 -9.40854 
-3.7768 -0.907019 -0.130109 -3.62252 4.60115 -9.7597 
-3.79212 -0.899467 -0.258454 -3.66846 4.65704 -10.1621 
-3.80713 -0.891642 -0.389025 -3.71431 4.71275 -10.5741 
-3.83003 -0.885444 -0.522945 -3.77627 4.78879 -11.0431 
-3.85255 -0.878906 -0.659648 -3.83828 4.86478 -11.5249 
-3.88281 -0.87386 -0.800813 -3.91673 4.96149 -12.0702 
-3.92069 -0.870203 -0.947275 -4.01198 5.07933 -12.6843 
-3.96609 -0.867833 -1.09987 -4.12447 5.21882 -13.3728 
-4.01085 -0.864918 -1.25692 -4.23776 5.35913 -14.0857 
-3.83903 -1.01815 -1.28752 -4.33339 5.15606 -13.6285 
-3.66721 -1.17139 -1.31812 -4.42902 4.953 -13.1714 
-3.5132 -1.31824 -1.34976 -4.52859 4.78925 -12.8094 
-3.35919 -1.4651 -1.38141 -4.62816 4.62551 -12.4474 
-3.21431 -1.60488 -1.4119 -4.71777 4.4783 -12.1221 
-3.06942 -1.74466 -1.44239 -4.80737 4.33109 -11.7967 
-2.93924 -1.88289 -1.4754 -4.91205 4.21734 -11.5558 
-2.80906 -2.02113 -1.5084 -5.01673 4.10358 -11.315 
-2.69158 -2.16092 -1.54487 -5.14306 4.02035 -11.1536 
-2.5741 -2.30071 -1.58133 -5.26939 3.93713 -10.9923 
-2.46999 -2.44811 -1.62408 -5.43675 3.89081 -10.9315 
-2.36589 -2.5955 -1.66683 -5.60411 3.8445 -10.8707 
-2.27249 -2.75464 -1.71712 -5.8223 3.83306 -10.9085 
-2.17908 -2.91378 -1.76741 -6.04048 3.82161 -10.9463 
-2.09372 -3.0888 -1.8265 -6.32068 3.84394 -11.0834 
-2.00836 -3.26383 -1.88558 -6.60088 3.86627 -11.2205 
-1.93037 -3.46285 -1.95693 -6.97203 3.9308 -11.4857 
-1.85238 -3.66188 -2.02828 -7.34317 3.99533 -11.751 
-1.78022 -3.8944 -2.11576 -7.84238 4.11191 -12.179 
-1.70806 -4.12692 -2.20323 -8.34159 4.22849 -12.607 
-1.63615 -4.39449 -2.30632 -8.97882 4.39097 -13.186 
-1.56425 -4.66206 -2.40941 -9.61604 4.55344 -13.765 
