283
-0.92767 -0.610358 0.819103 0.211475 0.646579 1.57925 -1.88655 1.82996 0.150483 -0.21126 -0.0391787 0.292372 0.861397 2.65933 
-0.906083 -0.582709 0.777399 0.2735 0.649157 1.53408 -1.8198 1.9688 0.0687985 -0.0614258 -0.0106225 0.343997 0.952977 2.65385 
-0.851774 -0.339688 0.637704 0.053366 0.597404 1.61666 -1.80827 1.96215 0.0348237 -0.0121435 0.017573 0.367245 0.933567 2.56247 
-0.886461 -0.322307 0.634092 0.0768101 0.639692 1.54587 -1.73086 1.85373 -0.0763427 0.0215019 0.0750485 0.334386 1.02614 2.49086 
-0.922509 -0.336489 0.674064 0.132883 0.701124 1.49234 -1.73736 1.67869 -0.184938 -0.0832718 0.0902444 0.316811 1.09146 2.40696 
-0.958075 -0.350481 0.713502 0.188207 0.761735 1.43954 -1.74379 1.51959 -0.27388 -0.177938 0.0582371 0.309363 1.17423 2.33728 
-0.992679 -0.364095 0.751872 0.242034 0.820706 1.38816 -1.75003 1.3769 -0.325681 -0.252405 -0.035106 0.313932 1.28337 2.28757 
-1.02083 -0.378908 0.756872 0.250298 0.838271 1.39131 -1.67709 1.45601 -0.457879 -0.27412 0.0968397 0.345025 1.34829 2.21168 
-1.04896 -0.393708 0.761867 0.258556 0.855822 1.39446 -1.60421 1.53753 -0.605058 -0.306205 0.211245 0.362596 1.4366 2.14193 
-1.07698 -0.408451 0.766843 0.266781 0.873304 1.39759 -1.53162 1.61684 -0.772848 -0.358915 0.320235 0.362896 1.53477 2.08226 
-1.3329 -0.421834 0.713542 0.426715 0.786999 1.37613 -1.62484 1.59174 -0.738837 -0.404777 0.360029 0.413341 1.52546 2.0314 
-1.56678 -0.428269 0.637422 0.520848 0.685321 1.38643 -1.68774 1.567 -0.70532 -0.449972 0.399245 0.463051 1.51628 1.98129 
-1.79143 -0.44488 0.546046 0.557223 0.560575 1.43404 -1.73606 1.5427 -0.672403 -0.494358 0.437759 0.511872 1.50727 1.93206 
-1.72724 -0.332462 0.533161 0.436233 0.53373 1.38843 -1.63894 1.51666 -0.67479 -0.419166 0.463454 0.492253 1.49701 1.88511 
-1.76769 -0.11364 0.421437 0.284377 0.454161 1.4362 -1.74347 1.53172 -0.669633 -0.4371 0.463337 0.536728 1.44119 1.8776 
-1.78604 0.099102 0.349675 0.0933442 0.409504 1.49566 -1.80723 1.54641 -0.664603 -0.454596 0.463222 0.58012 1.38674 1.87026 
-1.80164 0.0808065 0.272858 0.120949 0.460218 1.42435 -1.8061 1.42567 -0.606378 -0.444402 0.362833 0.56075 1.51953 1.79309 
-1.817 0.0628038 0.197271 0.148113 0.510119 1.35418 -1.805 1.30984 -0.533969 -0.431115 0.262514 0.549902 1.63866 1.72452 
-1.83209 0.0451047 0.122959 0.174818 0.559179 1.2852 -1.80391 1.19894 -0.447087 -0.412309 0.145872 0.539533 1.76086 1.66799 
-1.84689 0.0277484 0.0500854 0.201006 0.607288 1.21755 -1.80284 1.08445 -0.339077 -0.39099 0.0134486 0.534668 1.88555 1.62314 
-1.81337 0.044557 0.0523528 0.258806 0.602508 1.15608 -1.8315 1.1639 -0.457817 -0.352998 0.112775 0.548098 1.87428 1.67458 
-1.78021 0.061189 0.0545963 0.315998 0.597778 1.09527 -1.85986 1.23966 -0.569704 -0.314529 0.200824 0.573997 1.86808 1.73735 
-1.74752 0.0775816 0.0568076 0.372367 0.593116 1.03532 -1.88781 1.31639 -0.683616 -0.274822 0.277966 0.609772 1.86648 1.81129 
-1.69354 0.0472682 0.10499 0.406077 0.619041 1.04878 -1.86098 1.32529 -0.757405 -0.272267 0.288816 0.569105 1.87621 1.82539 
-1.67356 0.0645449 0.0271282 0.446265 0.563454 1.00056 -1.88846 1.47046 -0.711724 -0.148367 0.233265 0.693868 1.84246 1.91407 
-1.70193 0.40221 -0.0602264 0.0769554 0.529816 1.11012 -1.8526 1.46349 -0.726586 -0.0960332 0.247104 0.739636 1.78523 1.87837 
-1.68741 0.397997 0.0111412 0.124285 0.514854 1.0388 -1.88037 1.47583 -0.691731 -0.0849798 0.213024 0.735835 1.75799 1.95761 
-1.67309 0.39384 0.0815723 0.170993 0.500087 0.968413 -1.90778 1.48154 -0.645285 -0.0778293 0.183594 0.736663 1.73065 2.02992 
-1.65897 0.38974 0.151029 0.217056 0.485525 0.899002 -1.93481 1.48874 -0.601275 -0.0736838 0.157743 0.737551 1.7015 2.10117 
-1.64505 0.385701 0.219465 0.262441 0.471177 0.830611 -1.96144 1.48752 -0.548395 -0.0744392 0.139262 0.74463 1.66956 2.16497 
-1.63135 0.381722 0.28687 0.307142 0.457045 0.763251 -1.98767 1.48631 -0.500089 -0.0784598 0.126367 0.752546 1.63422 2.22616 
-1.61785 0.377806 0.353223 0.351147 0.443134 0.69694 -2.0135 1.48306 -0.444153 -0.0858298 0.114175 0.762851 1.59703 2.28591 
-1.60458 0.373954 0.418473 0.394419 0.429454 0.631734 -2.03889 1.4785 -0.393314 -0.0964787 0.108149 0.774541 1.55623 2.34176 
-1.59154 0.370168 0.482612 0.436955 0.416006 0.567637 -2.06385 1.46068 -0.337336 -0.112865 0.111549 0.794012 1.51094 2.38816 
-1.57872 0.366446 0.545669 0.478773 0.402786 0.504621 -2.08839 1.44021 -0.289129 -0.132405 0.123067 0.815716 1.46063 2.42867 
-1.56611 0.362787 0.607671 0.519891 0.389787 0.44266 -2.11252 1.40915 -0.2369 -0.157044 0.140025 0.843495 1.40663 2.46261 
-1.56095 0.347459 0.567087 0.554054 0.34102 0.418845 -2.0483 1.44378 -0.285716 -0.0834576 0.308744 0.931284 1.33979 2.41834 
-1.51424 0.306095 0.628565 0.574928 0.29354 0.410746 -2.01503 1.46245 -0.338536 -0.0718095 0.307457 0.877996 1.35381 2.35391 
-1.46817 0.265303 0.689192 0.595513 0.246718 0.402759 -1.98223 1.48937 -0.381011 -0.0610641 0.299228 0.833285 1.36671 2.31323 
-1.42282 0.225143 0.74888 0.61578 0.20062 0.394896 -1.94994 1.53322 -0.413954 -0.0488616 0.278095 0.791515 1.38068 2.29881 
-1.37829 0.185703 0.807497 0.635682 0.15535 0.387174 -1.91822 1.57126 -0.441524 -0.0394912 0.261862 0.760117 1.39311 2.28768 
-1.33455 0.146974 0.865059 0.655227 0.110895 0.379591 -1.88708 1.62218 -0.461932 -0.028718 0.235343 0.729961 1.40778 2.29395 
-1.2917 0.109023 0.921464 0.674378 0.0673331 0.37216 -1.85656 1.67413 -0.477751 -0.0185524 0.207238 0.704686 1.42372 2.3062 
-1.24974 0.0718686 0.976685 0.693128 0.0246859 0.364886 -1.82669 1.72592 -0.489961 -0.00881787 0.177999 0.683981 1.44135 2.32256 
-1.2087 0.0355242 1.0307 0.711468 -0.0170317 0.35777 -1.79746 1.78555 -0.496155 0.00203686 0.139571 0.663656 1.46286 2.34886 
-1.16863 3.84479e-05 1.08344 0.729376 -0.0577637 0.350822 -1.76892 1.84275 -0.499618 0.0125109 0.100302 0.647761 1.48682 2.37618 
-1.12953 -0.0345851 1.1349 0.746848 -0.0975059 0.344043 -1.74108 1.89705 -0.50087 0.0228318 0.0602991 0.636358 1.51327 2.40382 
-1.09141 -0.0683455 1.18508 0.763885 -0.136258 0.337432 -1.71394 1.9481 -0.500148 0.0332197 0.0194955 0.629537 1.54223 2.43134 
-1.05426 -0.101244 1.23398 0.780487 -0.17402 0.330991 -1.68748 2.0035 -0.49339 0.0447102 -0.0311021 0.623446 1.57604 2.46454 
-1.3048 -0.251016 1.42866 0.951245 -0.189247 0.301765 -1.63498 1.94042 -0.4614 -0.0365215 0.0258087 0.603012 1.56166 2.45305 
-1.58916 -0.338834 1.71657 1.05747 -0.177478 0.354142 -1.57162 1.87727 -0.429372 -0.117851 0.0827879 0.582554 1.54726 2.44155 
-1.46939 -0.200991 1.51363 0.890744 -0.308619 0.435578 -1.71997 1.85174 -0.430492 -0.135933 0.136387 0.514214 1.48745 2.35753 
-1.36024 -0.049856 1.41239 0.673221 -0.391827 0.564736 -1.84776 1.82623 -0.431611 -0.153994 0.189924 0.445954 1.42771 2.27361 
-1.23118 0.0961614 1.38464 0.408545 -0.437069 0.72508 -1.97449 1.80081 -0.432726 -0.171991 0.243269 0.377938 1.36819 2.18999 
-1.22416 0.0832089 1.38187 0.468924 -0.526903 0.734836 -2.00626 1.90277 -0.227075 -0.0478062 0.115834 0.398369 1.32746 2.31121 
-1.39947 0.198716 1.26764 0.552303 -0.599684 0.720331 -2.11028 1.84862 -0.294413 -0.00607278 0.146896 0.4073 1.31522 2.3177 
-1.58029 0.316162 1.12685 0.584671 -0.664046 0.745957 -2.24714 1.7946 -0.361591 0.0355612 0.177885 0.416209 1.303 2.32419 
-1.7752 0.419009 0.968343 0.571509 -0.706514 0.806323 -2.41207 1.74121 -0.427995 0.0767157 0.208517 0.425016 1.29093 2.3306 
-1.96846 0.497135 0.807994 0.516035 -0.719362 0.891033 -2.59773 1.68912 -0.492775 0.116864 0.2384 0.433608 1.27915 2.33685 
-2.13164 0.562982 0.662727 0.41693 -0.705761 0.991344 -2.79674 1.63905 -0.555036 0.155451 0.267121 0.441865 1.26783 2.34286 
-2.26482 0.62227 0.536524 0.286687 -0.675177 1.09915 -2.99365 1.59157 -0.614086 0.192047 0.29436 0.449697 1.25709 2.34856 
-2.21977 0.589671 0.564697 0.353388 -0.759073 1.09552 -2.98912 1.73735 -0.380249 0.267011 0.0962958 0.456316 1.29601 2.44307 
-2.16418 0.565374 0.564283 0.364067 -0.69826 1.06287 -2.97807 1.68128 -0.511058 0.319695 0.220422 0.491148 1.35256 2.36661 
-2.10927 0.541374 0.563875 0.374615 -0.638191 1.03062 -2.96715 1.62639 -0.623996 0.371765 0.320128 0.526424 1.42954 2.29117 
-2.06571 0.551287 0.499668 0.396668 -0.548797 1.00713 -2.95736 1.52474 -0.968171 0.547646 0.460607 0.639623 1.58781 2.28043 
-1.9922 0.621704 0.459004 0.217705 -0.541156 1.06174 -2.94293 1.53789 -0.984917 0.592237 0.462269 0.631056 1.58333 2.19133 
-1.91157 0.692825 0.430959 0.0456049 -0.534859 1.11397 -2.91772 1.55087 -1.00143 0.636209 0.463908 0.622608 1.5789 2.10347 
-1.89577 0.69478 0.360046 0.0842617 -0.527043 1.06746 -2.85761 1.49595 -1.18319 0.724666 0.418637 0.691095 1.70865 2.10662 
-1.88168 0.644542 0.395467 0.106418 -0.573387 1.04147 -2.83423 1.58106 -1.00533 0.633315 0.37056 0.605876 1.6394 2.08059 
-1.86761 0.594397 0.430823 0.128533 -0.619645 1.01553 -2.8109 1.66309 -0.83223 0.53844 0.300481 0.541286 1.59225 2.04887 
-1.85359 0.544413 0.466066 0.150577 -0.665754 0.989678 -2.78765 1.74196 -0.658896 0.446812 0.206697 0.49764 1.56471 2.01468 
-1.83963 0.494678 0.501132 0.172511 -0.711634 0.963952 -2.76451 1.81432 -0.474914 0.361805 0.0827946 0.473674 1.56289 1.9784 
-1.80703 0.498271 0.556504 0.196762 -0.759265 0.943597 -2.74084 1.88578 -0.394966 0.295779 -0.0104495 0.460945 1.57529 1.99798 
-1.79568 0.444473 0.515915 0.206178 -0.706138 0.895614 -2.67137 1.74684 -0.484642 0.267559 0.0954815 0.44259 1.60863 1.82858 
-1.7787 0.407665 0.51846 0.25474 -0.701069 0.897164 -2.55583 1.67707 -0.680213 0.275853 0.235038 0.451271 1.64978 1.73177 
-1.76159 0.370569 0.521025 0.303682 -0.695961 0.898726 -2.43939 1.60337 -0.854455 0.276153 0.328444 0.457104 1.72552 1.63128 
-1.74354 0.349606 0.490371 0.352369 -0.706859 0.852527 -2.33356 1.51732 -0.890672 0.272568 0.293744 0.436787 1.8231 1.53946 
-1.75236 0.312818 0.507138 0.371029 -0.635564 0.822843 -2.25404 1.26939 -0.950111 0.198242 0.283558 0.307133 1.96475 1.34226 
-1.77037 0.37173 0.506542 0.258324 -0.627516 0.886589 -2.31041 1.23392 -0.940933 0.171441 0.311291 0.264238 1.90379 1.291 
-1.77091 0.426415 0.51714 0.143349 -0.615105 0.950917 -2.35916 1.1991 -0.931922 0.145131 0.338517 0.222127 1.84394 1.24067 
-1.75548 0.476272 0.536757 0.0269938 -0.599962 1.01588 -2.40121 1.16492 -0.923074 0.119299 0.365248 0.180782 1.78517 1.19127 
-1.71362 0.443227 0.497416 0.0332336 -0.605669 0.991202 -2.31425 1.13719 -0.759293 0.121559 0.241453 0.159504 1.82515 1.09744 
-1.72579 0.43791 0.487584 0.0546927 -0.553315 0.949024 -2.21134 0.940342 -0.663144 0.0359389 -0.0287762 0.0521513 2.05711 0.880612 
-1.75239 0.469294 0.404629 0.0130282 -0.552016 0.980498 -2.21788 0.941724 -0.666867 0.0450051 -0.0130323 0.0756413 2.05555 0.805614 
-1.68809 0.398597 0.50101 0.00512668 -0.536211 1.04092 -2.16571 0.908609 -0.635375 0.011839 -0.0132625 -0.00135951 2.03753 0.747864 
-1.63961 0.321494 0.583946 -0.0102792 -0.517681 1.10979 -2.12247 0.875652 -0.604033 -0.0211695 -0.0134915 -0.0779946 2.0196 0.690388 
-1.59577 0.236559 0.660263 -0.0334407 -0.496374 1.18826 -2.07818 0.842903 -0.572889 -0.0539689 -0.0137191 -0.154144 2.00179 0.633276 
-1.54862 0.225753 0.64763 0.0252538 -0.460934 1.1531 -2.08897 0.930624 -0.681746 -0.0862799 0.0386725 -0.121694 2.01631 0.602167 
-1.50172 0.215005 0.635067 0.0836316 -0.425686 1.11813 -2.0997 1.01724 -0.786805 -0.120652 0.0762216 -0.0948513 2.0433 0.570685 
-1.47565 0.191502 0.695645 0.104626 -0.49383 1.12519 -2.10135 1.13898 -0.792314 -0.081523 0.186913 -0.0601721 1.9287 0.709419 
-1.47842 0.153137 0.673798 0.107583 -0.445192 1.13118 -2.06488 1.0607 -0.710214 -0.141377 0.0492444 -0.125673 2.00177 0.548134 
-1.49546 0.282936 0.570606 -0.010859 -0.438664 1.12416 -2.19828 1.08277 -0.689472 -0.171385 0.0512801 -0.0925784 1.92946 0.518015 
-1.50633 0.261007 0.563008 -0.0493016 -0.408777 1.17219 -2.22782 1.04862 -0.701339 -0.204311 0.0772181 -0.144412 1.89101 0.451475 
-1.68462 0.304285 0.477194 -0.0242756 -0.457541 1.12891 -2.33744 1.0186 -0.727728 -0.21807 0.111511 -0.126894 1.83655 0.482123 
-1.80449 0.307142 0.443501 -0.0153654 -0.477617 1.12678 -2.39158 0.972012 -0.741157 -0.255653 0.107079 -0.153536 1.81498 0.45452 
-1.92334 0.309974 0.410099 -0.006532 -0.497519 1.12468 -2.44525 0.934643 -0.757162 -0.29118 0.0999152 -0.183008 1.79803 0.430767 
-2.03927 0.312737 0.377514 0.00208545 -0.516935 1.12263 -2.49762 0.905114 -0.776894 -0.32586 0.0927034 -0.211574 1.78403 0.41299 
-2.14898 0.315351 0.346679 0.0102399 -0.535307 1.12068 -2.54717 0.861638 -0.795812 -0.360141 0.0784648 -0.150467 1.7935 0.435768 
-2.25956 0.317987 0.315599 0.018459 -0.553826 1.11872 -2.59711 0.826434 -0.812746 -0.392359 0.0597119 -0.0929541 1.80411 0.463314 
-2.43399 0.322144 0.266575 0.0314238 -0.583036 1.11564 -2.67589 0.778476 -0.826349 -0.440667 0.00669164 -0.0222919 1.8344 0.50555 
-2.31137 0.162954 0.445522 0.260068 -0.546402 1.02754 -2.55401 0.804835 -0.812184 -0.457317 -0.0413078 -0.0732175 1.85304 0.563304 
-2.33763 0.138474 0.438618 0.291597 -0.552405 1.01598 -2.56215 0.81908 -0.818772 -0.459742 -0.024298 -0.0355292 1.83377 0.603883 
-2.12128 0.332768 0.503777 0.0274521 -0.490654 1.12234 -2.49879 0.763694 -0.850479 -0.442523 -0.0420265 -0.056758 1.81086 0.474137 
-2.12227 0.330908 0.504568 0.0280841 -0.489319 1.12331 -2.49956 0.775731 -0.860561 -0.440461 -0.0197436 -0.0343701 1.78564 0.49723 
-2.1234 0.328776 0.505474 0.0288084 -0.48779 1.12442 -2.50045 0.788793 -0.867017 -0.436554 -0.00139238 -0.0180425 1.76218 0.51753 
-2.12471 0.326327 0.506515 0.0296408 -0.486033 1.1257 -2.50147 0.802492 -0.875164 -0.432812 0.0210097 0.000520512 1.73307 0.541006 
-2.12621 0.323513 0.507711 0.0305968 -0.484015 1.12717 -2.50264 0.816373 -0.879368 -0.427192 0.0385753 0.013353 1.70687 0.561617 
-2.12793 0.320284 0.509083 0.031694 -0.481699 1.12886 -2.50399 0.829723 -0.879772 -0.419911 0.0509656 0.0210254 1.68452 0.579177 
-2.1299 0.316575 0.510659 0.0329541 -0.479039 1.13079 -2.50553 0.842743 -0.878996 -0.411993 0.0624576 0.0273265 1.66178 0.596741 
-2.13217 0.312314 0.51247 0.0344019 -0.475983 1.13302 -2.50731 0.855318 -0.87701 -0.40348 0.0729814 0.032194 1.6388 0.614312 
-2.13478 0.307422 0.514549 0.0360641 -0.472474 1.13557 -2.50935 0.866362 -0.871778 -0.393754 0.0783378 0.0325462 1.62081 0.628518 
-2.13777 0.301805 0.516936 0.0379726 -0.468445 1.1385 -2.51169 0.876579 -0.865659 -0.38371 0.0828811 0.0316306 1.60296 0.642577 
-2.1412 0.295355 0.519677 0.040164 -0.463819 1.14187 -2.51438 0.885869 -0.858723 -0.373426 0.0866652 0.0293613 1.58531 0.656485 
-2.14514 0.28796 0.52282 0.0426766 -0.458515 1.14573 -2.51746 0.892973 -0.849474 -0.3624 0.0859703 0.0229975 1.57317 0.66669 
-2.14964 0.279498 0.526416 0.0455518 -0.452446 1.15015 -2.52098 0.897733 -0.838382 -0.350811 0.0812528 0.0127896 1.56664 0.673018 
-2.1548 0.269811 0.530533 0.0488428 -0.445498 1.1552 -2.52502 0.902341 -0.828708 -0.339928 0.0801656 0.003902 1.55515 0.682578 
-2.16069 0.258753 0.535232 0.0526002 -0.437567 1.16098 -2.52962 0.904381 -0.817681 -0.328642 0.0755769 -0.00882701 1.54926 0.688186 
-2.1674 0.24615 0.540588 0.0568823 -0.428527 1.16755 -2.53487 0.904925 -0.80695 -0.31761 0.0713508 -0.0229064 1.54366 0.693446 
-2.17502 0.231839 0.54667 0.0617447 -0.418263 1.17502 -2.54084 0.902764 -0.795466 -0.306317 0.0643432 -0.0406334 1.54359 0.694648 
-2.18365 0.215634 0.553557 0.0672505 -0.40664 1.18348 -2.54759 0.899001 -0.784669 -0.295364 0.0581934 -0.0597032 1.54376 0.695537 
-2.19339 0.197344 0.56133 0.0734649 -0.393522 1.19303 -2.55521 0.893566 -0.774708 -0.28478 0.0530623 -0.080189 1.54417 0.696204 
-2.20432 0.176807 0.570057 0.0804426 -0.378792 1.20375 -2.56376 0.885443 -0.764481 -0.273959 0.0458999 -0.104142 1.55006 0.69292 
-2.21655 0.153846 0.579815 0.088244 -0.362323 1.21574 -2.57333 0.875707 -0.755267 -0.263471 0.0400596 -0.129444 1.55625 0.689616 
-2.23015 0.12829 0.590676 0.0969269 -0.343994 1.22908 -2.58398 0.864375 -0.747141 -0.253284 0.035608 -0.156104 1.56282 0.686458 
-2.2452 0.100033 0.602684 0.106528 -0.323727 1.24383 -2.59575 0.850728 -0.738668 -0.242668 0.0293813 -0.1859 1.57511 0.679704 
-2.26175 0.0689537 0.615893 0.117088 -0.301435 1.26005 -2.6087 0.835785 -0.731083 -0.232157 0.0244935 -0.21681 1.58807 0.673424 
-2.27982 0.0350127 0.630317 0.12862 -0.277091 1.27777 -2.62284 0.819053 -0.722533 -0.220934 0.0175972 -0.250419 1.60713 0.663824 
-2.29948 -0.00190966 0.646008 0.141165 -0.250609 1.29705 -2.63822 0.802013 -0.716243 -0.210238 0.0149684 -0.283055 1.62215 0.659031 
-2.32071 -0.0417867 0.662955 0.154713 -0.222008 1.31786 -2.65483 0.783647 -0.708324 -0.198519 0.00987912 -0.317889 1.64382 0.651184 
-2.34352 -0.0846166 0.681157 0.169266 -0.191289 1.34022 -2.67268 0.764779 -0.700215 -0.186297 0.00524052 -0.352915 1.66726 0.644375 
-2.36784 -0.13029 0.700567 0.184784 -0.15853 1.36406 -2.6917 0.745214 -0.689071 -0.172703 -0.00271477 -0.389324 1.69796 0.634491 
-2.39363 -0.178733 0.721154 0.201243 -0.123785 1.38935 -2.71189 0.725611 -0.676525 -0.158303 -0.0111595 -0.425161 1.73107 0.625537 
-2.38572 -0.402485 0.815077 0.32151 -0.037338 1.37321 -2.56938 0.694258 -0.687066 -0.167033 -0.0133044 -0.454097 1.74154 0.600194 
-2.3773 -0.619808 0.914933 0.374053 0.0663705 1.40966 -2.43832 0.659652 -0.698701 -0.17667 -0.0156719 -0.486036 1.75311 0.572221 
-2.44856 -0.594818 0.839653 0.386457 0.0675007 1.42817 -2.52518 0.644136 -0.833364 -0.211913 0.0545811 -0.476501 1.69851 0.654143 
-2.42201 -0.395858 0.740531 0.352037 -0.0230331 1.37757 -2.58968 0.663735 -0.854787 -0.175671 0.0302462 -0.442239 1.74286 0.614276 
-2.40563 -0.197618 0.64579 0.279973 -0.103496 1.35671 -2.6585 0.683516 -0.87641 -0.139094 0.00568549 -0.407658 1.78763 0.57404 
-2.40118 0.0112354 0.553634 0.160449 -0.17477 1.36962 -2.73931 0.70341 -0.898155 -0.102309 -0.0190145 -0.372882 1.83265 0.533575 
-2.33751 -0.091534 0.552963 0.284742 -0.18294 1.29454 -2.57001 0.723889 -0.920541 -0.0644395 -0.0444425 -0.337081 1.879 0.491918 
-2.11222 -0.0977616 0.598265 0.197317 -0.116101 1.31486 -2.3708 0.691562 -0.952848 -0.0599473 -0.0454653 -0.367869 1.87369 0.355065 
-2.12352 -0.112123 0.590539 0.207372 -0.123229 1.31165 -2.38726 0.733809 -0.970773 -0.0887102 -0.0081512 -0.358247 1.82604 0.452302 
-2.13595 -0.127906 0.582047 0.218422 -0.131063 1.30814 -2.40536 0.777524 -0.978609 -0.117473 0.021808 -0.353727 1.78545 0.543756 
-2.14961 -0.145256 0.572713 0.23057 -0.139674 1.30427 -2.42524 0.822003 -0.977737 -0.14652 0.0450759 -0.352017 1.75203 0.629337 
-2.16463 -0.164329 0.562451 0.243923 -0.149141 1.30002 -2.44711 0.866904 -0.969695 -0.176012 0.0626833 -0.351243 1.72552 0.708962 
-2.18113 -0.185289 0.551173 0.258599 -0.159545 1.29535 -2.47114 0.912204 -0.955983 -0.206001 0.0757967 -0.349944 1.70547 0.782648 
-2.19926 -0.208308 0.538789 0.274715 -0.17097 1.29022 -2.49752 0.958144 -0.937926 -0.236449 0.0855304 -0.347022 1.69143 0.85052 
-2.21914 -0.233555 0.525205 0.292391 -0.183501 1.2846 -2.52646 1.00516 -0.916599 -0.267262 0.0927957 -0.341681 1.68305 0.912779 
-2.2409 -0.261196 0.510334 0.311744 -0.19722 1.27844 -2.55815 1.05377 -0.89279 -0.298309 0.0981846 -0.333367 1.68016 0.969624 
-2.2647 -0.291419 0.494073 0.332904 -0.212221 1.2717 -2.59279 1.10417 -0.866542 -0.33019 0.101739 -0.320312 1.68059 1.02412 
-2.2906 -0.324315 0.476374 0.355935 -0.228549 1.26437 -2.6305 1.15743 -0.839187 -0.361234 0.103487 -0.305104 1.68946 1.07026 
-2.3187 -0.360001 0.457174 0.380921 -0.246262 1.25642 -2.67141 1.21292 -0.810201 -0.392912 0.102514 -0.284996 1.70297 1.11351 
-2.34901 -0.398505 0.436458 0.407879 -0.265372 1.24784 -2.71555 1.27107 -0.780171 -0.424358 0.0980628 -0.26173 1.72432 1.1507 
-2.38151 -0.439775 0.414254 0.436773 -0.285857 1.23864 -2.76286 1.33155 -0.749114 -0.455587 0.0888913 -0.23603 1.7546 1.18133 
-2.19898 -0.3912 0.41338 0.413643 -0.256815 1.19661 -2.6248 1.33668 -0.777315 -0.479749 0.0977775 -0.267669 1.7383 1.05906 
-2.01943 -0.336628 0.409727 0.356458 -0.225653 1.19197 -2.50133 1.34204 -0.806771 -0.504986 0.107059 -0.300717 1.72128 0.931355 
-1.85325 -0.281151 0.401487 0.275242 -0.195958 1.22143 -2.39472 1.34754 -0.837035 -0.530915 0.116595 -0.334671 1.70378 0.800144 
-1.70125 -0.236821 0.392656 0.185018 -0.167638 1.27966 -2.29885 1.35311 -0.867709 -0.557195 0.126261 -0.369084 1.68606 0.667158 
-1.5717 -0.197474 0.376864 0.0943584 -0.144661 1.35398 -2.21802 1.35871 -0.898504 -0.583578 0.135964 -0.403633 1.66826 0.533645 
-1.45931 -0.17301 0.359306 0.0138995 -0.124915 1.43993 -2.14469 1.3643 -0.92924 -0.609912 0.145649 -0.438117 1.65049 0.400388 
-1.43974 -0.260949 0.387467 0.0986607 -0.0970609 1.41676 -2.14059 1.40535 -0.938838 -0.655367 0.118529 -0.492151 1.68229 0.377561 
-1.42875 -0.352469 0.414713 0.187294 -0.0665408 1.3913 -2.14536 1.447 -0.948575 -0.70148 0.0910163 -0.546967 1.71455 0.354403 
-1.42171 -0.37293 0.362098 0.189869 -0.125632 1.4399 -2.20939 1.68575 -1.14225 -0.758168 0.346717 -0.599145 1.71422 0.453503 
-1.46006 -0.356457 0.386688 0.237809 -0.139353 1.33755 -2.26016 1.66087 -1.1609 -0.746541 0.321452 -0.592722 1.76256 0.54782 
-1.48788 -0.38506 0.349736 0.175585 -0.132253 1.33316 -2.28903 1.45136 -0.994998 -0.720958 0.305602 -0.553961 1.63235 0.55509 
-1.51647 -0.414448 0.311767 0.111649 -0.124957 1.32865 -2.31869 1.24734 -0.827589 -0.68805 0.253004 -0.51942 1.53549 0.571775 
-1.54565 -0.444449 0.273008 0.0463824 -0.117509 1.32404 -2.34896 1.06013 -0.665311 -0.657281 0.176565 -0.498613 1.46808 0.594866 
-1.57529 -0.47492 0.233641 -0.0199067 -0.109944 1.31936 -2.37971 0.878157 -0.513781 -0.634779 0.0716296 -0.481693 1.43184 0.618285 
-1.56603 -0.710716 0.24289 0.228404 -0.116132 1.20048 -2.35519 0.913664 -0.471214 -0.595566 0.0578785 -0.455673 1.50373 0.678524 
-1.54137 -0.986689 0.267155 0.447014 -0.11111 1.13947 -2.32393 0.949638 -0.428086 -0.555838 0.0439465 -0.429311 1.57657 0.739556 
-1.52281 -1.29027 0.29682 0.637322 -0.0841268 1.12864 -2.31581 0.985807 -0.384726 -0.515895 0.0299392 -0.402807 1.6498 0.800916 
-1.48271 -1.64336 0.323674 0.773447 -0.0308509 1.21065 -2.32833 1.02185 -0.341514 -0.47609 0.0159801 -0.376395 1.72278 0.862067 
-1.3746 -1.7507 0.396774 0.649441 -0.0296556 1.38896 -2.19699 0.990423 -0.349963 -0.490876 0.00490254 -0.424922 1.74864 0.801385 
-1.38311 -1.84398 0.394138 0.668029 -0.0162022 1.4577 -2.21584 0.981278 -0.495523 -0.527974 0.0585807 -0.436435 1.78844 0.725608 
-1.39158 -1.93681 0.391516 0.686529 -0.00281332 1.52611 -2.23461 0.964114 -0.624129 -0.565109 0.0705942 -0.450612 1.85164 0.64211 
-1.31744 -1.99635 0.475458 0.622321 0.100838 1.49229 -2.18917 0.971881 -0.624587 -0.574854 0.0123941 -0.485949 1.85815 0.713149 
-1.26179 -2.06109 0.550978 0.548726 0.182817 1.45228 -2.14431 0.979683 -0.625047 -0.584643 -0.0460668 -0.521444 1.86468 0.784506 
-1.17163 -1.91793 0.625482 0.362363 0.0487992 1.51566 -1.98894 0.965696 -0.638713 -0.603609 -0.0459516 -0.555486 1.85921 0.682991 
-1.13537 -2.01334 0.623586 0.377531 0.0491713 1.52439 -1.98315 0.983748 -0.649333 -0.63274 -0.0312319 -0.535922 1.8632 0.677518 
-1.09832 -2.11085 0.621648 0.393032 0.0495516 1.53331 -1.97723 1.00188 -0.661624 -0.6643 -0.0188644 -0.515507 1.86852 0.671306 
-1.0241 -1.94849 0.69843 0.236375 -0.0993581 1.58342 -1.86587 0.989542 -0.676343 -0.686049 -0.0175115 -0.547738 1.86347 0.569209 
-0.908214 -1.77478 0.734537 0.0845923 -0.274904 1.65821 -1.78141 0.976791 -0.691551 -0.708519 -0.0161136 -0.58104 1.85824 0.46372 
-0.78332 -1.62823 0.732056 -0.0429511 -0.431644 1.72843 -1.75291 0.963786 -0.707064 -0.731441 -0.0146877 -0.61501 1.85292 0.356115 
-0.768119 -1.57582 0.811215 -0.0206834 -0.484907 1.67527 -1.70124 0.955502 -0.727649 -0.714458 -0.029462 -0.609584 1.86505 0.311211 
-0.74449 -1.51795 0.882356 0.000318652 -0.548462 1.6218 -1.64872 0.947019 -0.748731 -0.697064 -0.0445932 -0.604026 1.87747 0.265222 
-0.763668 -1.5691 0.970653 -0.01853 -0.554101 1.6547 -1.73234 1.08042 -0.932397 -0.730181 0.165462 -0.665199 1.88435 0.241131 
-0.753958 -1.53328 1.04339 0.0265556 -0.602181 1.57338 -1.68583 1.07505 -0.957808 -0.713536 0.155223 -0.661065 1.89695 0.194511 
-0.753131 -1.50873 1.11344 0.086789 -0.647182 1.471 -1.63578 1.06956 -0.983793 -0.696516 0.144754 -0.656837 1.90983 0.146838 
-0.733145 -1.47158 1.17059 0.136921 -0.716799 1.37621 -1.57916 1.06393 -1.0104 -0.679087 0.134033 -0.652508 1.92303 0.0980183 
-0.734187 -1.45633 1.22925 0.215776 -0.782843 1.2422 -1.50608 1.05816 -1.03766 -0.661231 0.12305 -0.648073 1.93654 0.0480059 
-0.712181 -1.43099 1.2671 0.288234 -0.884886 1.11431 -1.41289 1.05224 -1.06567 -0.642887 0.111766 -0.643516 1.95043 -0.00337497 
-0.685035 -1.4107 1.28912 0.378608 -1.03029 0.967976 -1.26994 1.04613 -1.09455 -0.623967 0.100128 -0.638816 1.96475 -0.056371 
-0.635957 -1.37441 1.28648 0.474911 -1.26954 0.841337 -1.04466 1.03979 -1.12452 -0.604339 0.0880547 -0.633941 1.97961 -0.111348 
-0.580723 -1.28273 1.28205 0.569315 -1.651 0.805294 -0.717803 1.03321 -1.15564 -0.583957 0.0755172 -0.628878 1.99504 -0.168438 
-0.536335 -1.25228 1.23966 0.664859 -2.04226 0.83928 -0.396721 1.0312 -1.16967 -0.594111 0.0714489 -0.638701 1.99708 -0.2073 
-0.47106 -1.15106 1.15561 0.745544 -2.45652 1.01132 -0.125906 1.02934 -1.1826 -0.603471 0.0676988 -0.647756 1.99895 -0.243122 
-0.596352 -1.28773 1.20784 0.748381 -2.31306 0.784347 -0.0831541 1.02738 -1.19631 -0.613392 0.0637243 -0.657353 2.00094 -0.281088 
-0.704331 -1.44578 1.21214 0.736857 -2.20156 0.524252 -0.0457701 1.02533 -1.21059 -0.623723 0.059585 -0.667348 2.00301 -0.320628 
-0.770744 -1.58391 1.15596 0.726459 -2.16524 0.2762 0.0183817 1.02325 -1.22506 -0.634197 0.0553887 -0.67748 2.00511 -0.360713 
-0.764482 -1.68139 1.02297 0.71611 -2.22292 0.0573776 0.120516 1.0212 -1.23936 -0.644544 0.0512432 -0.68749 2.00719 -0.400311 
-0.816184 -1.95574 0.861851 0.658137 -2.34911 -0.318893 0.303005 1.01492 -1.23999 -0.680778 0.00606165 -0.752498 2.06159 -0.454822 
-0.849422 -2.06055 0.712675 0.589724 -2.3669 -0.555097 0.293708 1.01431 -1.26684 -0.71599 0.00300688 -0.80813 2.07657 -0.485353 
-0.888426 -2.12289 0.58149 0.506429 -2.39658 -0.754697 0.289082 1.01369 -1.29361 -0.751083 -3.7644e-05 -0.863575 2.0915 -0.515782 
-0.904762 -1.99538 0.562352 0.493739 -2.35233 -0.777707 0.235387 0.953397 -1.31821 -0.701069 -0.0275183 -0.850804 2.09146 -0.602052 
-0.923945 -2.05869 0.558007 0.462945 -2.39143 -0.79393 0.19352 0.970904 -1.24199 -0.654227 0.205654 -0.822085 1.9577 -0.303511 
-0.940802 -1.93005 0.544223 0.459294 -2.34613 -0.802112 0.134227 0.906839 -1.26472 -0.59806 0.187565 -0.806916 1.95106 -0.38168 
-0.958013 -1.79075 0.531012 0.452366 -2.29009 -0.806641 0.0565804 0.841063 -1.28806 -0.540393 0.168992 -0.791342 1.94424 -0.461937 
-0.971445 -1.63913 0.520731 0.424242 -2.24987 -0.817405 -0.012088 0.773892 -1.3119 -0.481504 0.150027 -0.775438 1.93728 -0.543895 
-0.984946 -1.4808 0.511808 0.386992 -2.20569 -0.832946 -0.0899955 0.705679 -1.3361 -0.421701 0.130766 -0.759287 1.93021 -0.627126 
-0.989825 -1.31895 0.501223 0.326198 -2.18021 -0.86132 -0.149668 0.636735 -1.36057 -0.361257 0.111299 -0.742963 1.92306 -0.711248 
-0.985406 -1.15927 0.488509 0.242591 -2.16936 -0.904346 -0.18945 0.567334 -1.38519 -0.300413 0.0917038 -0.726531 1.91587 -0.795927 
-0.98079 -1.00212 0.479969 0.148695 -2.15539 -0.95682 -0.228788 0.497741 -1.40989 -0.2394 0.0720538 -0.710053 1.90866 -0.880841 
-0.975204 -0.847666 0.476412 0.0444342 -2.1398 -1.01808 -0.265651 0.428174 -1.43458 -0.17841 0.0524113 -0.693582 1.90145 -0.965723 
-1.00676 -0.823104 0.511922 0.000237074 -2.18644 -1.06263 -0.200944 0.436744 -1.40909 -0.182347 -0.00826896 -0.701616 1.95319 -1.05981 
-0.971591 -0.870462 0.527631 -0.023678 -2.20975 -1.11116 -0.174032 0.505111 -1.48631 -0.103926 0.157287 -0.721498 1.95574 -0.978446 
-1.03649 -0.904163 0.575406 0.0362922 -2.14551 -1.1371 -0.236862 0.515152 -1.52573 -0.069514 0.145088 -0.715 2.00787 -0.99595 
-1.06525 -0.880954 0.575628 -0.0124068 -2.24673 -1.17117 -0.221397 0.536102 -1.45081 -0.0602214 0.334387 -0.720512 1.89571 -0.891792 
-1.18263 -0.84223 0.674071 0.115215 -2.15475 -1.13179 -0.386251 0.556723 -1.46446 -0.0537981 0.277019 -0.673607 1.93253 -0.901666 
-1.28672 -0.762464 0.760702 0.227814 -2.08296 -1.10363 -0.563426 0.577896 -1.47848 -0.0472032 0.218119 -0.62545 1.97033 -0.911805 
-1.3707 -0.641472 0.82414 0.32214 -2.04056 -1.08551 -0.746079 0.599477 -1.49277 -0.0404808 0.158081 -0.576361 2.00887 -0.922139 
-1.43403 -0.472517 0.853054 0.394968 -2.03363 -1.08104 -0.941584 0.621298 -1.50722 -0.0336839 0.0973779 -0.526729 2.04783 -0.932588 
-1.47228 -0.438882 0.860212 0.355998 -2.13047 -1.11318 -0.943977 0.646125 -1.44494 -0.0215413 0.212451 -0.52653 1.96486 -0.884797 
-1.5112 -0.404658 0.867496 0.316344 -2.22901 -1.14588 -0.946412 0.662328 -1.33215 -0.0140205 0.287791 -0.528782 1.88627 -0.850152 
-1.55066 -0.369952 0.874882 0.276133 -2.32893 -1.17904 -0.948881 0.669643 -1.17364 -0.0116627 0.320633 -0.532532 1.81081 -0.82465 
-1.58122 -0.273544 0.858319 0.271786 -2.37247 -1.24869 -1.03637 0.660197 -1.21206 0.0294013 0.331208 -0.50754 1.83692 -0.864808 
-1.60327 -0.168916 0.836852 0.249856 -2.42675 -1.33255 -1.12913 0.65064 -1.25092 0.070951 0.341909 -0.482252 1.86334 -0.905441 
-1.61537 -0.0692837 0.818768 0.214931 -2.48556 -1.42381 -1.21746 0.640992 -1.29016 0.112892 0.35271 -0.456726 1.89 -0.946456 
-1.78452 -0.0460265 0.832841 0.271724 -2.5653 -1.5403 -1.34336 0.616102 -1.37257 0.0859568 0.37132 -0.453074 1.92482 -0.959 
-1.85045 -0.423851 0.90161 0.477012 -2.43874 -1.32686 -1.03552 0.595565 -1.37792 0.0778669 0.331113 -0.453154 1.92849 -0.935376 
-1.8286 -0.412507 0.926876 0.480857 -2.35213 -1.29642 -1.02551 0.574013 -1.38354 0.0693773 0.288919 -0.453239 1.93234 -0.910585 
-1.80085 -0.748787 0.995253 0.494182 -2.27861 -1.23471 -0.657133 0.55131 -1.38945 0.0604344 0.244472 -0.453328 1.93639 -0.884469 
-1.75018 -0.721403 0.979316 0.47304 -2.20139 -1.20138 -0.649395 0.527643 -1.39562 0.0511119 0.198138 -0.453421 1.94062 -0.857245 
-1.53363 -0.894253 0.922991 0.243972 -2.2211 -1.26852 -0.108675 0.543243 -1.4537 0.0128243 0.147967 -0.484667 1.97108 -0.891976 
-1.36615 -0.846874 0.866741 0.0345525 -2.24984 -1.30191 -0.0459514 0.559066 -1.51261 -0.026011 0.0970788 -0.51636 2.00197 -0.927203 
-1.45859 -0.908554 0.805867 0.125988 -2.25506 -1.32922 0.00824799 0.526389 -1.53641 -0.104887 0.0544671 -0.471153 2.0158 -0.881482 
-1.47634 -0.903089 0.762004 0.109493 -2.25107 -1.32315 -0.0263737 0.521357 -1.56262 -0.147748 0.150562 -0.482652 1.8392 -0.66534 
-1.49563 -0.897152 0.714351 0.0915729 -2.24674 -1.31656 -0.0639867 0.506642 -1.54143 -0.195832 0.219002 -0.504012 1.66329 -0.459314 
-1.51658 -0.890704 0.662599 0.0721111 -2.24203 -1.3094 -0.104836 0.493993 -1.49387 -0.245017 0.292663 -0.549926 1.47007 -0.230925 
-1.53903 -0.883792 0.607118 0.0512471 -2.23699 -1.30173 -0.148628 0.467767 -1.39677 -0.299253 0.323679 -0.594265 1.28657 -0.00957781 
-1.56278 -0.876481 0.548441 0.029181 -2.23166 -1.29362 -0.194943 0.44561 -1.26088 -0.357693 0.339588 -0.657372 1.0999 0.241876 
-1.8862 -0.957948 0.612946 0.368105 -2.04924 -1.28882 -0.584557 0.45259 -1.2457 -0.409963 0.315193 -0.662339 1.08527 0.2863 
-1.94975 -0.650788 0.651418 0.40226 -2.04013 -1.3189 -0.910014 0.449741 -1.30489 -0.389859 0.244891 -0.652867 1.09785 0.267786 
-2.00345 -0.34414 0.665052 0.441394 -2.03495 -1.32069 -1.21471 0.446851 -1.36496 -0.369456 0.173547 -0.643254 1.11061 0.248999 
-1.93791 0.0832576 0.657464 0.239168 -2.16669 -1.45749 -1.44079 0.44398 -1.42462 -0.349193 0.102691 -0.633706 1.12328 0.230339 
-1.9166 0.394139 0.664478 0.143483 -2.2144 -1.48238 -1.60574 0.441113 -1.4842 -0.328956 0.0319235 -0.624171 1.13594 0.211703 
-1.83756 0.391618 0.741043 0.0267421 -2.21755 -1.55808 -1.47998 0.42656 -1.54644 -0.341358 0.0338348 -0.625943 1.11622 0.267179 
-1.8902 0.28043 0.716395 0.151247 -2.14622 -1.46926 -1.41153 0.402858 -1.57276 -0.326504 0.0345388 -0.613828 1.11756 0.330537 
-2.05438 0.141694 0.577816 0.273764 -2.14884 -1.46129 -1.3341 0.352488 -1.56504 -0.37807 0.0120663 -0.544852 1.15262 0.363948 
-2.12518 0.145943 0.561472 0.228251 -2.15228 -1.5048 -1.36048 0.437202 -1.39867 -0.491136 0.102694 -0.805184 0.935238 0.898857 
-2.11391 0.107912 0.625734 0.153814 -2.12009 -1.53515 -1.29217 0.412448 -1.43847 -0.537507 0.101391 -0.83087 0.894583 0.974902 
-2.15912 -0.0378743 0.652542 0.187347 -2.05461 -1.4992 -1.13117 0.387172 -1.4791 -0.584854 0.100061 -0.857097 0.853071 1.05255 
-2.15589 -0.0833083 0.694489 0.0929252 -2.03039 -1.53915 -1.04342 0.361685 -1.52007 -0.632596 0.0987194 -0.883543 0.811213 1.13084 
-2.25373 -0.262471 0.712941 0.194379 -1.92803 -1.4335 -0.935886 0.335634 -1.56195 -0.681397 0.0973483 -0.910576 0.768427 1.21087 
-2.19042 -0.257077 0.747803 0.0331731 -1.9462 -1.53395 -0.843321 0.302058 -1.59445 -0.680247 0.0507459 -0.896771 0.763556 1.25978 
-2.24685 -0.288257 0.788402 0.00150047 -1.92905 -1.55332 -0.891339 0.362334 -1.52137 -0.768652 0.170141 -1.26659 0.657919 1.80954 
-2.23017 -0.36357 0.817775 -0.0444148 -1.91473 -1.50121 -0.787211 0.326681 -1.52553 -0.774082 0.156644 -1.26118 0.609009 1.86601 
-2.1548 -0.457872 0.868619 0.0476145 -1.89807 -1.35467 -0.782021 0.360204 -1.52164 -0.721422 0.147639 -1.20431 0.606381 1.87981 
-2.03204 -0.529386 0.930076 0.113444 -1.85418 -1.18389 -0.779657 0.396447 -1.51744 -0.664488 0.137903 -1.14283 0.603539 1.89474 
-1.91907 -0.606368 0.992512 0.174099 -1.80422 -1.01744 -0.774591 0.435339 -1.51293 -0.603392 0.127456 -1.07685 0.60049 1.91075 
-1.74296 -0.650406 1.05133 0.189293 -1.73246 -0.829528 -0.776678 0.477408 -1.50804 -0.537306 0.116156 -1.00548 0.597192 1.92807 
-1.58226 -0.709826 1.11006 0.209503 -1.64875 -0.637186 -0.785235 0.522432 -1.50282 -0.46658 0.104061 -0.929105 0.593662 1.94661 
-1.34445 -0.717117 1.14801 0.165309 -1.52455 -0.431084 -0.839209 0.570916 -1.49719 -0.390417 0.0910376 -0.846856 0.589861 1.96658 
-1.05168 -0.814729 1.0372 0.165856 -1.04275 -0.41107 -1.22966 0.623393 -1.49111 -0.307981 0.0769413 -0.757834 0.585746 1.98819 
-0.780357 -0.793448 1.08485 -0.0173166 -0.897762 -0.0592731 -1.25974 0.677522 -1.48482 -0.22295 0.062401 -0.666009 0.581503 2.01048 
-0.73155 -0.812237 1.02167 -0.0444782 -0.955826 -0.0499349 -1.19939 0.652823 -1.6879 -0.333052 0.34886 -0.26556 0.36875 1.56016 
-0.599553 -1.17318 0.847945 0.0790739 -0.958692 0.0563208 -0.873544 0.643065 -1.68154 -0.348021 0.310443 -0.234918 0.33975 1.64302 
-0.547246 -1.17525 0.77393 0.0603631 -0.954732 0.0683738 -0.865667 0.711122 -1.34103 -0.358914 -0.0519704 -0.491296 0.559491 1.92141 
-0.492811 -1.17532 0.753837 0.044543 -0.90347 0.0751715 -0.913539 0.679149 -1.61434 -0.358665 0.271253 -0.305588 0.331959 1.72959 
-0.514023 -1.17539 0.703515 0.0110737 -0.950294 0.0741134 -0.928039 0.276618 -1.33382 -0.111557 0.367497 0.0211153 -0.131993 1.30887 
-0.458154 -1.04297 0.495941 -0.0312513 -0.930215 -0.109167 -1.05766 0.293928 -1.31563 -0.186743 0.345448 -0.00193898 -0.103796 1.30254 
-0.447562 -1.06682 0.451401 -0.0346234 -0.999086 -0.151445 -1.13464 0.737533 -0.85282 -0.645319 0.255626 0.409161 -0.311391 0.979805 
-0.574837 -0.821852 0.375701 0.021043 -1.03804 -0.522198 -1.12611 0.722414 -0.881528 -0.651077 0.264555 0.47592 -0.26642 1.00816 
-0.53987 -0.823471 0.34848 0.0146459 -1.00069 -0.584934 -1.18778 0.985457 -0.721667 -0.896801 0.201726 0.688087 -0.195423 0.936137 
-0.429137 -0.958198 0.223612 0.335231 -0.617533 -0.713385 -1.4073 0.965267 -0.715588 -0.876555 0.198178 0.759975 -0.175564 1.01133 
-0.498021 -0.595501 0.227442 0.0803027 -0.813461 -0.943431 -1.31114 0.948304 -0.690386 -0.848357 0.179033 0.754213 -0.219494 1.03074 
-0.515742 -0.601419 0.164779 0.0483519 -0.747441 -0.939692 -1.32233 0.604764 -0.750423 -0.596081 0.184678 0.433282 -0.4324 1.24106 
-0.344744 -0.963469 0.061202 0.444227 -0.377013 -0.921693 -1.5196 0.617691 -0.773028 -0.605203 0.174846 0.503874 -0.473042 1.2368 
-0.0890078 -0.995384 0.0435412 0.579966 0.0973177 -1.00615 -1.7302 0.633473 -0.763403 -0.563064 0.160854 0.540639 -0.490395 1.32226 
-0.245441 -0.7402 -0.0211249 0.375679 -0.304819 -1.09595 -1.44308 0.582563 -0.780008 -0.541802 0.15413 0.507118 -0.453254 1.29215 
-0.329868 -0.414993 -0.0683824 -0.0209795 -0.560442 -1.17293 -1.18754 0.529254 -0.797395 -0.519538 0.147089 0.472018 -0.414364 1.26061 
-0.169565 -0.687092 -0.0981176 0.29717 -0.284924 -1.1253 -1.38436 0.52849 -0.766195 -0.493027 0.120762 0.495595 -0.478889 1.27639 
-0.14241 -0.66033 -0.0997345 0.248806 -0.346767 -1.12388 -1.37418 0.325073 -0.886062 -0.299648 0.527173 -0.00887959 -0.951025 1.57438 
-0.115213 -0.633528 -0.101354 0.200368 -0.408703 -1.12247 -1.36399 0.0788659 -0.846611 -0.290121 0.743451 -0.524157 -1.44177 1.74053 
0 -0.8 -0.1 0.6 0 -1.3 -1.5 0.0196822 -0.807394 -0.275271 0.715919 -0.475965 -1.49528 1.81508 
