-5.17094 -2.02504 3.64255 2.66429 9.82443 -0.195414 
-5.15427 -1.76127 3.41773 2.46088 8.88894 -0.0820088 
-5.17432 -1.53018 3.23392 2.31303 8.18424 0.0135597 
-5.24936 -1.32923 3.09599 2.22691 7.71859 0.0985232 
-5.36311 -1.14668 2.988 2.1804 7.40306 0.178442 
-5.52089 -0.97813 2.90835 2.1729 7.2269 0.257874 
-5.71498 -0.817348 2.84893 2.19484 7.15067 0.339715 
-5.96279 -0.662536 2.81487 2.25726 7.20366 0.429255 
-6.24187 -0.507054 2.79214 2.34163 7.31993 0.526537 
-6.55487 -0.34871 2.77993 2.44939 7.49992 0.634099 
-6.88968 -0.184915 2.77149 2.57131 7.7117 0.751457 
-7.26282 -0.0146038 2.77222 2.71976 7.98931 0.883862 
-7.64566 0.163746 2.76998 2.87347 8.2671 1.02609 
-8.03821 0.350136 2.76477 3.03253 8.54478 1.17846 
-7.67441 0.454893 2.86744 2.93198 8.14413 0.985413 
-7.31903 0.55459 2.96274 2.83158 7.75431 0.806119 
-6.97205 0.649228 3.0507 2.73141 7.37524 0.640149 
-6.66259 0.742046 3.14503 2.65471 7.06843 0.491353 
-6.37416 0.832576 3.24055 2.58938 6.79925 0.354284 
-6.13321 0.925666 3.35332 2.55818 6.62513 0.229054 
-5.93628 1.02339 3.48636 2.56102 6.54206 0.110653 
-5.77992 1.12781 3.64267 2.5985 6.54787 -0.00572068 
-5.68599 1.24654 3.84235 2.69581 6.70163 -0.12593 
-5.64873 1.38303 4.0904 2.85714 7.00765 -0.258156 
-5.66241 1.54073 4.39184 3.0888 7.4751 -0.411279 
-5.74428 1.73001 4.77078 3.42671 8.18322 -0.600112 
-5.55819 1.61945 4.63155 3.40528 7.55854 -0.523056 
-5.37479 1.51216 4.49387 3.37582 6.96567 -0.451114 
-5.19407 1.40812 4.35773 3.3387 6.40381 -0.38413 
-5.03804 1.31308 4.24165 3.32327 5.92375 -0.32478 
-4.89509 1.22343 4.13602 3.31632 5.49117 -0.270394 
-4.7756 1.14129 4.04976 3.33375 5.12429 -0.221235 
-4.67884 1.06578 3.98244 3.37734 4.81492 -0.176024 
-4.62511 1.00054 3.95161 3.48073 4.59747 -0.13478 
-4.60254 0.941689 3.9475 3.63315 4.43995 -0.0948171 
-4.62032 0.889853 3.97834 3.85702 4.35392 -0.054698 
-4.67696 0.843258 4.04329 4.16137 4.33068 -0.0121308 
-4.79106 0.803488 4.15889 4.59596 4.39933 0.0356327 
-4.9505 0.76634 4.31526 5.16226 4.53281 0.0922465 
-4.79263 0.577864 4.23938 4.62306 4.19121 0.304265 
-4.6424 0.402848 4.16554 4.14053 3.88002 0.484738 
-4.54035 0.242452 4.131 3.77621 3.662 0.649489 
-4.48742 0.0917079 4.13852 3.51282 3.52988 0.81144 
-4.51522 -0.0547262 4.21948 3.38251 3.5268 0.996278 
-4.62524 -0.204801 4.37827 3.37099 3.65243 1.22426 
-4.85002 -0.368827 4.64903 3.51494 3.96391 1.53793 
-5.20204 -0.558856 5.0479 3.8282 4.5013 1.98449 
-4.8109 -0.68602 4.81544 3.71353 4.14285 1.8328 
-4.48332 -0.807979 4.63419 3.65388 3.88034 1.72252 
-4.22359 -0.931564 4.51386 3.67197 3.72303 1.65823 
-4.00752 -1.05772 4.43405 3.74312 3.63296 1.62345 
-3.83103 -1.19024 4.39449 3.8746 3.60846 1.61772 
-3.68167 -1.32993 4.38495 4.05661 3.63298 1.6339 
-3.56443 -1.48298 4.4152 4.31603 3.72432 1.68023 
-3.45985 -1.64589 4.46511 4.62384 3.85131 1.74288 
-3.3659 -1.82055 4.53457 4.98691 4.01604 1.82293 
-3.27352 -2.00459 4.61356 5.38986 4.20306 1.91351 
-3.18837 -2.20356 4.71187 5.86156 4.43234 2.02382 
-3.09576 -2.40952 4.80971 6.35925 4.66899 2.13803 
-2.99568 -2.62246 4.90707 6.8836 4.91308 2.25621 
-3.02014 -2.51386 4.87527 6.75186 4.50313 2.0776 
-3.04749 -2.41258 4.85085 6.64183 4.13167 1.91597 
-3.07174 -2.31336 4.82399 6.52629 3.77864 1.76212 
-3.0929 -2.2162 4.79469 6.40553 3.4436 1.61586 
-3.12465 -2.13045 4.78394 6.33529 3.15372 1.49007 
-3.16103 -2.05086 4.78193 6.28846 2.88961 1.37583 
-3.20253 -1.97708 4.78904 6.26565 2.6481 1.27181 
-3.25705 -1.91311 4.8166 6.29606 2.43725 1.18209 
-3.32561 -1.85825 4.86541 6.38169 2.25176 1.10445 
-3.40926 -1.81183 4.93629 6.52527 2.08672 1.03683 
4.53732 5.61864 -0.689959 -1.11289 4.17801 2.22788 
4.35663 5.37569 -0.704691 -1.15995 3.61764 2.04332 
4.21325 5.18005 -0.722644 -1.21209 3.16073 1.90085 
4.35663 5.37569 -0.704691 -1.15995 3.61764 2.04332 
4.53732 5.61864 -0.689959 -1.11289 4.17801 2.22788 
4.43813 5.1244 -0.802416 -0.977541 3.78565 2.02203 
4.41496 4.7559 -0.915578 -0.890789 3.55646 1.90263 
4.47886 4.50312 -1.03927 -0.846546 3.4825 1.86587 
4.41496 4.7559 -0.915578 -0.890789 3.55646 1.90263 
4.43813 5.1244 -0.802416 -0.977541 3.78565 2.02203 
4.41496 4.7559 -0.915578 -0.890789 3.55646 1.90263 
4.47886 4.50312 -1.03927 -0.846546 3.4825 1.86587 
4.60922 4.32633 -1.17523 -0.830018 3.51641 1.88675 
4.81378 4.2185 -1.33035 -0.840166 3.6638 1.96853 
5.07771 4.15416 -1.50481 -0.869482 3.90101 2.09872 
5.38322 4.11049 -1.69617 -0.910858 4.20263 2.26381 
5.70959 4.06736 -1.89939 -0.956904 4.53844 2.44763 
6.04553 4.01554 -2.11112 -1.00373 4.89156 2.64109 
6.37828 3.94713 -2.32671 -1.04713 5.24143 2.83309 
6.01126 3.51446 -2.27921 -0.925596 4.90407 2.61674 
5.71417 3.13969 -2.25108 -0.83171 4.66724 2.45948 
5.49651 2.82096 -2.24902 -0.764651 4.54797 2.36786 
5.33096 2.53705 -2.2649 -0.714066 4.50527 2.31837 
5.21535 2.28147 -2.30007 -0.67781 4.54084 2.31036 
5.13584 2.04307 -2.35059 -0.651192 4.63721 2.33364 
5.1023 1.82107 -2.42293 -0.635982 4.82004 2.39997 
5.08994 1.60186 -2.50733 -0.625446 5.052 2.48962 
5.09766 1.38219 -2.60448 -0.619042 5.33764 2.60415 
5.11345 1.15632 -2.70928 -0.613626 5.65805 2.73373 
5.14752 0.924562 -2.82797 -0.61146 6.04147 2.89151 
5.17761 0.680889 -2.94918 -0.607051 6.44176 3.05488 
5.20373 0.425295 -3.07293 -0.600297 6.85929 3.22392 
5.16459 0.177413 -2.91352 -0.42675 6.5174 3.10198 
5.13112 -0.0579469 -2.76417 -0.270188 6.20984 2.9924 
5.1149 -0.282853 -2.63006 -0.128799 5.96039 2.90741 
5.11713 -0.500222 -2.5102 0.00128872 5.76602 2.84656 
5.1276 -0.711391 -2.39828 0.123122 5.59941 2.79719 
5.15849 -0.919887 -2.29897 0.239581 5.48415 2.77171 
5.22277 -1.13118 -2.21631 0.355542 5.44337 2.78287 
5.31024 -1.34661 -2.14398 0.473653 5.45178 2.81889 
5.42207 -1.56909 -2.08101 0.597119 5.5096 2.88074 
5.57184 -1.80555 -2.03092 0.732485 5.64279 2.983 
5.76132 -2.06037 -1.99224 0.885005 5.85419 3.1285 
5.9923 -2.33792 -1.96352 1.06041 6.1482 3.32095 
6.26653 -2.64259 -1.94327 1.26506 6.53073 3.56498 
6.58581 -2.97875 -1.93003 1.50614 7.00925 3.86623 
6.54648 -2.75903 -1.76549 1.61991 6.59347 3.55749 
6.46159 -2.53026 -1.59636 1.69766 6.11682 3.22413 
6.37066 -2.31032 -1.43423 1.75842 5.66312 2.91201 
6.46159 -2.53026 -1.59636 1.69766 6.11682 3.22413 
6.54648 -2.75903 -1.76549 1.61991 6.59347 3.55749 
6.58581 -2.97875 -1.93003 1.50614 7.00925 3.86623 
6.37694 -3.02862 -1.96229 1.32858 6.60356 3.49883 
6.17122 -3.07402 -1.99166 1.16176 6.21382 3.15183 
5.98135 -3.12159 -2.02242 1.00965 5.86461 2.83675 
5.80685 -3.17199 -2.05503 0.870362 5.55268 2.54987 
5.64726 -3.22588 -2.0899 0.742123 5.27509 2.28776 
5.5021 -3.28395 -2.12748 0.623271 5.02912 2.04721 
5.38296 -3.35438 -2.17306 0.51455 4.83396 1.83343 
5.277 -3.43076 -2.22251 0.41127 4.66442 1.63369 
5.20725 -3.52971 -2.28657 0.314889 4.5597 1.45853 
5.16069 -3.64505 -2.36124 0.220486 4.49529 1.29499 
5.14782 -3.78651 -2.45285 0.126018 4.48881 1.14351 
5.16722 -3.95613 -2.56269 0.0275204 4.53789 0.997307 
5.20635 -4.14704 -2.68632 -0.0788306 4.62134 0.845846 
5.2862 -4.37876 -2.83638 -0.197715 4.77798 0.68985 
5.40488 -4.65396 -3.01461 -0.335537 5.0081 0.519201 
5.05866 -4.56828 -3.00303 -0.279533 4.58868 0.526155 
4.72266 -4.48184 -2.98899 -0.227537 4.19204 0.530982 
4.39688 -4.39466 -2.97249 -0.179424 3.81755 0.533773 
4.09924 -4.32561 -2.96648 -0.136255 3.49508 0.539317 
3.81845 -4.26542 -2.96504 -0.0964743 3.20342 0.545663 
3.56113 -4.22372 -2.97521 -0.0597855 2.95246 0.555568 
3.32451 -4.2007 -2.99767 -0.025192 2.73637 0.569525 
3.11997 -4.21573 -3.04693 0.00832902 2.57324 0.593448 
2.9353 -4.2596 -3.1173 0.0424227 2.44309 0.625817 
2.7725 -4.34228 -3.21693 0.0788361 2.35028 0.670773 
2.62596 -4.46418 -3.34718 0.119535 2.28751 0.730228 
2.50059 -4.64513 -3.52412 0.168074 2.26681 0.81331 
2.38325 -4.876 -3.7423 0.227188 2.26962 0.920789 
2.09575 -4.76127 -3.57677 0.0982673 2.01218 1.00456 
1.83451 -4.67284 -3.43592 -0.0145836 1.79753 1.08419 
1.5957 -4.61166 -3.31903 -0.116173 1.61913 1.16459 
1.37546 -4.57868 -3.22538 -0.210874 1.47128 1.25041 
1.16995 -4.57484 -3.15427 -0.302756 1.34902 1.34613 
0.975323 -4.60111 -3.10498 -0.395718 1.24798 1.4563 
0.78595 -4.64794 -3.06986 -0.491394 1.15903 1.57855 
0.975323 -4.60111 -3.10498 -0.395718 1.24798 1.4563 
1.16995 -4.57484 -3.15427 -0.302756 1.34902 1.34613 
1.37546 -4.57868 -3.22538 -0.210874 1.47128 1.25041 
1.5957 -4.61166 -3.31903 -0.116173 1.61913 1.16459 
1.83451 -4.67284 -3.43592 -0.0145836 1.79753 1.08419 
2.09575 -4.76127 -3.57677 0.0982673 2.01218 1.00456 
2.38325 -4.876 -3.7423 0.227188 2.26962 0.920789 
2.36511 -4.675 -3.67118 0.338474 1.87415 0.923274 
2.3621 -4.51449 -3.62631 0.439155 1.54531 0.934137 
2.37592 -4.39383 -3.60926 0.535571 1.2678 0.955668 
2.39758 -4.29331 -3.6056 0.628025 1.01906 0.981485 
2.4334 -4.22209 -3.62426 0.722694 0.796231 1.01741 
2.48465 -4.17971 -3.66644 0.823787 0.590579 1.06537 
2.54683 -4.15631 -3.7249 0.931361 0.392069 1.12247 
2.62668 -4.1609 -3.80898 1.05305 0.196188 1.19559 
2.7134 -4.17444 -3.90252 1.18303 -0.0051107 1.27604 
2.81358 -4.20601 -4.01473 1.32877 -0.21558 1.37079 
2.92176 -4.24611 -4.13746 1.48738 -0.439089 1.47556 
3.03836 -4.2946 -4.2711 1.66083 -0.678792 1.59153 
3.16379 -4.3513 -4.41606 1.8512 -0.938036 1.71997 
3.29848 -4.41607 -4.57272 2.06075 -1.2204 1.86223 
3.43598 -4.47978 -4.73203 2.28276 -1.5236 2.01174 
3.31225 -4.02564 -4.57842 2.00666 -1.2886 1.95391 
3.26374 -3.69331 -4.52705 1.8457 -1.13849 1.96809 
3.28988 -3.46142 -4.57831 1.77905 -1.05225 2.06206 
3.38167 -3.30264 -4.72069 1.78549 -1.01068 2.23547 
3.52079 -3.18558 -4.9294 1.8407 -0.995066 2.47597 
3.69463 -3.09007 -5.18729 1.93004 -0.994132 2.77616 
3.89727 -3.00527 -5.48639 2.04719 -1.00216 3.13596 
4.10524 -2.90994 -5.79384 2.16768 -1.00565 3.52345 
4.29279 -2.78735 -6.07318 2.26424 -0.99238 3.89275 
4.07898 -2.78354 -5.79981 1.97166 -1.01704 3.83486 
3.87864 -2.78295 -5.5443 1.70565 -1.04097 3.78661 
3.69103 -2.78594 -5.30579 1.46289 -1.06489 3.74866 
3.51543 -2.79285 -5.08343 1.2403 -1.0895 3.72167 
3.3511 -2.80405 -4.87637 1.035 -1.11548 3.70628 
3.20443 -2.82616 -4.69416 0.848044 -1.14855 3.7197 
3.06707 -2.8535 -4.52496 0.671611 -1.18466 3.74662 
3.20443 -2.82616 -4.69416 0.848044 -1.14855 3.7197 
3.06707 -2.8535 -4.52496 0.671611 -1.18466 3.74662 
2.94494 -2.89292 -4.37777 0.505622 -1.22999 3.80503 
2.83016 -2.9385 -4.24129 0.344089 -1.28014 3.87942 
2.72203 -2.99061 -4.11468 0.18483 -1.33582 3.97093 
2.63159 -3.06331 -4.01507 0.0259185 -1.41041 4.11765 
2.54534 -3.14371 -3.92246 -0.137946 -1.49327 4.28627 
2.46797 -3.23926 -3.84443 -0.310392 -1.59235 4.4983 
2.398 -3.35066 -3.77925 -0.496094 -1.7098 4.75791 
2.33398 -3.47862 -3.72523 -0.700036 -1.84804 5.06997 
2.27443 -3.62385 -3.68063 -0.927606 -2.00981 5.44007 
2.2179 -3.78704 -3.64375 -1.1847 -2.1982 5.87459 
2.13322 -3.75634 -3.41636 -1.00166 -2.08754 5.57542 
2.07843 -3.76902 -3.244 -0.864094 -2.03103 5.42144 
2.0452 -3.81446 -3.1102 -0.755223 -2.01263 5.36949 
2.03407 -3.89717 -3.01309 -0.668895 -2.03463 5.42556 
2.0456 -4.02166 -2.95079 -0.599861 -2.10045 5.59855 
2.07102 -4.17369 -2.90835 -0.538668 -2.19511 5.84841 
2.11065 -4.35596 -2.88463 -0.482714 -2.32207 6.18426 
2.16483 -4.57118 -2.87852 -0.429458 -2.48551 6.6171 
2.22436 -4.8015 -2.87656 -0.373131 -2.66747 7.09909 
2.29413 -5.05839 -2.88442 -0.314047 -2.8819 7.66729 
2.36471 -5.32191 -2.88952 -0.248219 -3.10742 8.26477 
2.43608 -5.59204 -2.89186 -0.175405 -3.3443 8.89226 
2.42727 -5.42656 -2.80061 0.036793 -3.34051 8.21751 
2.42936 -5.29391 -2.72665 0.225334 -3.35934 7.67333 
2.43304 -5.17181 -2.65841 0.394906 -3.37635 7.18411 
2.44962 -5.08292 -2.60748 0.553454 -3.42403 6.80594 
2.48038 -5.0275 -2.57391 0.708071 -3.50738 6.52909 
2.53235 -5.01715 -2.56349 0.869462 -3.64833 6.3747 
2.60724 -5.05221 -2.57628 1.04663 -3.85548 6.33596 
2.70676 -5.133 -2.6123 1.24899 -4.13917 6.40916 
2.83878 -5.2713 -2.67738 1.49328 -4.53163 6.62222 
3.01175 -5.47899 -2.77739 1.80164 -5.07374 7.00771 
3.22179 -5.74507 -2.90656 2.18597 -5.77225 7.54515 
