155
0 -0.45 -0.1 0.3 0 -1.4 -1.5 -0.22298 -0.443116 -0.00200849 0.436657 -0.544159 -1.54183 1.56446 
-0.0404283 -0.427471 -0.0166876 0.319678 0.0547841 -1.36372 -1.50525 -0.0329408 -0.635425 0.0907655 0.403026 -0.0352564 -1.1578 1.49938 
-0.0431468 -0.402499 -0.0178765 0.318023 0.0866785 -1.33657 -1.43583 0.118573 -0.714485 0.0780526 0.139607 0.50698 -0.751505 1.18296 
0.115917 -0.879596 0.00605376 0.627135 0.448971 -1.03408 -1.76827 0.171455 -0.715051 0.0323601 0.157633 0.516805 -0.686676 1.12843 
-0.126605 -0.634207 -0.0122604 0.40365 -0.0561178 -1.04249 -1.59142 0.191415 -0.673632 -0.0432176 0.178491 0.448856 -0.642594 1.13819 
-0.29383 -0.526216 0.00686777 0.0714528 -0.481178 -0.869771 -1.43668 0.190164 -0.688582 -0.0693072 0.18142 0.375074 -0.603794 1.0578 
-0.317505 -0.548144 0.019167 0.096815 -0.546375 -0.885636 -1.34688 -0.09538 -0.824824 0.0821628 0.461389 -0.112672 -0.766344 1.36758 
-0.330494 -0.58118 0.0546693 0.108912 -0.605974 -0.83992 -1.29458 0.228588 -0.883759 -0.123823 0.329119 0.268953 -0.477013 1.17792 
-0.343025 -0.613052 0.0889209 0.120583 -0.663473 -0.795814 -1.24413 0.733588 -0.714935 -0.666095 0.0710918 0.844326 -0.087064 0.905854 
-0.502836 -0.560912 0.0891461 0.0542909 -0.950499 -0.819387 -1.06923 0.727927 -0.706087 -0.723576 0.0976262 0.767235 -0.116319 0.953829 
-0.398943 -0.80422 0.0711876 0.279127 -0.704461 -0.759819 -1.25853 0.762866 -0.707851 -0.745001 0.12518 0.733631 -0.0884894 0.99109 
-0.20327 -1.14615 -0.0119082 0.46378 -0.495549 -0.470841 -1.33714 0.796247 -0.709537 -0.76547 0.151507 0.701523 -0.0619 1.02669 
-0.444605 -0.956445 0.120317 0.34591 -0.816375 -0.602726 -1.19815 0.82841 -0.71208 -0.813382 0.184845 0.680543 -0.0292028 0.999416 
-0.594336 -0.663807 0.254935 0.0891427 -1.16434 -0.617096 -0.981952 0.849132 -0.69604 -0.777851 0.203574 0.631894 0.0230108 0.953675 
-0.654632 -0.683954 0.284678 0.0980035 -1.19948 -0.641585 -1.04206 1.00388 -0.295764 -1.05746 -0.0454659 0.693818 0.247495 1.16105 
-0.784338 -0.502328 0.283182 0.195181 -0.897763 -0.983589 -1.46282 0.995742 -0.313184 -1.12152 -0.0175645 0.704244 0.209673 1.20112 
-0.787909 -0.861836 0.430428 0.151478 -1.20969 -0.621361 -1.06569 1.03543 -0.309536 -1.18596 -0.0135344 0.734957 0.195251 1.13321 
-0.707697 -1.20543 0.534565 0.163803 -1.18098 -0.282431 -0.969252 1.0732 -0.306063 -1.24729 -0.00969866 0.764189 0.181524 1.06858 
-0.729746 -1.20239 0.589616 0.203421 -1.10542 -0.318836 -0.990592 1.03802 -0.855306 -1.03665 0.246472 0.774502 -0.0746829 0.775853 
-0.770317 -1.00718 0.58845 0.101156 -1.23634 -0.402389 -0.862366 1.0616 -0.882818 -1.03851 0.294827 0.738968 -0.056812 0.71234 
-0.816762 -0.605287 0.537267 -0.0504269 -1.3451 -0.747359 -1.0036 1.05361 -0.884784 -1.01149 0.304075 0.769487 -0.0955291 0.745029 
-0.836852 -0.640943 0.575649 -0.0319691 -1.37463 -0.759556 -1.00197 1.23892 -0.510852 -1.30013 0.161853 0.942237 0.160973 0.794929 
-0.855602 -0.674221 0.611472 -0.0147421 -1.4022 -0.77094 -1.00045 1.29772 -0.194701 -1.48449 0.0110584 0.911791 0.400065 0.995571 
-0.897221 -0.468297 0.580004 -0.00447134 -1.30648 -0.980335 -1.18698 1.31158 -0.257389 -1.53011 0.0314809 0.931653 0.448943 0.930812 
-0.998092 -0.57152 0.565176 -0.0361237 -1.47569 -1.06338 -1.00581 1.29361 -0.243346 -1.55443 0.0835669 0.866401 0.414906 0.845366 
-1.13639 -0.722641 0.576474 0.0170486 -1.54412 -1.13957 -0.929824 1.27553 -0.229228 -1.57888 0.135927 0.800805 0.38069 0.759471 
-1.24953 -0.82705 0.598664 0.00883432 -1.58971 -1.22658 -0.860013 1.25738 -0.215049 -1.60344 0.188516 0.734923 0.346324 0.673201 
-1.39861 -0.977852 0.628037 0.0309313 -1.61856 -1.31969 -0.78684 1.23922 -0.200861 -1.62801 0.241137 0.669001 0.311937 0.586878 
-1.52005 -1.07299 0.662602 0.00539097 -1.6112 -1.41365 -0.738853 1.22101 -0.18664 -1.65264 0.293881 0.602924 0.27747 0.500352 
-1.66788 -1.19462 0.690682 -0.0401538 -1.60601 -1.52733 -0.650059 1.20284 -0.172447 -1.67722 0.346522 0.536976 0.24307 0.413996 
-1.68079 -1.18585 0.715642 -0.000478988 -1.58904 -1.51682 -0.596907 1.263 -0.404392 -1.76097 0.264423 0.386905 0.442699 0.209924 
-1.69361 -1.17713 0.740449 0.038952 -1.57218 -1.50638 -0.544081 1.28349 -0.621528 -1.82616 0.0757559 0.278318 0.714912 0.011265 
-1.72143 -1.12969 0.762906 0.117104 -1.5873 -1.51106 -0.669915 1.23778 -0.595872 -1.74915 0.0741642 0.252156 0.726907 -0.0452528 
-1.7885 -1.14109 0.788991 0.234304 -1.58216 -1.50008 -0.667272 1.1925 -0.570452 -1.67285 0.0725872 0.226233 0.738792 -0.101253 
-1.78034 -0.999202 0.789714 0.250683 -1.64681 -1.53517 -0.961106 1.14739 -0.545131 -1.59684 0.0710164 0.200411 0.750631 -0.157032 
-1.83894 -0.983685 0.795666 0.34027 -1.67448 -1.52115 -0.946422 1.10324 -0.520351 -1.52246 0.069479 0.175141 0.762217 -0.211622 
-1.63439 -0.631451 0.757625 0.221346 -1.79158 -1.53722 -1.34116 1.1371 -0.492969 -1.41544 0.0737419 0.130497 0.733496 -0.180611 
-1.49086 -0.453068 0.700867 0.140825 -1.86895 -1.51178 -1.42803 1.17085 -0.465674 -1.30876 0.0779911 0.0859945 0.704867 -0.149698 
-1.48584 -0.470159 0.739081 0.201211 -1.88302 -1.50717 -1.44409 1.22155 -0.702649 -1.25096 0.0667637 -0.0622106 0.957706 -0.403376 
-1.49552 -0.481477 0.742969 0.217575 -1.90629 -1.49232 -1.37672 1.14899 -0.860858 -1.15532 -0.0257193 -0.147085 1.20269 -0.650495 
-1.44177 -0.445229 0.701774 0.260565 -1.93819 -1.44908 -1.3542 1.44603 -0.913782 -1.26488 0.259357 -0.163814 1.01172 -0.449718 
-1.38921 -0.409791 0.661501 0.302593 -1.96938 -1.40681 -1.33218 1.73851 -0.94005 -1.37669 0.464504 -0.151352 0.893906 -0.272514 
-1.33829 -0.375449 0.622472 0.343322 -1.99961 -1.36584 -1.31084 2.05583 -0.922519 -1.48928 0.628355 -0.108427 0.823641 -0.0889082 
-1.28931 -0.342424 0.58494 0.38249 -2.02867 -1.32645 -1.29032 2.37716 -0.892273 -1.60209 0.730887 -0.0324652 0.829151 0.0643856 
-1.24052 -0.879855 0.734584 0.322696 -1.96799 -1.25959 -0.740394 2.3418 -0.849136 -1.59853 0.754601 -0.097314 0.860329 -0.00741875 
-1.22053 -0.8586 0.641473 0.357376 -1.98865 -1.24485 -0.657478 2.17683 -1.11445 -1.59379 0.560621 -0.198286 1.15 -0.283389 
-1.17007 -0.89263 0.573292 0.370481 -1.98557 -1.19154 -0.583828 1.62903 -1.12692 -1.12064 0.389317 -0.209108 1.31303 -0.480793 
-1.12186 -0.925137 0.508163 0.383 -1.98263 -1.14062 -0.513475 1.21459 -0.91221 -0.826036 0.102982 -0.121489 1.52497 -0.752947 
-1.16745 -0.986815 0.561404 0.453191 -1.9144 -1.17066 -0.689405 1.2213 -0.864764 -0.763998 0.107609 -0.167014 1.52047 -0.74618 
-1.20283 -1.01386 0.611875 0.500884 -1.8432 -1.22008 -0.895821 1.22777 -0.819028 -0.704196 0.112068 -0.210898 1.51613 -0.739658 
-1.19212 -0.932965 0.618956 0.466998 -1.8671 -1.29466 -1.07886 1.23396 -0.775278 -0.646991 0.116335 -0.252876 1.51197 -0.733419 
-1.18422 -0.825449 0.637464 0.430288 -1.87388 -1.36648 -1.29559 1.23987 -0.733512 -0.592381 0.120407 -0.29295 1.50801 -0.727462 
-1.11177 -0.649573 0.618899 0.253132 -1.99467 -1.47665 -1.41079 1.24548 -0.693881 -0.540561 0.124272 -0.330976 1.50425 -0.72181 
-1.10171 -0.612828 0.609062 0.320624 -2.00597 -1.46366 -1.36051 1.17788 -0.789538 -0.409906 0.0489055 -0.330272 1.79327 -1.01092 
-1.09218 -0.578036 0.599749 0.384527 -2.01667 -1.45136 -1.31291 1.12004 -0.831428 -0.272499 -0.0206522 -0.35372 2.0532 -1.28247 
-1.08318 -0.545193 0.590957 0.444852 -2.02677 -1.43976 -1.26797 1.24078 -1.1714 -0.223523 0.228791 -0.309002 2.06012 -1.1458 
-1.10808 -0.703622 0.588067 0.555503 -1.99809 -1.34118 -1.14992 1.22322 -1.11478 -0.174756 0.264131 -0.272701 2.03662 -1.06485 
-1.12446 -0.873559 0.589994 0.649756 -1.98385 -1.26017 -1.01427 1.20566 -1.0582 -0.126028 0.299441 -0.236429 2.01313 -0.983959 
-1.13804 -1.04203 0.592192 0.729804 -1.99108 -1.20197 -0.876204 1.1882 -1.00189 -0.0775393 0.334579 -0.200335 1.98976 -0.903468 
-1.14537 -1.21851 0.595946 0.793658 -2.02051 -1.16737 -0.718646 1.1709 -0.946118 -0.0295027 0.369389 -0.164578 1.96661 -0.823728 
-1.17475 -1.1828 0.561392 0.817014 -2.02929 -1.11414 -0.753649 1.15296 -0.9789 -0.0909744 0.404105 -0.178643 1.90683 -0.778872 
-1.2035 -1.14786 0.527584 0.839866 -2.03788 -1.06205 -0.787896 1.13855 -1.00773 -0.14741 0.439092 -0.188336 1.85368 -0.739685 
-1.23162 -1.11369 0.494519 0.862216 -2.04628 -1.01111 -0.821391 1.12948 -1.04144 -0.201209 0.480419 -0.193388 1.80231 -0.699819 
-1.2591 -1.0803 0.462206 0.884057 -2.05449 -0.96133 -0.854123 1.12212 -1.07585 -0.250812 0.521607 -0.198072 1.76072 -0.667528 
-1.38476 -1.27555 0.441383 1.06409 -2.07151 -0.951212 -0.871311 1.1201 -1.03491 -0.292882 0.518438 -0.144361 1.76673 -0.614827 
-1.32974 -1.25131 0.435472 1.04873 -2.02368 -0.910721 -0.852483 1.10173 -1.12003 -0.337712 0.519068 -0.187427 1.79307 -0.604582 
-1.27551 -1.22742 0.429648 1.03359 -1.97654 -0.870822 -0.83393 1.07804 -1.18991 -0.380383 0.500408 -0.231131 1.82904 -0.611138 
-1.22221 -1.20395 0.423923 1.0187 -1.93021 -0.831601 -0.815693 1.0515 -1.24855 -0.422171 0.468961 -0.271732 1.86633 -0.627113 
-1.1699 -1.1809 0.418304 1.00409 -1.88474 -0.793109 -0.797794 1.01908 -1.2871 -0.459921 0.419562 -0.309736 1.90783 -0.660136 
-1.11867 -1.15834 0.412801 0.98979 -1.84022 -0.755417 -0.780268 0.982555 -1.31121 -0.495396 0.359168 -0.341829 1.94698 -0.701936 
-1.06858 -1.13628 0.407421 0.975804 -1.79668 -0.718561 -0.763131 0.940903 -1.32032 -0.528199 0.288685 -0.366759 1.98343 -0.751721 
-1.01967 -1.11473 0.402168 0.962147 -1.75416 -0.682572 -0.746396 0.890948 -1.30766 -0.555164 0.203473 -0.386526 2.02125 -0.816081 
-0.972014 -1.09374 0.397049 0.948839 -1.71274 -0.647504 -0.73009 0.831831 -1.27454 -0.575198 0.104401 -0.401812 2.06082 -0.893112 
-0.975771 -1.33997 0.389282 0.979308 -1.8023 -0.653793 -0.586014 0.832157 -1.2346 -0.612854 0.129285 -0.448505 2.00765 -0.803294 
-0.964697 -1.56149 0.370464 0.980528 -1.92133 -0.665588 -0.428033 0.832477 -1.1953 -0.64991 0.153774 -0.494453 1.95532 -0.714907 
-0.950713 -1.74332 0.350063 0.968448 -2.02831 -0.672428 -0.306558 0.832791 -1.15672 -0.686274 0.177805 -0.539544 1.90397 -0.628171 
-0.934398 -1.88925 0.339826 0.938473 -2.13713 -0.670465 -0.197439 0.833098 -1.1189 -0.721933 0.20137 -0.58376 1.85362 -0.543117 
-0.920973 -2.00263 0.3382 0.909036 -2.21667 -0.655088 -0.132661 0.8334 -1.08182 -0.756888 0.22447 -0.627103 1.80426 -0.459741 
-0.908878 -2.08994 0.349681 0.872716 -2.28862 -0.628576 -0.0838068 0.833697 -1.04542 -0.791211 0.247152 -0.669662 1.7558 -0.377875 
-0.862068 -2.04252 0.345715 0.861176 -2.23143 -0.593412 -0.0841391 0.833309 -1.15255 -0.834236 0.122724 -0.713967 1.85502 -0.534217 
-0.817132 -1.997 0.341908 0.850097 -2.17652 -0.559655 -0.0844581 0.789383 -1.20325 -0.85413 -0.0455305 -0.738939 1.94562 -0.716843 
-0.809481 -2.0831 0.353629 0.824546 -2.25123 -0.507682 -0.0556278 0.790786 -1.16466 -0.885159 -0.0165647 -0.777635 1.89475 -0.630454 
-0.799116 -2.14364 0.374593 0.793319 -2.30891 -0.442421 -0.057204 0.792168 -1.12665 -0.915713 0.0119579 -0.815739 1.84466 -0.545387 
-0.527692 -2.09115 0.182419 0.945915 -1.91298 -0.195844 -0.533341 0.790324 -1.12554 -0.929528 0.0431283 -0.776026 1.79757 -0.502987 
-0.570533 -2.0272 0.238605 0.981488 -1.90673 -0.199187 -0.554446 0.716642 -1.06119 -0.942479 -0.00672918 -0.759947 1.81373 -0.706677 
-0.543592 -2.01345 0.269958 1.00879 -1.80608 -0.207552 -0.510488 0.80664 -1.10656 -0.957181 -0.0293623 -0.698072 1.87045 -0.69854 
-0.625942 -2.02909 0.208515 1.1311 -1.76935 -0.308377 -0.535608 0.778385 -1.10407 -0.972484 -0.00482705 -0.628961 1.87208 -0.737002 
-0.715876 -1.99458 0.118606 1.2489 -1.66886 -0.405674 -0.688186 0.750461 -1.10162 -0.987608 0.0194211 -0.560658 1.87368 -0.775014 
-0.487778 -1.77144 0.155551 1.11254 -1.35027 -0.276727 -0.954873 0.776264 -1.1082 -0.905683 0.022372 -0.602541 1.87787 -0.798715 
-0.348097 -1.57109 0.22121 0.951217 -1.01897 -0.211239 -1.28226 0.802837 -1.11498 -0.821313 0.025411 -0.645674 1.88218 -0.823123 
-0.195151 -1.39657 0.226194 0.77265 -0.811691 -0.177601 -1.53909 0.830077 -1.12194 -0.734825 0.0285262 -0.68989 1.8866 -0.848144 
-0.0101995 -1.24108 0.163844 0.594284 -0.764219 -0.1978 -1.65347 0.857646 -1.12897 -0.64729 0.0316792 -0.734641 1.89107 -0.873468 
0.460302 -1.34261 -0.422003 0.753243 -0.474491 -0.428354 -1.9673 0.830202 -1.09779 -0.697151 0.0307468 -0.730624 1.89032 -0.772963 
0.600325 -1.55436 -0.6449 0.755051 -0.398086 -0.0388815 -2.14032 0.80471 -1.06883 -0.743465 0.0298807 -0.726893 1.88962 -0.679608 
0.568431 -1.48901 -0.585792 0.742842 -0.390055 0.00281563 -2.13471 0.965273 -1.18571 -0.784708 0.290212 -0.721427 1.75119 -0.444279 
0.536462 -1.42352 -0.526546 0.730605 -0.382006 0.0446097 -2.12909 1.11509 -1.27761 -0.816149 0.524855 -0.731775 1.62854 -0.220253 
0.881212 -1.5909 -0.997413 0.719662 -0.629925 0.323019 -1.96852 1.08935 -1.23971 -0.867314 0.51987 -0.727624 1.63074 -0.130606 
0.847701 -1.52599 -0.929953 0.70674 -0.614838 0.352908 -1.96144 1.22616 -1.22802 -0.863175 0.718168 -0.715043 1.49428 0.117956 
0.814035 -1.46078 -0.862179 0.693759 -0.59968 0.382935 -1.95433 1.32737 -1.12396 -0.792393 0.876401 -0.658115 1.33318 0.345013 
0.780354 -1.39554 -0.794375 0.680771 -0.584517 0.412976 -1.94721 1.41011 -0.952634 -0.649488 0.987008 -0.550681 1.15172 0.553414 
0.802491 -1.49548 -0.87871 0.621573 -0.585353 0.575525 -1.97943 1.42796 -0.950835 -0.709572 0.969188 -0.573866 1.16872 0.61589 
0.840025 -1.60202 -0.96042 0.548717 -0.618153 0.743294 -1.98608 1.44555 -0.949063 -0.768764 0.951633 -0.596707 1.18547 0.677437 
0.872968 -1.72819 -1.02377 0.481719 -0.677837 0.900576 -1.97311 1.46276 -0.947329 -0.826687 0.934455 -0.619058 1.20187 0.737666 
0.887593 -1.87026 -1.04375 0.41461 -0.751137 1.06131 -1.95187 1.47947 -0.945645 -0.882926 0.917776 -0.640759 1.21778 0.796144 
0.855248 -2.00756 -1.01443 0.361247 -0.805631 1.20125 -1.94296 1.49562 -0.944018 -0.937264 0.901661 -0.661726 1.23316 0.852645 
0.781205 -2.10848 -0.959119 0.310549 -0.815663 1.31132 -1.9614 1.51124 -0.942445 -0.989825 0.886072 -0.682008 1.24804 0.907298 
0.751403 -2.0334 -0.964692 0.311024 -0.721173 1.33249 -1.95478 1.49792 -0.875051 -0.878492 0.809836 -0.584844 1.30527 0.914819 
0.722095 -1.95957 -0.970173 0.311491 -0.62825 1.3533 -1.94826 1.47864 -0.801696 -0.78934 0.70822 -0.507686 1.37494 0.907674 
0.693294 -1.88702 -0.97556 0.31195 -0.536932 1.37376 -1.94187 1.45178 -0.72618 -0.720339 0.587984 -0.450113 1.45173 0.891924 
0.665007 -1.81576 -0.98085 0.312401 -0.447249 1.39385 -1.93558 1.41684 -0.644705 -0.664571 0.449416 -0.411322 1.53753 0.868007 
0.637266 -1.74587 -0.986038 0.312844 -0.359292 1.41356 -1.92942 1.37375 -0.559112 -0.620209 0.295476 -0.38695 1.62804 0.83841 
0.61011 -1.67746 -0.991116 0.313276 -0.273193 1.43285 -1.92338 1.32266 -0.467669 -0.584276 0.125011 -0.374584 1.72356 0.803216 
0.650016 -1.91414 -1.01349 0.298713 -0.392682 1.50674 -1.85986 1.34485 -0.480927 -0.651783 0.132645 -0.40537 1.72414 0.863444 
0.617801 -2.11821 -0.964788 0.29062 -0.470476 1.57641 -1.82493 1.36587 -0.493481 -0.715707 0.139874 -0.434521 1.72469 0.920475 
0.592059 -2.04063 -0.970353 0.291711 -0.383636 1.59019 -1.82223 1.32938 -0.413658 -0.670082 -0.00334385 -0.43585 1.81549 0.874183 
0.459012 -2.13421 -1.03508 0.389761 -0.423951 1.64862 -1.86189 1.31007 -0.436837 -0.679667 0.0427408 -0.40535 1.80545 0.805375 
0.437597 -2.04664 -0.960343 0.379189 -0.41215 1.64956 -1.85787 1.31998 -0.176956 -0.545787 -0.0509598 -0.366537 1.81228 0.91098 
0.41011 -2.01865 -0.864715 0.171916 -0.407172 1.85865 -1.88409 1.34536 -0.154255 -0.526186 0.025468 -0.421892 1.80515 0.932488 
0.352006 -1.63283 -1.11676 0.126623 -0.134414 1.74013 -2.18818 1.36421 -0.196825 -0.506904 0.0631166 -0.444132 1.74731 0.881853 
0.121782 -1.28956 -1.0803 0.115074 0.123495 1.70502 -2.41898 1.38274 -0.238654 -0.487957 0.100109 -0.465985 1.69047 0.8321 
-0.0630632 -1.07124 -0.932937 0.0508288 0.249032 1.72694 -2.48114 1.40103 -0.279926 -0.469263 0.13661 -0.487547 1.63439 0.783009 
-0.197979 -0.886824 -0.808332 -0.0260484 0.329089 1.75068 -2.49671 1.41919 -0.320928 -0.450691 0.172872 -0.508968 1.57868 0.734239 
-0.348458 -1.05082 -0.853969 0.152246 0.300673 1.67528 -2.64104 1.3638 -0.320695 -0.516568 0.166908 -0.522158 1.59206 0.797964 
-0.562211 -1.14724 -0.878917 0.278861 0.294626 1.62619 -2.82699 1.30966 -0.320468 -0.580944 0.16108 -0.535048 1.60514 0.860237 
-0.817778 -1.16469 -0.870065 0.339173 0.315401 1.61863 -3.03738 1.25682 -0.320246 -0.643786 0.15539 -0.547631 1.6179 0.921026 
-0.803213 -1.10136 -0.793744 0.335846 0.304488 1.61317 -2.99289 1.36717 -0.343848 -0.570019 0.223332 -0.538491 1.60396 0.923192 
-0.79808 -1.23766 -0.782163 0.200399 0.265706 1.78175 -2.89857 1.32927 -0.322619 -0.636535 0.217758 -0.525419 1.58585 0.974561 
-0.811443 -1.34535 -0.747743 0.0364479 0.250536 1.95535 -2.80904 1.29252 -0.302034 -0.701034 0.212353 -0.512743 1.56829 1.02437 
-0.823638 -1.30334 -0.66704 0.0635693 0.30048 1.91331 -2.78302 1.28404 -0.280218 -0.697528 0.138497 -0.440781 1.56976 1.08605 
-0.835775 -1.26153 -0.586717 0.0905631 0.350189 1.87147 -2.75712 1.27323 -0.263384 -0.697918 0.0625929 -0.37813 1.57447 1.13653 
-0.847841 -1.21997 -0.506868 0.117398 0.399605 1.82988 -2.73137 1.25494 -0.253208 -0.703658 -0.0205896 -0.317518 1.58351 1.18004 
-0.886648 -1.36024 -0.475668 0.00396636 0.394736 1.98237 -2.64551 1.21789 -0.233254 -0.770515 -0.0194822 -0.309993 1.56485 1.22724 
-0.882957 -1.29102 -0.412894 0.0309088 0.375053 1.94038 -2.61545 1.26238 -0.240337 -0.695669 0.0344562 -0.237571 1.51409 1.29024 
-0.879349 -1.22335 -0.351516 0.0572517 0.355808 1.89932 -2.58606 1.31448 -0.250099 -0.617295 0.0928998 -0.168191 1.46051 1.35245 
-0.875832 -1.15739 -0.291693 0.0829273 0.337051 1.8593 -2.55741 1.37051 -0.260751 -0.535334 0.15012 -0.0986562 1.40335 1.41773 
-0.872414 -1.09329 -0.233553 0.107881 0.318821 1.8204 -2.52957 1.42951 -0.270246 -0.449639 0.201886 -0.0292445 1.34371 1.48632 
-0.869102 -1.03116 -0.177208 0.132064 0.301154 1.78271 -2.50259 1.49059 -0.27988 -0.361793 0.246369 0.0382364 1.28348 1.55575 
-0.8659 -0.971114 -0.122747 0.155438 0.284078 1.74628 -2.47651 1.55348 -0.285024 -0.272286 0.278817 0.104074 1.22283 1.62862 
-0.862812 -0.9132 -0.0702205 0.177982 0.267609 1.71114 -2.45136 1.61712 -0.288466 -0.184267 0.300363 0.165796 1.16281 1.70199 
-0.878743 -0.887345 0.00562451 0.204149 0.289977 1.66681 -2.41519 1.61226 -0.245373 -0.177612 0.240318 0.186042 1.1419 1.74786 
-0.894464 -0.86183 0.0804728 0.229972 0.312051 1.62306 -2.37951 1.60471 -0.211191 -0.174375 0.185691 0.202881 1.12366 1.78988 
-0.909967 -0.836669 0.154286 0.255437 0.333819 1.57992 -2.34431 1.59731 -0.179551 -0.172743 0.131766 0.217772 1.10858 1.83198 
-0.925247 -0.811871 0.22703 0.280534 0.355273 1.5374 -2.30963 1.591 -0.148942 -0.172273 0.0778244 0.231037 1.0968 1.87508 
-0.940294 -0.787449 0.298672 0.305251 0.376401 1.49553 -2.27547 1.58325 -0.12599 -0.173632 0.0329045 0.243545 1.08345 1.91515 
-0.93949 -0.731275 0.341877 0.323247 0.352081 1.47222 -2.26108 1.66784 -0.131835 -0.100414 0.070005 0.275658 1.0041 1.99978 
-0.938722 -0.677688 0.383091 0.340413 0.328882 1.44999 -2.24736 1.74918 -0.129776 -0.0348119 0.0905164 0.302282 0.92862 2.08587 
-0.973554 -0.879852 0.533025 0.410926 0.452095 1.47513 -2.15307 1.67596 -0.136096 -0.12269 0.0866912 0.259628 0.965941 2.11051 
-1.03032 -1.08102 0.683355 0.427294 0.592393 1.53503 -2.04726 1.60419 -0.142291 -0.208831 0.0829415 0.217816 1.00252 2.13465 
-1.02776 -1.00212 0.692128 0.4197 0.574726 1.53671 -2.04508 1.65253 -0.16449 -0.164815 0.168832 0.246897 0.897232 2.18524 
-1.02533 -0.92693 0.700489 0.412465 0.557891 1.5383 -2.04301 1.70305 -0.156728 -0.12162 0.218819 0.272044 0.806418 2.24949 
-1.02301 -0.855179 0.708467 0.405559 0.541826 1.53982 -2.04103 1.75414 -0.128368 -0.0824321 0.244485 0.294499 0.724126 2.32291 
-1.02079 -0.786621 0.71609 0.398962 0.526475 1.54127 -2.03914 1.82336 -0.0534675 -0.0526243 0.203869 0.309073 0.688495 2.42355 
-1.01865 -0.720729 0.723417 0.39262 0.511721 1.54267 -2.03733 1.89164 0.0354456 -0.032799 0.140993 0.322168 0.667878 2.53326 
-0.915947 -0.639064 0.769361 0.182491 0.595778 1.62052 -1.88803 1.82856 0.0349404 -0.128416 0.152286 0.283157 0.705197 2.53861 
-0.92767 -0.610358 0.819103 0.211475 0.646579 1.57925 -1.88655 1.82996 0.150483 -0.21126 -0.0391787 0.292372 0.861397 2.65933 
