1.13317 -4.08401 2.74606 6.78602 11.6337 -5.10359 
1.03732 -3.916 2.70905 6.76225 11.2461 -5.17628 
0.941463 -3.74799 2.67203 6.73848 10.8585 -5.24896 
0.851825 -3.59362 2.64044 6.72975 10.5305 -5.32412 
0.762188 -3.43925 2.60885 6.72102 10.2025 -5.39928 
0.67778 -3.29716 2.5827 6.72983 9.92896 -5.48126 
0.593371 -3.15506 2.55654 6.73863 9.65544 -5.56323 
0.513205 -3.02387 2.53585 6.76746 9.43193 -5.65617 
0.433038 -2.89268 2.51515 6.79628 9.20841 -5.74911 
0.356124 -2.77103 2.49993 6.84769 9.03109 -5.85707 
0.279211 -2.64937 2.48471 6.89909 8.85378 -5.96504 
0.204565 -2.53589 2.47498 6.9758 8.71949 -6.09212 
0.279211 -2.64937 2.48471 6.89909 8.85378 -5.96504 
0.356124 -2.77103 2.49993 6.84769 9.03109 -5.85707 
0.433038 -2.89268 2.51515 6.79628 9.20841 -5.74911 
0.356124 -2.77103 2.49993 6.84769 9.03109 -5.85707 
0.279211 -2.64937 2.48471 6.89909 8.85378 -5.96504 
0.356124 -2.77103 2.49993 6.84769 9.03109 -5.85707 
0.433038 -2.89268 2.51515 6.79628 9.20841 -5.74911 
0.513205 -3.02387 2.53585 6.76746 9.43193 -5.65617 
0.593371 -3.15506 2.55654 6.73863 9.65544 -5.56323 
0.67778 -3.29716 2.5827 6.72983 9.92896 -5.48126 
0.762188 -3.43925 2.60885 6.72102 10.2025 -5.39928 
0.851825 -3.59362 2.64044 6.72975 10.5305 -5.32412 
0.941463 -3.74799 2.67203 6.73848 10.8585 -5.24896 
1.03732 -3.916 2.70905 6.76225 11.2461 -5.17628 
1.13317 -4.08401 2.74606 6.78602 11.6337 -5.10359 
1.28941 -3.95986 2.58953 6.63642 11.2128 -5.05295 
1.44564 -3.8357 2.433 6.48681 10.792 -5.00231 
1.59686 -3.7187 2.28395 6.35408 10.412 -4.95985 
1.74807 -3.60169 2.13491 6.22134 10.032 -4.91739 
1.89313 -3.48774 1.9906 6.09188 9.6693 -4.87301 
2.03818 -3.37379 1.8463 5.96242 9.30658 -4.82863 
2.18209 -3.26971 1.71013 5.86093 8.99802 -4.80295 
2.32599 -3.16563 1.57395 5.75943 8.68946 -4.77727 
2.46795 -3.06717 1.44289 5.67223 8.4109 -4.76025 
2.60991 -2.9687 1.31183 5.58502 8.13234 -4.74324 
2.75095 -2.87534 1.1851 5.51143 7.88069 -4.73513 
2.892 -2.78198 1.05836 5.43784 7.62904 -4.72701 
3.03314 -2.69321 0.935165 5.37729 7.40145 -4.72806 
3.17429 -2.60445 0.811967 5.31673 7.17386 -4.72911 
3.31657 -2.51976 0.691516 5.26872 6.96766 -4.73964 
3.45886 -2.43508 0.571065 5.22071 6.76145 -4.75017 
3.6033 -2.35397 0.45257 5.18484 6.57414 -4.77054 
3.74774 -2.27286 0.334075 5.14896 6.38684 -4.79091 
3.89536 -2.19482 0.216745 5.12489 6.21609 -4.82154 
4.04299 -2.11677 0.0994154 5.10082 6.04533 -4.85217 
4.18993 -2.03907 -0.0173874 5.07689 5.87602 -4.88246 
4.04299 -2.11677 0.0994154 5.10082 6.04533 -4.85217 
3.89536 -2.19482 0.216745 5.12489 6.21609 -4.82154 
4.04299 -2.11677 0.0994154 5.10082 6.04533 -4.85217 
4.18993 -2.03907 -0.0173874 5.07689 5.87602 -4.88246 
4.04299 -2.11677 0.0994154 5.10082 6.04533 -4.85217 
3.89536 -2.19482 0.216745 5.12489 6.21609 -4.82154 
3.74774 -2.27286 0.334075 5.14896 6.38684 -4.79091 
3.89536 -2.19482 0.216745 5.12489 6.21609 -4.82154 
4.04299 -2.11677 0.0994154 5.10082 6.04533 -4.85217 
4.18993 -2.03907 -0.0173874 5.07689 5.87602 -4.88246 
4.33687 -1.96136 -0.13419 5.05296 5.70671 -4.91275 
4.18993 -2.03907 -0.0173874 5.07689 5.87602 -4.88246 
4.33687 -1.96136 -0.13419 5.05296 5.70671 -4.91275 
4.4936 -1.88808 -0.251296 5.05187 5.56319 -4.96524 
4.65034 -1.81481 -0.368402 5.05077 5.41967 -5.01773 
4.4936 -1.88808 -0.251296 5.05187 5.56319 -4.96524 
4.33687 -1.96136 -0.13419 5.05296 5.70671 -4.91275 
4.18993 -2.03907 -0.0173874 5.07689 5.87602 -4.88246 
4.04299 -2.11677 0.0994154 5.10082 6.04533 -4.85217 
4.18993 -2.03907 -0.0173874 5.07689 5.87602 -4.88246 
4.33687 -1.96136 -0.13419 5.05296 5.70671 -4.91275 
4.4936 -1.88808 -0.251296 5.05187 5.56319 -4.96524 
4.65034 -1.81481 -0.368402 5.05077 5.41967 -5.01773 
4.81333 -1.74306 -0.486713 5.06095 5.28631 -5.08214 
4.97632 -1.67132 -0.605023 5.07113 5.15295 -5.14656 
5.14069 -1.59889 -0.724388 5.08118 5.01686 -5.21183 
5.30505 -1.52647 -0.843752 5.09123 4.88077 -5.27709 
5.4833 -1.45643 -0.966581 5.12392 4.76244 -5.36731 
5.66156 -1.3864 -1.08941 5.15662 4.64411 -5.45753 
5.84255 -1.315 -1.21434 5.18926 4.5204 -5.5497 
6.02354 -1.2436 -1.33928 5.22189 4.3967 -5.64187 
6.21422 -1.17204 -1.46806 5.26598 4.27655 -5.74869 
6.40489 -1.10047 -1.59683 5.31006 4.1564 -5.85551 
6.60627 -1.02823 -1.73023 5.36578 4.0378 -5.978 
6.80766 -0.955991 -1.86364 5.4215 3.91921 -6.10049 
7.02077 -0.882564 -2.00246 5.48911 3.80013 -6.23979 
7.23389 -0.809137 -2.14129 5.55672 3.68105 -6.37909 
7.45977 -0.734012 -2.28632 5.63655 3.55936 -6.53644 
7.68565 -0.658888 -2.43135 5.71638 3.43768 -6.69379 
7.92531 -0.581557 -2.58339 5.80881 3.31118 -6.87055 
8.16497 -0.504226 -2.73542 5.90124 3.18469 -7.04732 
8.41079 -0.423834 -2.8922 5.99454 3.04524 -7.23017 
8.65661 -0.343442 -3.04897 6.08783 2.90578 -7.41302 
8.50012 -0.321619 -2.97048 5.76734 2.75164 -7.34912 
8.34362 -0.299796 -2.89199 5.44685 2.5975 -7.28522 
8.1979 -0.278717 -2.81777 5.14911 2.45427 -7.23588 
8.05218 -0.257637 -2.74354 4.85138 2.31103 -7.18654 
7.90857 -0.236958 -2.67054 4.56409 2.17283 -7.13697 
7.76497 -0.216278 -2.59753 4.2768 2.03462 -7.0874 
7.62348 -0.195999 -2.52575 3.99979 1.90138 -7.03762 
7.48199 -0.17572 -2.45396 3.72279 1.76813 -6.98783 
7.35021 -0.155984 -2.38583 3.46265 1.64296 -6.95239 
7.21844 -0.136248 -2.3177 3.20252 1.51779 -6.91695 
7.08836 -0.116832 -2.25055 2.95034 1.39644 -6.88124 
6.95828 -0.0974159 -2.1834 2.69815 1.2751 -6.84553 
6.82989 -0.07832 -2.11722 2.45381 1.15754 -6.80955 
6.7015 -0.0592241 -2.05104 2.20948 1.03998 -6.77358 
6.57481 -0.0404483 -1.98584 1.97289 0.92615 -6.73735 
6.44812 -0.0216725 -1.92063 1.73631 0.812323 -6.70112 
6.32987 -0.00320012 -1.85836 1.51016 0.703475 -6.6791 
6.21162 0.0152723 -1.79608 1.28402 0.594627 -6.65708 
6.09464 0.0335046 -1.73454 1.06354 0.488507 -6.63479 
5.97766 0.051737 -1.67299 0.843057 0.382387 -6.6125 
5.86195 0.0697293 -1.61218 0.628182 0.278968 -6.58995 
5.74624 0.0877216 -1.55136 0.413307 0.17555 -6.56739 
5.63792 0.105611 -1.49287 0.203972 0.0747487 -6.55905 
5.52959 0.123499 -1.43437 -0.00536238 -0.0260523 -6.55071 
5.42212 0.141228 -1.37636 -0.211024 -0.125083 -6.54214 
5.31464 0.158957 -1.31835 -0.416687 -0.224115 -6.53357 
5.20801 0.176526 -1.26083 -0.6187 -0.321388 -6.52476 
5.10138 0.194095 -1.20331 -0.820714 -0.418661 -6.51595 
5.00108 0.21176 -1.1475 -1.02184 -0.515556 -6.5215 
4.90078 0.229426 -1.09168 -1.22296 -0.612451 -6.52705 
4.8009 0.247011 -1.03611 -1.42227 -0.708474 -6.53245 
4.70102 0.264597 -0.980544 -1.62158 -0.804496 -6.53785 
4.60157 0.282102 -0.925218 -1.81909 -0.89965 -6.5431 
4.50211 0.299608 -0.869893 -2.0166 -0.994803 -6.54836 
4.40308 0.317033 -0.814811 -2.21231 -1.08909 -6.55347 
4.30405 0.334459 -0.759729 -2.40802 -1.18338 -6.55858 
4.21008 0.352221 -0.705625 -2.60826 -1.2799 -6.57839 
4.11611 0.369983 -0.65152 -2.8085 -1.37642 -6.59819 
4.02213 0.387745 -0.597416 -3.00873 -1.47294 -6.618 
3.92816 0.405507 -0.543312 -3.20897 -1.56946 -6.63781 
3.83419 0.423269 -0.489207 -3.40921 -1.66598 -6.65762 
3.74022 0.441031 -0.435103 -3.60945 -1.7625 -6.67743 
3.64624 0.458793 -0.380998 -3.80968 -1.85902 -6.69723 
3.55227 0.476556 -0.326894 -4.00992 -1.95554 -6.71704 
3.46209 0.494894 -0.273036 -4.2201 -2.0569 -6.75208 
3.3719 0.513233 -0.219178 -4.43029 -2.15826 -6.78713 
3.28129 0.531652 -0.165076 -4.6423 -2.26051 -6.82238 
3.19069 0.550071 -0.110974 -4.85431 -2.36276 -6.85764 
3.09966 0.568569 -0.0566285 -5.06816 -2.46589 -6.89311 
3.00863 0.587068 -0.00228296 -5.28201 -2.56902 -6.92858 
2.92033 0.606344 0.0524256 -5.51047 -2.67925 -6.9799 
2.83203 0.625619 0.107134 -5.73892 -2.78948 -7.03123 
2.74288 0.645055 0.16233 -5.97115 -2.90152 -7.08306 
2.65373 0.66449 0.217526 -6.20337 -3.01356 -7.13488 
2.56374 0.684086 0.27321 -6.43937 -3.12742 -7.18721 
2.47374 0.703681 0.328893 -6.67538 -3.24129 -7.23954 
2.38542 0.724253 0.385549 -6.93094 -3.36463 -7.30854 
2.2971 0.744826 0.442205 -7.1865 -3.48798 -7.37753 
2.2052 0.764781 0.498985 -7.43116 -3.60601 -7.43104 
2.11331 0.784737 0.555765 -7.67581 -3.72405 -7.48455 
2.02266 0.805749 0.613761 -7.94212 -3.85257 -7.55508 
1.93201 0.826761 0.671757 -8.20842 -3.9811 -7.62562 
1.84197 0.84895 0.731335 -8.49958 -4.12166 -7.7138 
1.75194 0.871139 0.790913 -8.79074 -4.26222 -7.80198 
1.65853 0.892672 0.850493 -9.07011 -4.39704 -7.87449 
1.56513 0.914204 0.910073 -9.34948 -4.53186 -7.94699 
1.47192 0.936993 0.971479 -9.65602 -4.67984 -8.03759 
1.37871 0.959782 1.03288 -9.96256 -4.82782 -8.12819 
1.28381 0.982891 1.09526 -10.2775 -4.97984 -8.22013 
1.18891 1.006 1.15765 -10.5924 -5.13186 -8.31207 
1.09231 1.02943 1.221 -10.9158 -5.28797 -8.40536 
0.995712 1.05286 1.28436 -11.2392 -5.44408 -8.49866 
0.898248 1.07774 1.35015 -11.5958 -5.61626 -8.61128 
0.800783 1.10263 1.41594 -11.9525 -5.78843 -8.7239 
0.701202 1.12792 1.48294 -12.3202 -5.96597 -8.83843 
0.601622 1.1532 1.54995 -12.6879 -6.1435 -8.95296 
0.499924 1.17889 1.61818 -13.0669 -6.32648 -9.0694 
0.398227 1.20457 1.68641 -13.4459 -6.50945 -9.18584 
0.294413 1.23066 1.75585 -13.8364 -6.69794 -9.30422 
0.190599 1.25675 1.8253 -14.2268 -6.88643 -9.42259 
0.135339 1.16986 1.84261 -13.9616 -7.03654 -9.34995 
0.190599 1.25675 1.8253 -14.2268 -6.88643 -9.42259 
0.167144 1.22368 1.65705 -14.2588 -6.69033 -9.23242 
0.143689 1.19061 1.48879 -14.2907 -6.49422 -9.04226 
0.120862 1.15823 1.32496 -14.3125 -6.30513 -8.85728 
0.0980348 1.12585 1.16112 -14.3343 -6.11604 -8.67229 
0.075836 1.09415 1.0017 -14.3463 -5.93384 -8.49242 
0.0536372 1.06246 0.842278 -14.3582 -5.75163 -8.31255 
0.0320777 1.03252 0.687836 -14.3909 -5.58765 -8.15461 
0.0105182 1.00258 0.533393 -14.4237 -5.42367 -7.99667 
-0.0105366 0.974237 0.382984 -14.4791 -5.27619 -7.85926 
-0.0315914 0.945896 0.232574 -14.5344 -5.12872 -7.72185 
-0.0521975 0.918048 0.0853178 -14.5826 -4.98569 -7.58761 
-0.0728036 0.890199 -0.0619382 -14.6308 -4.84267 -7.45336 
-0.0521975 0.918048 0.0853178 -14.5826 -4.98569 -7.58761 
-0.0315914 0.945896 0.232574 -14.5344 -5.12872 -7.72185 
-0.0105366 0.974237 0.382984 -14.4791 -5.27619 -7.85926 
0.0105182 1.00258 0.533393 -14.4237 -5.42367 -7.99667 
0.0320777 1.03252 0.687836 -14.3909 -5.58765 -8.15461 
0.0536372 1.06246 0.842278 -14.3582 -5.75163 -8.31255 
0.075836 1.09415 1.0017 -14.3463 -5.93384 -8.49242 
0.0980348 1.12585 1.16112 -14.3343 -6.11604 -8.67229 
0.120862 1.15823 1.32496 -14.3125 -6.30513 -8.85728 
0.143689 1.19061 1.48879 -14.2907 -6.49422 -9.04226 
0.167144 1.22368 1.65705 -14.2588 -6.69033 -9.23242 
0.190599 1.25675 1.8253 -14.2268 -6.88643 -9.42259 
0.245385 1.20862 1.79487 -13.9851 -6.60143 -9.16101 
0.300171 1.16049 1.76445 -13.7434 -6.31642 -8.89943 
0.353831 1.11321 1.73446 -13.5071 -6.04081 -8.64555 
0.407491 1.06592 1.70446 -13.2709 -5.7652 -8.39166 
0.460025 1.01949 1.6749 -13.04 -5.49884 -8.14535 
0.512559 0.973047 1.64534 -12.8091 -5.23249 -7.89905 
0.563967 0.927455 1.61621 -12.5836 -4.97526 -7.66023 
0.615375 0.881862 1.58707 -12.358 -4.71804 -7.42141 
0.66641 0.837949 1.55998 -12.1629 -4.4787 -7.20464 
0.717446 0.794036 1.53289 -11.9677 -4.23936 -6.98786 
0.76758 0.750799 1.50614 -11.7765 -4.00705 -6.7768 
0.817715 0.707562 1.47939 -11.5853 -3.77475 -6.56574 
0.866949 0.665002 1.45299 -11.398 -3.54938 -6.36032 
0.916183 0.622441 1.42659 -11.2107 -3.32402 -6.1549 
0.965607 0.581137 1.40201 -11.0507 -3.11174 -5.96747 
1.01503 0.539834 1.37743 -10.8907 -2.89946 -5.78005 
1.06258 0.498541 1.35167 -10.7105 -2.68686 -5.58498 
1.11012 0.457249 1.32591 -10.5304 -2.47426 -5.38991 
1.15808 0.417044 1.30189 -10.3763 -2.27288 -5.21128 
1.20604 0.376839 1.27787 -10.2223 -2.0715 -5.03265 
1.25476 0.337468 1.25546 -10.0928 -1.87876 -4.8683 
1.30347 0.298097 1.23306 -9.96322 -1.68602 -4.70395 
1.35019 0.258822 1.20951 -9.81401 -1.49366 -4.53255 
1.39691 0.219547 1.18596 -9.6648 -1.3013 -4.36115 
1.44461 0.180937 1.16394 -9.53909 -1.11586 -4.20263 
1.49232 0.142327 1.14192 -9.41337 -0.930417 -4.0441 
1.53957 0.104056 1.12007 -9.28932 -0.748183 -3.88813 
1.58682 0.0657838 1.09822 -9.16526 -0.565948 -3.73215 
1.63362 0.0278501 1.07654 -9.04286 -0.386899 -3.57871 
1.68042 -0.0100836 1.05487 -8.92045 -0.207849 -3.42527 
1.72876 -0.0477749 1.0345 -8.81921 -0.0316389 -3.28138 
1.7771 -0.0854663 1.01413 -8.71797 0.144571 -3.13748 
1.82522 -0.122989 0.993846 -8.6175 0.319205 -2.99482 
1.87333 -0.160511 0.973563 -8.51704 0.49384 -2.85216 
1.92122 -0.197864 0.953367 -8.41734 0.666904 -2.71074 
1.96912 -0.235217 0.93317 -8.31764 0.839969 -2.56931 
2.01911 -0.272751 0.914068 -8.23707 1.01414 -2.43429 
2.06911 -0.310284 0.894965 -8.15649 1.18831 -2.29927 
2.1191 -0.347818 0.875862 -8.07591 1.36249 -2.16425 
2.1691 -0.385352 0.85676 -7.99533 1.53666 -2.02922 
2.2191 -0.422885 0.837657 -7.91475 1.71083 -1.8942 
2.26909 -0.460419 0.818554 -7.83417 1.88501 -1.75918 
2.31909 -0.497952 0.799452 -7.7536 2.05918 -1.62416 
2.36909 -0.535486 0.780349 -7.67302 2.23335 -1.48913 
2.42186 -0.573707 0.762082 -7.60938 2.41334 -1.35686 
2.47464 -0.611928 0.743815 -7.54574 2.59334 -1.22459 
2.52764 -0.650318 0.725463 -7.48141 2.77492 -1.0911 
2.58064 -0.688708 0.70711 -7.41708 2.9565 -0.957612 
2.63387 -0.727268 0.688671 -7.35205 3.13967 -0.822908 
2.6871 -0.765827 0.670232 -7.28703 3.32284 -0.688204 
2.74367 -0.805496 0.652413 -7.23731 3.51586 -0.55321 
2.80024 -0.845166 0.634595 -7.18758 3.70888 -0.418215 
2.85726 -0.885174 0.616605 -7.13653 3.90514 -0.280768 
2.91428 -0.925181 0.598614 -7.08547 4.10141 -0.143322 
2.97175 -0.965527 0.580452 -7.03309 4.30094 -0.00340677 
3.02922 -1.00587 0.562289 -6.9807 4.50047 0.136508 
3.0906 -1.04775 0.544532 -6.94209 4.71409 0.279835 
3.15198 -1.08963 0.526775 -6.90348 4.92771 0.423162 
3.21403 -1.13202 0.50876 -6.86293 5.14638 0.570255 
3.27609 -1.1744 0.490745 -6.82238 5.36504 0.717348 
3.33882 -1.2173 0.472471 -6.77988 5.5888 0.868244 
3.40154 -1.26019 0.454198 -6.73737 5.81256 1.01914 
3.46874 -1.30504 0.436115 -6.70719 6.05497 1.17674 
3.53594 -1.34989 0.418032 -6.67702 6.29737 1.33433 
3.60404 -1.39541 0.399605 -6.64428 6.54683 1.49713 
3.67214 -1.44094 0.381178 -6.61155 6.79628 1.65994 
3.60404 -1.39541 0.399605 -6.64428 6.54683 1.49713 
3.67214 -1.44094 0.381178 -6.61155 6.79628 1.65994 
3.74114 -1.48714 0.362407 -6.57622 7.05288 1.82801 
3.81014 -1.53334 0.343635 -6.5409 7.30947 1.99608 
3.88004 -1.58022 0.32452 -6.50294 7.57328 2.16949 
3.94994 -1.62709 0.305404 -6.46497 7.83709 2.3429 
4.02499 -1.67643 0.286221 -6.4376 8.12561 2.52732 
4.10004 -1.72577 0.267038 -6.41022 8.41413 2.71174 
4.17621 -1.77596 0.247425 -6.37958 8.71209 2.90307 
4.25238 -1.82615 0.227811 -6.34894 9.01005 3.09439 
4.33415 -1.87913 0.207958 -6.32774 9.33712 3.29982 
4.41592 -1.93212 0.188104 -6.30653 9.66419 3.50524 
4.49904 -1.98612 0.167735 -6.2814 10.0032 3.71931 
4.58216 -2.04012 0.147365 -6.25628 10.3421 3.93337 
4.46197 -1.99926 0.217721 -5.86857 10.0205 3.7483 
4.34179 -1.9584 0.288076 -5.48087 9.69877 3.56323 
4.23333 -1.9223 0.356077 -5.13851 9.42878 3.40239 
4.12488 -1.8862 0.424078 -4.79616 9.15878 3.24155 
4.019 -1.85078 0.489429 -4.47367 8.899 3.08904 
3.91311 -1.81535 0.554781 -4.15119 8.63921 2.93653 
3.81782 -1.78439 0.618955 -3.86343 8.42474 2.80363 
3.72253 -1.75342 0.683129 -3.57568 8.21027 2.67074 
3.62923 -1.72298 0.745242 -3.30241 8.00293 2.54386 
3.53594 -1.69254 0.807356 -3.02914 7.79558 2.41698 
3.45209 -1.66626 0.86947 -2.78123 7.62817 2.30567 
3.36825 -1.63998 0.931584 -2.53332 7.46077 2.19437 
3.28941 -1.61585 0.993403 -2.29984 7.31391 2.09153 
3.21058 -1.59172 1.05522 -2.06635 7.16705 1.98869 
3.13633 -1.56963 1.11719 -1.84422 7.03917 1.89303 
3.06207 -1.54754 1.17916 -1.62208 6.91129 1.79736 
2.99527 -1.52908 1.24319 -1.41103 6.81609 1.71131 
2.92847 -1.51061 1.30721 -1.19998 6.72089 1.62525 
2.86196 -1.49223 1.37095 -0.990806 6.62645 1.53994 
2.79544 -1.47384 1.43468 -0.78163 6.532 1.45464 
2.73524 -1.45878 1.50165 -0.575987 6.46708 1.3759 
2.67503 -1.44372 1.56862 -0.370344 6.40215 1.29717 
2.61741 -1.43018 1.63781 -0.162733 6.35065 1.22026 
2.55979 -1.41663 1.70699 0.0448769 6.29915 1.14336 
2.50705 -1.40603 1.78088 0.258334 6.27405 1.0694 
2.45432 -1.39544 1.85477 0.471792 6.24894 0.995451 
2.40302 -1.38605 1.93204 0.694877 6.23508 0.920438 
2.35173 -1.37667 2.00932 0.917962 6.22121 0.845424 
2.30145 -1.36838 2.09042 1.15374 6.21789 0.768224 
2.25117 -1.36009 2.17153 1.38952 6.21456 0.691023 
2.20377 -1.35423 2.2594 1.64527 6.23443 0.611601 
2.15638 -1.34837 2.34728 1.90102 6.2543 0.532179 
2.10885 -1.3433 2.44015 2.17824 6.28312 0.447425 
2.06133 -1.33824 2.53303 2.45546 6.31193 0.362672 
2.01326 -1.33385 2.63136 2.75792 6.3491 0.271255 
1.96518 -1.32947 2.72969 3.06038 6.38627 0.179839 
1.91799 -1.32699 2.83684 3.39959 6.44418 0.0802994 
1.8708 -1.3245 2.944 3.7388 6.5021 -0.01924 
