315
-0.20944 0.122173 0.174533 1.309 0.261799 0.698132 -0.106584 1.06335 0.282882 -0.115211 -1.95829 -1.35962 
-0.282297 0.0685296 0.11961 1.26538 0.207258 0.675048 0.132931 0.754425 0.448923 0.140997 -1.64028 -1.32525 
-0.357725 0.0129941 0.062749 1.22022 0.150793 0.65115 0.346671 0.558359 0.345225 0.415296 -1.2096 -1.4038 
-0.285158 0.00715464 0.0529765 1.23894 0.100514 0.557657 0.271525 0.509614 0.324296 0.224995 -1.05602 -1.18474 
-0.211715 0.0012446 0.0430859 1.25789 0.0496275 0.463034 0.1939 0.483872 0.277407 -0.00867226 -0.92991 -0.911856 
-0.137007 -0.00476721 0.033025 1.27716 -0.00213544 0.366782 0.134459 0.488843 0.197232 -0.231703 -0.872537 -0.628465 
-0.0611014 -0.0108754 0.0228028 1.29674 -0.0547282 0.268987 0.0778542 0.513827 0.093755 -0.458101 -0.851885 -0.32515 
-0.0299731 -0.0182657 0.00499326 1.33437 -0.0826609 0.114895 0.102916 0.565544 -0.0569055 -0.511121 -0.829873 -0.118499 
0.000767955 -0.0255641 -0.0125947 1.37153 -0.110246 -0.0372806 0.122429 0.635676 -0.237071 -0.554296 -0.804538 0.0807648 
0.0724638 -0.0459899 -0.0584935 1.38745 -0.17465 -0.15744 0.110991 0.706346 -0.517392 -0.707065 -0.678081 0.417722 
0.0742906 0.0761543 -0.219425 1.66066 -0.176959 -0.539555 0.147873 0.694363 -0.558521 -0.609717 -0.702468 0.44002 
0.0611677 0.176226 -0.346718 1.87859 -0.146811 -0.863269 0.18397 0.682636 -0.598775 -0.514441 -0.726335 0.461843 
0.254637 0.282133 -0.592063 2.04233 -0.433157 -1.11287 0.0845556 0.647027 -0.607392 -0.542199 -0.689955 0.51217 
0.41119 0.545628 -1.10217 2.20417 -0.724323 -1.41044 -0.00649301 0.614415 -0.615284 -0.567621 -0.656635 0.558262 
0.293179 0.502669 -1.07344 2.19696 -0.612042 -1.41536 0.143247 0.550358 -0.644218 -0.326441 -0.336901 0.299155 
0.288239 0.442119 -0.805338 1.62735 -0.463979 -0.9039 0.16546 0.501921 -0.631887 -0.242024 -0.250709 0.34819 
0.164693 0.514087 -0.871386 1.58272 -0.309966 -0.839968 0.244692 0.465086 -0.604136 -0.127177 -0.270193 0.28548 
0.214314 0.467806 -0.793544 1.6083 -0.313862 -0.830133 0.170403 0.329769 -0.355314 -0.369563 -0.382356 0.499533 
0.259407 0.42575 -0.722806 1.63155 -0.317402 -0.821196 0.0917448 0.238668 -0.176584 -0.525722 -0.470854 0.609826 
0.30085 0.387096 -0.657793 1.65291 -0.320656 -0.812981 0.0150197 0.167569 -0.038773 -0.628952 -0.542329 0.665522 
0.33932 0.351216 -0.597445 1.67274 -0.323676 -0.805357 -0.0648594 0.115658 0.0749717 -0.714792 -0.600994 0.689551 
0.375172 0.317777 -0.541201 1.69122 -0.326491 -0.79825 -0.136677 0.0712102 0.167142 -0.769264 -0.639568 0.684874 
0.408868 0.286349 -0.488341 1.7086 -0.329136 -0.791572 -0.210686 0.0374957 0.248751 -0.817277 -0.665053 0.660811 
0.440616 0.256738 -0.438538 1.72496 -0.331629 -0.785279 -0.268116 0.00437798 0.317702 -0.824902 -0.666969 0.605808 
0.470848 0.228541 -0.391112 1.74055 -0.334003 -0.779287 -0.327759 -0.0239035 0.383868 -0.827981 -0.653041 0.534797 
0.499689 0.201642 -0.345869 1.75542 -0.336267 -0.773571 -0.359197 -0.0543389 0.44302 -0.754267 -0.620454 0.405163 
0.527654 0.175559 -0.301999 1.76983 -0.338463 -0.768028 -0.392976 -0.0843553 0.504625 -0.664915 -0.568258 0.250041 
0.554837 0.150206 -0.259356 1.78385 -0.340597 -0.76264 -0.468594 0.0891274 0.49062 -0.718358 -0.892017 0.185198 
0.579442 0.127258 -0.220758 1.79653 -0.342528 -0.757764 -0.520397 0.281457 0.425257 -0.777466 -1.15428 0.12003 
0.601933 0.10628 -0.185475 1.80813 -0.344294 -0.753306 -0.546303 0.470621 0.313405 -0.836566 -1.35179 0.0506821 
0.62272 0.0868925 -0.152866 1.81884 -0.345926 -0.749186 -0.562577 0.65772 0.168579 -0.900693 -1.51158 -0.00210103 
0.642028 0.0688844 -0.122578 1.82879 -0.347442 -0.745359 -0.566773 0.833069 -0.00322704 -0.958877 -1.62892 -0.0419328 
0.660089 0.0520389 -0.0942444 1.83811 -0.34886 -0.741779 -0.567094 1.01199 -0.208289 -1.01106 -1.72677 -0.0604309 
0.677032 0.0362367 -0.0676659 1.84684 -0.35019 -0.738421 -0.565276 1.18789 -0.437352 -1.04579 -1.79442 -0.0624617 
0.693004 0.0213394 -0.0426095 1.85507 -0.351444 -0.735255 -0.561554 1.39896 -0.747932 -1.06116 -1.84156 -0.0220197 
0.976762 0.0924419 -0.125935 1.61811 -0.77519 -0.632956 -0.514596 1.3553 -0.728656 -0.931165 -1.71022 -0.00436746 
1.1796 0.276695 -0.288212 1.48679 -1.10881 -0.679368 -0.467988 1.31197 -0.709524 -0.802131 -1.57985 0.0131537 
1.30873 0.496304 -0.480855 1.37839 -1.33693 -0.776418 -0.422367 1.26955 -0.690797 -0.675833 -1.45225 0.0303034 
1.37838 0.737139 -0.678874 1.26152 -1.47927 -0.886044 -0.378114 1.22841 -0.672631 -0.553319 -1.32847 0.0469392 
1.42374 0.949272 -0.823492 1.1454 -1.57348 -0.984072 -0.335483 1.18877 -0.655132 -0.435296 -1.20922 0.0629652 
1.44341 1.11875 -0.867948 1.029 -1.64808 -1.0357 -0.294465 1.15063 -0.638294 -0.321741 -1.09449 0.0783845 
1.45776 1.22067 -0.777401 0.929276 -1.7444 -1.0375 -0.254826 1.11377 -0.622023 -0.212 -0.98362 0.0932859 
1.45523 1.30511 -0.623573 0.838933 -1.85934 -1.01098 -0.216177 1.07784 -0.606158 -0.105004 -0.875518 0.107815 
1.4494 1.3896 -0.443443 0.767017 -1.99717 -0.97681 -0.178455 1.04277 -0.590673 -0.000571668 -0.770005 0.121995 
1.43358 1.31402 -0.399106 0.823246 -1.92682 -0.962892 -0.152318 0.926004 -0.315329 0.0557602 -1.04249 0.0493429 
1.41849 1.24189 -0.356795 0.876906 -1.85969 -0.94961 -0.123848 0.856515 -0.101158 0.093826 -1.29306 -0.005386 
1.40421 1.17365 -0.316765 0.927673 -1.79618 -0.937044 -0.090215 0.837709 0.0516252 0.127187 -1.53105 -0.0531971 
1.39076 1.1094 -0.279073 0.975475 -1.73638 -0.925212 -0.0581653 0.855076 0.166697 0.155237 -1.75697 -0.0907381 
1.35855 0.703432 0.141849 1.00829 -1.65485 -0.850753 0.0656882 0.799999 0.135827 0.216022 -1.75888 -0.127791 
1.28436 0.346028 0.398121 1.00795 -1.47796 -0.880548 0.189595 0.744898 0.104944 0.276833 -1.76079 -0.164861 
1.29936 0.551776 -0.0164051 1.06677 -1.49525 -1.03721 0.124044 0.732703 0.0858319 0.226816 -1.72121 -0.28832 
1.30227 0.83319 -0.596128 1.10843 -1.47555 -1.27261 0.060703 0.720918 0.0673637 0.178483 -1.68295 -0.407619 
1.28398 0.862691 -0.641622 1.09587 -1.44823 -1.32291 0.0657355 0.692177 -0.0275862 0.231146 -1.53742 -0.381896 
1.26611 0.891506 -0.686058 1.0836 -1.42155 -1.37204 0.0640278 0.67148 -0.127398 0.286027 -1.38902 -0.362225 
1.24877 0.919472 -0.729185 1.07169 -1.39566 -1.41972 0.0577469 0.67201 -0.252773 0.345912 -1.23766 -0.354917 
1.30461 0.777734 -0.519094 1.00108 -1.45729 -1.35815 0.0636968 0.630528 -0.280368 0.326831 -1.121 -0.392938 
1.35474 0.664297 -0.357895 0.938362 -1.51225 -1.31859 0.0694898 0.59014 -0.307235 0.308253 -1.00741 -0.429957 
1.4081 0.566451 -0.23485 0.888518 -1.56319 -1.30326 0.0751096 0.550959 -0.333299 0.290231 -0.897218 -0.465869 
1.45611 0.481462 -0.128436 0.84065 -1.61113 -1.29332 0.0805503 0.513028 -0.358532 0.272783 -0.790541 -0.500636 
1.46062 0.444312 -0.157432 0.763752 -1.53141 -1.2228 -0.0882946 0.405174 -0.329115 -0.143839 -0.625834 -0.0383673 
1.52546 0.262988 -0.199849 0.875724 -1.34883 -1.40781 -0.06741 0.359403 -0.365813 -0.159364 -0.65576 -0.0111477 
1.59995 0.145907 -0.374037 1.05733 -1.17565 -1.69609 -0.0475029 0.315774 -0.400794 -0.174162 -0.684285 0.0147978 
1.90906 -0.160377 0.165642 1.00118 -1.41763 -1.69072 -0.0536269 0.414304 -0.471456 -0.198022 -0.684244 0.132669 
1.94551 -0.240571 0.128069 0.9493 -1.36718 -1.63137 -0.163332 0.451277 -0.556733 -0.586937 -0.740152 0.518775 
1.9793 -0.314926 0.0932319 0.9012 -1.32041 -1.57634 -0.239047 0.549712 -0.75869 -0.889648 -0.808288 0.838712 
2.01052 -0.383614 0.0610497 0.856766 -1.27721 -1.5255 -0.293698 0.784519 -1.22381 -1.21346 -0.849288 1.23449 
1.79695 -0.447161 0.0882244 0.891034 -1.05136 -1.38329 -0.357212 0.736221 -1.19255 -1.2265 -0.936709 1.35973 
1.82302 -0.372402 0.00343661 0.907589 -1.10625 -1.41175 -0.381198 0.565182 -0.840065 -1.07978 -1.03101 1.07553 
1.84849 -0.299339 -0.0794286 0.923769 -1.1599 -1.43956 -0.403963 0.483404 -0.639643 -0.991644 -1.1168 0.880407 
1.87237 -0.230833 -0.157124 0.93894 -1.2102 -1.46563 -0.437045 0.43421 -0.490295 -0.93765 -1.20479 0.721115 
1.89442 -0.167604 -0.228836 0.952942 -1.25662 -1.48969 -0.469027 0.403238 -0.364226 -0.896172 -1.29476 0.577766 
1.91451 -0.109961 -0.294212 0.965707 -1.29895 -1.51163 -0.509392 0.388184 -0.265132 -0.874986 -1.37983 0.454888 
1.93274 -0.0576775 -0.353509 0.977285 -1.33734 -1.53153 -0.549005 0.383316 -0.178291 -0.861103 -1.46449 0.339754 
1.94918 -0.0105245 -0.406988 0.987727 -1.37196 -1.54948 -0.595621 0.386083 -0.111706 -0.860915 -1.53746 0.242729 
1.96403 0.0320596 -0.455285 0.997157 -1.40322 -1.56568 -0.642168 0.395092 -0.0529132 -0.865519 -1.60884 0.14968 
1.97741 0.0704347 -0.498808 1.00565 -1.4314 -1.58029 -0.697791 0.40878 -0.012564 -0.881206 -1.6633 0.0583473 
1.98945 0.104993 -0.538002 1.01331 -1.45677 -1.59344 -0.75394 0.427052 0.0212832 -0.900255 -1.71564 -0.0304351 
2.0003 0.136116 -0.573301 1.0202 -1.47963 -1.60529 -0.814768 0.44149 0.0411386 -0.923134 -1.74588 -0.110688 
2.01011 0.164254 -0.605214 1.02643 -1.50029 -1.616 -0.87659 0.459552 0.0553136 -0.948388 -1.77486 -0.18817 
2.019 0.189728 -0.634105 1.03207 -1.51899 -1.62569 -0.940136 0.469367 0.0587495 -0.971155 -1.77802 -0.26953 
2.02704 0.212795 -0.660267 1.03718 -1.53593 -1.63447 -1.00498 0.482691 0.0562604 -0.9962 -1.78116 -0.346602 
2.03434 0.233736 -0.684018 1.04182 -1.5513 -1.64244 -1.06523 0.481629 0.0506057 -1.00996 -1.75756 -0.438405 
2.04095 0.252696 -0.705521 1.04602 -1.56522 -1.64966 -1.12722 0.484135 0.0387068 -1.02727 -1.73491 -0.524139 
2.04696 0.269925 -0.725061 1.04983 -1.57787 -1.65622 -1.17661 0.468122 0.0343317 -1.02325 -1.69003 -0.641492 
2.05237 0.285467 -0.742688 1.05327 -1.58928 -1.66213 -1.22839 0.455221 0.0238715 -1.02473 -1.6455 -0.75181 
2.05729 0.299557 -0.758668 1.05639 -1.59963 -1.66749 -1.25925 0.426123 0.0300218 -0.994319 -1.59294 -0.91478 
2.06169 0.312176 -0.77298 1.05919 -1.60889 -1.6723 -1.29269 0.398769 0.0310426 -0.969452 -1.53837 -1.07202 
2.06565 0.323546 -0.785875 1.06171 -1.61724 -1.67662 -1.29996 0.369851 0.045926 -0.908939 -1.5042 -1.29795 
2.06917 0.333653 -0.797338 1.06394 -1.62466 -1.68047 -1.30891 0.341261 0.0571573 -0.850903 -1.46712 -1.52161 
2.07233 0.342699 -0.807598 1.06595 -1.63131 -1.68391 -1.29735 0.337078 0.05777 -0.783874 -1.48147 -1.79415 
2.07514 0.350756 -0.816736 1.06773 -1.63722 -1.68698 -1.28679 0.333087 0.0557608 -0.718433 -1.4952 -2.06439 
2.07766 0.357986 -0.824935 1.06933 -1.64253 -1.68973 -1.29065 0.269638 0.117258 -0.740593 -1.44551 -1.89298 
2.08016 0.365167 -0.83308 1.07092 -1.6478 -1.69246 -1.29492 0.20664 0.174877 -0.764097 -1.39344 -1.71667 
2.08265 0.372302 -0.841172 1.0725 -1.65304 -1.69518 -1.29464 0.146889 0.230248 -0.783663 -1.35286 -1.55482 
2.08511 0.37936 -0.849177 1.07407 -1.65822 -1.69787 -1.29441 0.0871578 0.282437 -0.804563 -1.30992 -1.38769 
2.08754 0.386345 -0.857099 1.07561 -1.66335 -1.70052 -1.28936 0.0266006 0.334191 -0.820134 -1.27229 -1.22699 
2.08995 0.393237 -0.864916 1.07714 -1.66841 -1.70315 -1.28385 -0.0341843 0.382808 -0.837117 -1.23193 -1.06075 
2.09232 0.400039 -0.87263 1.07865 -1.67341 -1.70574 -1.2716 -0.0986487 0.431664 -0.845656 -1.1909 -0.902986 
2.09465 0.406724 -0.880212 1.08013 -1.67831 -1.70828 -1.25794 -0.163405 0.476909 -0.855648 -1.14613 -0.73971 
2.09694 0.413292 -0.887661 1.08158 -1.68314 -1.71078 -1.23298 -0.234455 0.522484 -0.851789 -1.09167 -0.597472 
2.09917 0.419686 -0.894913 1.083 -1.68783 -1.71321 -1.20432 -0.305343 0.563214 -0.848755 -1.03109 -0.451016 
2.10133 0.4259 -0.901961 1.08437 -1.69239 -1.71558 -1.16141 -0.379655 0.59629 -0.835843 -0.951771 -0.318107 
2.10342 0.431889 -0.908753 1.0857 -1.69679 -1.71786 -1.11069 -0.451763 0.622845 -0.821174 -0.863268 -0.185285 
2.10543 0.437638 -0.915273 1.08697 -1.70101 -1.72005 -1.03857 -0.520903 0.635016 -0.790913 -0.748742 -0.0803678 
2.10732 0.443077 -0.921441 1.08818 -1.70501 -1.72212 -0.951357 -0.583138 0.638694 -0.742089 -0.622336 0.00502224 
2.1091 0.448163 -0.92721 1.0893 -1.70874 -1.72405 -0.834001 -0.631259 0.621467 -0.630526 -0.471373 0.0017141 
2.1107 0.452763 -0.932427 1.09032 -1.71212 -1.7258 -0.693683 -0.665658 0.594137 -0.362106 -0.324719 -0.159123 
2.1949 0.245903 -0.377229 1.06631 -1.90333 -1.41067 -0.662583 -0.587412 0.529605 -0.379507 -0.30359 -0.114734 
2.2524 0.199811 -0.0851998 1.0736 -2.0487 -1.18 -0.631624 -0.509519 0.465365 -0.39683 -0.282557 -0.0705461 
2.19216 0.249552 -0.0839296 1.12401 -1.96887 -1.07268 -0.922748 -0.3835 0.442607 -0.836231 -0.544186 0.525075 
2.13169 0.299487 -0.0826545 1.17462 -1.88874 -0.964943 -1.11054 -0.231467 0.451976 -0.856926 -0.797163 0.668428 
2.07228 0.34854 -0.0814019 1.22433 -1.81002 -0.859109 -1.22619 -0.0544957 0.468022 -0.814921 -1.01666 0.700015 
2.01402 0.396648 -0.0801735 1.27309 -1.73282 -0.755315 -1.30249 0.145138 0.491297 -0.764445 -1.23313 0.701727 
1.99907 0.364296 -0.116483 1.24193 -1.72782 -0.772374 -1.2874 -0.0261353 0.503523 -0.77434 -1.097 0.829763 
1.9845 0.332778 -0.151858 1.21158 -1.72295 -0.788994 -1.25917 -0.194039 0.500736 -0.796772 -0.940529 0.966449 
1.97034 0.302134 -0.186252 1.18206 -1.71822 -0.805152 -1.20253 -0.34037 0.46205 -0.838633 -0.752785 1.09651 
1.95663 0.272457 -0.21956 1.15348 -1.71363 -0.820801 -1.10123 -0.464656 0.399467 -0.897561 -0.528237 1.22216 
1.94345 0.243955 -0.251549 1.12603 -1.70923 -0.83583 -0.908105 -0.541303 0.295122 -0.928407 -0.242881 1.24304 
1.86 0.448828 -0.432584 1.13908 -1.65949 -0.80529 -0.937994 -0.505937 0.278914 -0.875793 -0.197963 1.28892 
1.80029 0.643786 -0.651877 1.1614 -1.59863 -0.839154 -0.967204 -0.471376 0.263075 -0.824376 -0.154067 1.33376 
1.74778 0.92182 -1.03554 1.18791 -1.51905 -0.950929 -0.995659 -0.437708 0.247645 -0.774286 -0.111305 1.37744 
1.75774 0.621468 -0.274318 1.10215 -1.71591 -0.446583 -0.918335 -0.463266 0.256858 -0.738739 -0.078303 1.27149 
1.74292 0.569375 0.0813671 1.05846 -1.8858 -0.0905362 -0.837915 -0.489847 0.266439 -0.70177 -0.0439801 1.16129 
1.70083 0.613975 0.309499 1.04548 -2.05831 0.248971 -0.757669 -0.516371 0.275999 -0.664879 -0.0097311 1.05134 
1.74116 0.459979 0.359275 1.04424 -2.01806 0.25076 -0.764484 -0.509838 0.25747 -0.651444 -0.0770794 1.07896 
1.77694 0.318029 0.386268 1.03688 -1.97436 0.243281 -0.771178 -0.503421 0.239271 -0.638249 -0.143225 1.1061 
1.80764 0.204913 0.36581 1.02736 -1.92409 0.219719 -0.777749 -0.497122 0.221406 -0.625295 -0.208161 1.13273 
1.83689 0.0991605 0.333838 1.01877 -1.86972 0.190944 -0.784205 -0.490934 0.203855 -0.61257 -0.271952 1.1589 
1.86132 0.0264981 0.260405 1.01329 -1.81315 0.156295 -0.790546 -0.484855 0.186614 -0.600069 -0.334616 1.18461 
1.8793 -0.0237972 0.168096 1.01062 -1.75676 0.126663 -0.796775 -0.478884 0.16968 -0.587791 -0.396165 1.20985 
1.89201 -0.040473 0.0356378 1.01314 -1.69821 0.0924142 -0.802886 -0.473026 0.153065 -0.575743 -0.456556 1.23463 
1.8972 -0.0344155 -0.117693 1.02021 -1.63795 0.0610957 -0.80888 -0.46728 0.136769 -0.563928 -0.515786 1.25892 
1.89641 0.0100605 -0.325137 1.03548 -1.57124 0.0159752 -0.814751 -0.461652 0.120808 -0.552354 -0.573802 1.28272 
1.88685 0.0919027 -0.585266 1.06083 -1.49546 -0.0434085 -0.820496 -0.456145 0.105188 -0.541029 -0.630573 1.30601 
1.87004 0.30926 -1.08724 1.11728 -1.37792 -0.203648 -0.826103 -0.45077 0.0899449 -0.529977 -0.685978 1.32874 
1.82202 0.328619 -0.779695 1.02852 -1.48847 0.11129 -0.833125 -0.358828 0.0249481 -0.568596 -0.653544 1.35042 
1.77593 0.517296 -0.807806 0.969142 -1.54619 0.273691 -0.839498 -0.275385 -0.0340407 -0.603646 -0.624109 1.37011 
1.72983 0.845362 -1.11851 0.914914 -1.53364 0.318521 -0.845527 -0.19644 -0.0898493 -0.636806 -0.59626 1.38873 
1.76032 0.8728 -1.05351 0.967521 -1.52817 0.20231 -0.70986 -0.113416 -0.206222 -0.278395 -0.34413 1.15905 
1.73171 0.914208 -0.441052 0.871165 -1.89275 0.690151 -0.650964 -0.0379516 -0.165381 -0.238591 -0.291698 1.06695 
1.89933 0.489227 0.108299 0.955754 -2.01381 0.818935 -0.546162 -0.020585 -0.205242 -0.249604 -0.299277 1.11891 
2.12615 0.131949 0.443369 1.01109 -2.09057 0.792929 -0.444584 -0.00375267 -0.243876 -0.260279 -0.306623 1.16928 
2.11777 0.0636843 0.401604 1.06726 -2.08803 0.838384 -0.266778 -0.242789 0.26603 0.100115 -0.691117 0.735188 
2.10867 -0.0104556 0.356245 1.12827 -2.08527 0.88775 -0.0833774 -0.318709 0.648796 0.181914 -1.14649 0.590163 
2.0992 -0.0876103 0.309041 1.19175 -2.08239 0.939125 0.0504868 -0.156481 0.89052 0.187284 -1.68772 0.553762 
2.09465 -0.154693 0.255538 1.08546 -2.01923 0.862455 0.0422884 -0.343682 0.805781 0.141513 -1.36862 0.551642 
2.09012 -0.221345 0.202378 0.979855 -1.95648 0.786279 0.158347 -0.429933 0.626509 0.21177 -1.06596 0.412157 
2.08569 -0.28667 0.150276 0.876348 -1.89497 0.711617 0.399036 -0.377252 0.350865 0.453387 -0.867401 0.0416252 
2.08144 -0.349268 0.10035 0.777164 -1.83603 0.640074 0.68355 -0.173217 -0.0309164 0.776988 -0.846291 -0.455493 
2.06827 -0.38509 0.0590517 0.717977 -1.74092 0.668969 0.70406 -0.108588 -0.321852 1.05728 -0.646256 -0.761887 
1.74644 0.0492382 -0.133873 0.722557 -1.86107 1.06726 0.594245 -0.0539127 -0.300948 1.10408 -0.629277 -0.838914 
1.58899 0.697898 -0.879322 0.631492 -1.85471 1.12463 0.483016 0.00146604 -0.279775 1.15148 -0.612079 -0.916933 
1.49247 0.673245 -0.84758 0.695674 -1.81042 1.15805 0.66116 0.00909304 -0.181625 1.06432 -0.888867 -0.808349 
1.46737 0.706896 -0.832661 0.739226 -1.72197 1.13833 0.63272 -0.0810577 -0.136259 1.09756 -0.908431 -0.660996 
1.44317 0.739337 -0.818279 0.78121 -1.63671 1.11932 0.597333 -0.179706 -0.0758083 1.13293 -0.919637 -0.514463 
1.41988 0.770561 -0.804436 0.82162 -1.55464 1.10102 0.546193 -0.283715 -0.0116878 1.17716 -0.909697 -0.365328 
1.39751 0.80056 -0.791136 0.860444 -1.47579 1.08345 0.475495 -0.393687 0.0618516 1.22767 -0.877658 -0.216768 
1.37605 0.829337 -0.778378 0.897687 -1.40016 1.06658 0.358183 -0.50992 0.141272 1.29657 -0.795006 -0.06454 
1.35551 0.856874 -0.76617 0.933325 -1.32778 1.05045 0.163024 -0.624501 0.223658 1.39024 -0.636947 0.0928816 
1.23241 0.876878 -0.764612 0.870912 -1.27851 0.947065 0.72361 0.0255475 -0.805662 1.47734 -1.28073 -0.380332 
1.17772 0.897944 -0.613565 0.681718 -1.50809 1.29792 0.812315 0.048215 -0.727904 1.51912 -1.30712 -0.481632 
1.1359 0.979097 -0.689406 0.587134 -1.66812 1.51657 0.900856 0.0708406 -0.650291 1.56082 -1.33346 -0.582745 
1.11337 0.987293 -0.767829 0.554933 -1.78074 1.69374 0.988418 0.093216 -0.573535 1.60206 -1.35951 -0.68274 
1.11253 0.898717 -0.776473 0.572352 -1.87772 1.85703 1.07417 0.11513 -0.498364 1.64245 -1.38502 -0.780671 
1.11753 0.663067 -0.618395 0.641304 -1.9726 2.04545 1.15717 0.136338 -0.425613 1.68154 -1.40971 -0.875449 
1.12356 0.381242 -0.460892 0.736434 -2.01305 2.21198 1.2358 0.15643 -0.356688 1.71857 -1.4331 -0.965242 
1.09372 0.0561954 -0.309704 0.858591 -1.9652 2.35786 1.30958 0.175284 -0.292014 1.75332 -1.45504 -1.0495 
0.955861 -0.230725 -0.27427 1.04251 -1.7881 2.45536 1.37826 0.192835 -0.231808 1.78567 -1.47548 -1.12793 
0.87183 -0.141805 -0.195957 1.02444 -1.73386 2.38823 1.3584 0.446074 -0.345287 1.66703 -1.50255 -0.671666 
0.793893 -0.059334 -0.123323 1.00768 -1.68356 2.32597 1.32631 0.823388 -0.750307 1.57959 -1.55711 -0.402482 
0.689675 -0.0524334 -0.578609 1.18698 -1.41405 2.08363 1.32137 0.746848 -0.68286 1.57288 -1.49131 -0.47607 
0.751624 -0.100395 -0.554959 1.16428 -1.27186 2.06864 1.39963 0.267622 -0.187493 1.56761 -1.4238 -0.320892 
0.655559 -0.184384 -0.516788 1.24203 -1.27612 2.06898 1.34903 0.560247 -0.550228 1.60864 -1.423 -0.516119 
0.634071 -0.161815 -0.469213 1.25336 -1.1663 2.1019 1.4762 0.286222 -0.218078 1.53012 -1.46671 -0.277455 
0.613737 -0.140458 -0.424195 1.26408 -1.06237 2.13304 1.6377 0.0436928 0.071818 1.45113 -1.56224 -0.0766634 
0.59477 -0.120537 -0.382202 1.27407 -0.965431 2.1621 1.84382 -0.167154 0.321057 1.38433 -1.72354 0.0685424 
0.577272 -0.102158 -0.343461 1.2833 -0.875996 2.1889 2.11009 -0.333414 0.535891 1.32926 -1.9527 0.171159 
0.327152 -0.322436 -0.136007 1.38389 -0.725708 2.39105 2.02415 -0.282692 0.497594 1.36401 -1.82287 0.134384 
-0.135239 -0.515701 0.0784991 1.54338 -0.375933 2.63479 1.93721 -0.231376 0.458849 1.39916 -1.69153 0.0971789 
-0.195357 -0.491543 0.00783994 1.46355 -0.403061 2.53473 1.65422 0.560046 -0.639823 1.30489 -1.5634 0.0174594 
0.195621 -0.362071 -0.399566 1.71966 -0.849672 2.06076 1.55108 0.527957 -0.631472 1.27264 -1.47199 -0.0520503 
0.648515 -0.587584 0.0308019 1.25689 -1.14538 2.24302 1.53647 0.489707 -0.646472 1.26543 -1.48935 0.0699491 
0.936203 -0.742063 0.331423 1.05967 -1.3681 2.24364 1.52292 0.454223 -0.660388 1.25874 -1.50547 0.183125 
1.1146 -0.883662 0.563338 0.958122 -1.48781 2.19111 1.51027 0.421083 -0.673384 1.25249 -1.52051 0.288827 
1.30209 -1.02771 0.743747 0.882841 -1.58492 2.07295 1.49841 0.390044 -0.685556 1.24663 -1.53461 0.387827 
1.26006 -0.912132 0.710069 0.952189 -1.52979 2.14613 1.60152 -0.101417 0.0975273 1.20347 -1.64587 0.634789 
1.21493 -0.788064 0.673918 1.02663 -1.47061 2.22468 1.76985 -0.481878 0.688065 1.1687 -1.80478 0.75275 
1.17396 -0.675407 0.641092 1.09422 -1.41687 2.29601 2.0006 -0.777976 1.1726 1.18532 -2.02094 0.785706 
1.24159 -0.531787 0.695183 1.00357 -1.54375 2.30409 1.92793 -0.755309 1.05893 1.19633 -1.97899 0.81113 
1.25324 -0.37768 0.701182 0.937202 -1.60448 2.28428 1.85872 -0.733724 0.950688 1.20681 -1.93904 0.83534 
1.24809 -0.221026 0.676656 0.885322 -1.63704 2.24191 1.79254 -0.713082 0.847168 1.21684 -1.90083 0.858494 
1.23067 -0.0815769 0.627382 0.838467 -1.6287 2.16676 1.72953 -0.69343 0.748617 1.22638 -1.86446 0.880536 
1.21036 0.0450522 0.566479 0.803485 -1.59996 2.07631 1.67016 -0.674914 0.655762 1.23537 -1.83019 0.901305 
1.18519 0.149556 0.50171 0.774225 -1.54338 1.97048 1.61489 -0.657675 0.569314 1.24374 -1.79828 0.92064 
1.15972 0.240736 0.43696 0.75967 -1.47762 1.86038 1.56416 -0.641854 0.489973 1.25143 -1.769 0.938386 
1.1316 0.314182 0.374937 0.753698 -1.39472 1.74231 1.51817 -0.627509 0.418038 1.25839 -1.74245 0.954475 
1.10339 0.377237 0.319268 0.762397 -1.31463 1.62435 1.477 -0.614668 0.353637 1.26463 -1.71868 0.968879 
1.11917 0.297039 0.44802 0.762311 -1.31342 1.59198 1.44047 -0.603275 0.296506 1.27016 -1.6976 0.981657 
1.13674 0.20287 0.566308 0.77149 -1.29534 1.54777 1.40791 -0.59312 0.245581 1.27509 -1.6788 0.993047 
1.16065 0.0985433 0.666342 0.797184 -1.26205 1.48426 1.37915 -0.58415 0.200596 1.27945 -1.6622 1.00311 
1.18812 -0.0182699 0.75336 0.835781 -1.21564 1.40366 1.35395 -0.57629 0.161178 1.28326 -1.64765 1.01193 
1.22316 -0.139021 0.818768 0.895664 -1.16319 1.29861 1.33202 -0.56945 0.12688 1.28659 -1.63499 1.0196 
1.2637 -0.265073 0.868063 0.974531 -1.11008 1.17032 1.31305 -0.563533 0.0972057 1.28946 -1.62404 1.02623 
1.31293 -0.382446 0.894003 1.07532 -1.07046 1.01849 1.29672 -0.558439 0.07166 1.29193 -1.61461 1.03195 
1.37028 -0.493073 0.902951 1.19068 -1.05067 0.849485 1.28267 -0.554059 0.0496955 1.29406 -1.6065 1.03686 
1.43674 -0.574593 0.88598 1.30862 -1.06411 0.679275 1.27059 -0.550292 0.0308021 1.29589 -1.59953 1.04109 
1.51278 -0.640029 0.855132 1.41703 -1.10666 0.517741 1.26011 -0.547021 0.0144011 1.29748 -1.59348 1.04475 
1.59461 -0.681218 0.810628 1.50364 -1.17455 0.37898 1.25093 -0.544158 4.34161e-05 1.29887 -1.58818 1.04797 
1.68492 -0.70616 0.755833 1.56968 -1.26245 0.259413 1.24279 -0.541619 -0.0126894 1.3001 -1.58348 1.05081 
1.7742 -0.710947 0.692641 1.61316 -1.35867 0.162435 1.2355 -0.539346 -0.0240863 1.30121 -1.57927 1.05336 
1.86645 -0.703159 0.622069 1.64048 -1.46177 0.0790218 1.22891 -0.537291 -0.0343957 1.3022 -1.57547 1.05567 
1.94247 -0.677536 0.54523 1.65519 -1.55358 0.00843775 1.22291 -0.53542 -0.0437763 1.30311 -1.57201 1.05777 
2.01321 -0.644082 0.463195 1.6614 -1.64115 -0.0567938 1.21741 -0.533704 -0.0523826 1.30395 -1.56883 1.05969 
2.07267 -0.607248 0.381925 1.66035 -1.71801 -0.117794 1.21234 -0.532124 -0.0603058 1.30471 -1.56591 1.06146 
2.1255 -0.565032 0.296073 1.65408 -1.78836 -0.17788 1.20766 -0.530664 -0.067626 1.30542 -1.5632 1.0631 
2.15466 -0.516134 0.20955 1.64798 -1.83816 -0.237862 1.20333 -0.529313 -0.0744042 1.30608 -1.5607 1.06462 
2.17738 -0.463787 0.119106 1.63909 -1.88164 -0.298994 1.1993 -0.528055 -0.0807099 1.30669 -1.55837 1.06603 
2.18162 -0.40806 0.029595 1.63236 -1.90949 -0.362055 1.19554 -0.526884 -0.0865836 1.30726 -1.55621 1.06734 
2.18179 -0.349607 -0.063552 1.62355 -1.93326 -0.426714 1.19203 -0.52579 -0.0920705 1.30779 -1.55418 1.06857 
2.17685 -0.293171 -0.152283 1.61329 -1.9515 -0.491353 1.18876 -0.524767 -0.0971988 1.30829 -1.55229 1.06971 
2.1698 -0.234048 -0.244898 1.60086 -1.96706 -0.557877 1.18569 -0.52381 -0.101997 1.30875 -1.55052 1.07079 
2.15278 -0.173561 -0.334664 1.59107 -1.97457 -0.625974 1.18282 -0.522915 -0.106486 1.30918 -1.54886 1.07179 
2.13538 -0.110573 -0.428109 1.57893 -1.98063 -0.69576 1.18013 -0.522076 -0.110693 1.30959 -1.54731 1.07273 
2.11457 -0.0487166 -0.516598 1.56733 -1.98306 -0.765351 1.17761 -0.52129 -0.114635 1.30997 -1.54585 1.07361 
2.09433 0.0154709 -0.608621 1.55326 -1.98431 -0.83653 1.17525 -0.520553 -0.118331 1.31033 -1.54449 1.07444 
2.07229 0.0777233 -0.694104 1.53988 -1.98298 -0.906316 1.17303 -0.519862 -0.121797 1.31067 -1.54321 1.07522 
2.05129 0.141751 -0.782319 1.52427 -1.98032 -0.977259 1.17095 -0.519213 -0.125051 1.31098 -1.54201 1.07594 
2.02829 0.204386 -0.863954 1.51043 -1.97549 -1.0479 1.169 -0.518604 -0.128107 1.31128 -1.54088 1.07663 
2.0066 0.266997 -0.945173 1.49506 -1.96915 -1.11807 1.16716 -0.518031 -0.130978 1.31156 -1.53982 1.07727 
1.98546 0.322689 -1.01107 1.48183 -1.96204 -1.18218 1.16543 -0.517493 -0.133679 1.31182 -1.53883 1.07787 
1.96551 0.372438 -1.06586 1.4694 -1.95365 -1.24053 1.1638 -0.516985 -0.136226 1.31206 -1.53789 1.07844 
1.94644 0.405333 -1.08678 1.4624 -1.946 -1.28345 1.16227 -0.516505 -0.138633 1.3123 -1.537 1.07898 
1.92832 0.422154 -1.0781 1.45945 -1.93816 -1.31177 1.1608 -0.516049 -0.14092 1.31252 -1.53615 1.07949 
1.91071 0.423462 -1.03787 1.46148 -1.93171 -1.32814 1.15941 -0.515613 -0.143104 1.31273 -1.53535 1.07998 
1.89389 0.413428 -0.977459 1.46537 -1.92445 -1.33508 1.15807 -0.515196 -0.145198 1.31293 -1.53457 1.08045 
1.87852 0.396692 -0.903104 1.47013 -1.91784 -1.33709 1.15678 -0.514794 -0.147211 1.31313 -1.53383 1.0809 
1.86366 0.375272 -0.821768 1.47436 -1.90961 -1.33663 1.15554 -0.514408 -0.14915 1.31332 -1.53312 1.08133 
1.85031 0.352087 -0.736107 1.47779 -1.90179 -1.336 1.15435 -0.514035 -0.151018 1.3135 -1.53243 1.08175 
1.83719 0.325937 -0.647566 1.48002 -1.89209 -1.33539 1.1532 -0.513677 -0.152816 1.31367 -1.53176 1.08215 
1.82564 0.299459 -0.557903 1.48102 -1.88294 -1.33618 1.15209 -0.513332 -0.154546 1.31384 -1.53112 1.08254 
1.81407 0.270251 -0.466844 1.48063 -1.87179 -1.33825 1.15103 -0.513 -0.156211 1.314 -1.53051 1.08291 
1.80421 0.241062 -0.376953 1.47935 -1.86132 -1.34616 1.15 -0.512681 -0.15781 1.31415 -1.52992 1.08327 
1.79421 0.208619 -0.286178 1.47672 -1.84875 -1.35638 1.14902 -0.512375 -0.159343 1.3143 -1.52935 1.08361 
1.78616 0.175655 -0.196351 1.47308 -1.83683 -1.36978 1.14808 -0.512082 -0.160813 1.31445 -1.52881 1.08394 
1.77774 0.139166 -0.106782 1.46818 -1.82259 -1.38685 1.14719 -0.511802 -0.162219 1.31458 -1.52829 1.08426 
1.77144 0.101625 -0.0186809 1.46257 -1.80893 -1.40774 1.14633 -0.511534 -0.163563 1.31471 -1.5278 1.08456 
1.76456 0.0601672 0.0679196 1.45589 -1.79264 -1.43386 1.14551 -0.511278 -0.164846 1.31484 -1.52732 1.08485 
1.76066 0.0159367 0.151448 1.44965 -1.77655 -1.46968 1.14472 -0.511034 -0.166069 1.31495 -1.52687 1.08512 
1.75608 -0.0326613 0.231583 1.44298 -1.75745 -1.51301 1.14398 -0.510802 -0.167231 1.31507 -1.52644 1.08538 
1.75458 -0.0844544 0.308427 1.43703 -1.73834 -1.56326 1.14328 -0.510582 -0.168335 1.31517 -1.52603 1.08563 
1.75218 -0.140565 0.379553 1.43159 -1.71585 -1.62319 1.14261 -0.510373 -0.169382 1.31528 -1.52565 1.08586 
1.75347 -0.200568 0.44578 1.42818 -1.6933 -1.69185 1.14197 -0.510176 -0.170372 1.31537 -1.52528 1.08608 
1.75356 -0.263921 0.503387 1.42677 -1.66734 -1.77209 1.14137 -0.509989 -0.171307 1.31546 -1.52494 1.08629 
1.75965 -0.331912 0.550591 1.43109 -1.64217 -1.87007 1.14081 -0.509813 -0.17219 1.31555 -1.52461 1.08649 
1.76413 -0.39932 0.584508 1.43975 -1.61504 -1.98066 1.14028 -0.509648 -0.17302 1.31563 -1.52431 1.08667 
1.7749 -0.467359 0.606691 1.45504 -1.59174 -2.10304 1.13978 -0.509492 -0.1738 1.3157 -1.52402 1.08685 
1.78295 -0.528444 0.612208 1.47585 -1.56917 -2.23548 1.13931 -0.509346 -0.174533 1.31577 -1.52375 1.08701 
1.7986 -0.584543 0.602519 1.50384 -1.5554 -2.37721 1.13887 -0.509209 -0.17522 1.31584 -1.52349 1.08717 
1.80903 -0.626322 0.574503 1.53635 -1.54454 -2.52329 1.13846 -0.50908 -0.175866 1.3159 -1.52326 1.08731 
1.63814 -0.311551 0.430288 1.49564 -1.45785 -2.34547 1.04727 -0.494497 -0.15104 1.31842 -1.50635 1.03039 
1.53723 0.0177555 0.180131 1.45879 -1.44792 -2.26218 0.956238 -0.479939 -0.126257 1.32094 -1.48947 0.973568 
1.46796 0.34975 -0.178286 1.44405 -1.45585 -2.28669 0.86606 -0.465518 -0.101706 1.32343 -1.47275 0.91728 
2.17807 0.660658 -0.889448 1.05518 -1.90751 -1.68099 -0.799904 0.159318 -0.0292909 -0.987871 -1.15594 2.86116 
2.22042 0.654679 -0.895777 1.03352 -1.93235 -1.63785 -0.815951 0.216572 -0.122927 -1.02454 -1.182 2.94662 
2.33092 0.730965 -0.95672 1.07924 -1.92767 -1.64246 -0.908146 0.794975 -0.756492 -1.06028 -1.35433 3.0517 
2.34285 0.468531 -0.699848 1.17302 -1.86181 -1.72619 -0.964403 0.792358 -0.73877 -1.0055 -1.42955 3.1143 
2.35837 0.525161 -0.750861 1.21826 -1.85923 -1.83371 -0.922799 0.803712 -0.67154 -0.948192 -1.39608 3.03948 
2.34198 0.557047 -0.730562 1.21957 -1.87705 -1.85676 -0.881998 0.692409 -0.498354 -0.935378 -1.33848 2.91343 
2.32462 0.590805 -0.709071 1.22096 -1.89591 -1.88116 -0.833037 0.592709 -0.35746 -0.913577 -1.25953 2.80139 
2.30617 0.626696 -0.686221 1.22243 -1.91596 -1.9071 -0.775099 0.49927 -0.248529 -0.886785 -1.14463 2.70067 
2.28649 0.664984 -0.661846 1.224 -1.93736 -1.93478 -0.704361 0.415458 -0.169571 -0.851199 -1.00384 2.60748 
2.26534 0.706112 -0.635662 1.22569 -1.96034 -1.96451 -0.618275 0.34393 -0.133118 -0.808117 -0.817575 2.52422 
2.24251 0.750524 -0.607388 1.22751 -1.98515 -1.99661 -0.516114 0.299055 -0.149672 -0.757035 -0.595666 2.4391 
2.2177 0.798783 -0.576664 1.22949 -2.01211 -2.03149 -0.398812 0.297033 -0.248386 -0.694182 -0.316581 2.35132 
2.19203 0.848708 -0.54488 1.23154 -2.04001 -2.06758 -0.282235 0.364063 -0.452025 -0.404181 -0.00590785 2.01357 
2.19899 0.980041 -0.36115 1.36219 -2.09001 -1.8787 -0.300437 0.419503 -0.416934 -0.499391 0.0308444 2.12703 
2.26595 0.834725 -0.369087 1.41885 -2.03497 -2.07897 -0.30847 0.414882 -0.425358 -0.493604 0.020388 2.14995 
2.178 0.928356 -0.327381 1.3643 -2.05115 -1.93308 -0.316929 0.410014 -0.434229 -0.487509 0.00937512 2.17409 
2.05928 1.03312 -0.350624 1.27384 -2.04573 -1.84313 -0.32584 0.404887 -0.443573 -0.481089 -0.00222389 2.19951 
1.97443 1.13104 -0.386572 1.20437 -2.06154 -1.76313 -0.335157 0.399526 -0.453343 -0.474377 -0.0143526 2.2261 
1.87303 1.23245 -0.47116 1.10991 -2.0529 -1.72742 -0.344892 0.393925 -0.463552 -0.467363 -0.0270257 2.25388 
1.79423 1.32847 -0.551621 1.03322 -2.05626 -1.6818 -0.355025 0.388095 -0.474177 -0.460063 -0.0402161 2.28279 
1.70643 1.43535 -0.690458 0.938651 -2.02722 -1.67681 -0.365535 0.382047 -0.485199 -0.45249 -0.0538985 2.31278 
1.64612 1.50322 -0.766306 0.878806 -2.0132 -1.64484 -0.376451 0.375766 -0.496646 -0.444626 -0.0681081 2.34393 
1.5824 1.58777 -0.898576 0.810442 -1.96926 -1.64187 -0.387732 0.369275 -0.508476 -0.436499 -0.0827938 2.37612 
1.53472 1.63878 -0.967797 0.766042 -1.9454 -1.6058 -0.399434 0.362542 -0.520747 -0.428068 -0.0980268 2.40951 
1.48634 1.73025 -1.13261 0.714658 -1.87985 -1.60646 -0.411446 0.355631 -0.533344 -0.419414 -0.113664 2.44378 
1.45699 1.67695 -1.02976 0.707408 -1.90126 -1.5224 -0.424112 0.348343 -0.546626 -0.410288 -0.130152 2.47993 
1.4292 1.64371 -0.979626 0.697787 -1.89896 -1.46179 -0.437397 0.340699 -0.560557 -0.400717 -0.147446 2.51783 
1.41529 1.53631 -0.796658 0.713121 -1.93603 -1.35947 -0.451514 0.332576 -0.575361 -0.390546 -0.165824 2.55812 
1.40427 1.45007 -0.668568 0.726517 -1.94715 -1.28015 -0.466433 0.323992 -0.591006 -0.379798 -0.185245 2.60069 
1.40577 1.32215 -0.476572 0.756422 -1.96655 -1.18104 -0.482286 0.314871 -0.60763 -0.368377 -0.205881 2.64592 
1.41096 1.20406 -0.322881 0.784418 -1.96358 -1.1009 -0.499069 0.305214 -0.625229 -0.356285 -0.22773 2.69381 
1.42818 1.04159 -0.117275 0.822624 -1.95332 -1.01419 -0.516917 0.294944 -0.643946 -0.343426 -0.250964 2.74474 
1.44904 0.878922 0.054617 0.855231 -1.91846 -0.95096 -0.535852 0.28405 -0.663802 -0.329785 -0.275613 2.79877 
1.48008 0.681066 0.231783 0.888869 -1.85785 -0.903291 -0.555965 0.272477 -0.684893 -0.315294 -0.301795 2.85616 
1.51404 0.473189 0.370478 0.919142 -1.7692 -0.89141 -0.577269 0.260219 -0.707233 -0.299946 -0.329528 2.91695 
1.55487 0.208249 0.505935 0.955293 -1.63747 -0.928202 -0.599822 0.247243 -0.730884 -0.283697 -0.358887 2.9813 
1.59274 -0.0550019 0.572437 1.01049 -1.47823 -1.01941 -0.623438 0.233654 -0.755648 -0.266683 -0.389629 3.04869 
1.7113 -0.423442 0.965536 1.05021 -1.43093 -1.07009 -0.641947 0.2952 -0.753119 -0.207229 -0.39299 3.13879 
1.72826 -0.455262 0.966217 1.15437 -1.40945 -1.19084 -0.563609 0.235027 -0.678483 0.352192 -0.357275 2.57272 
1.77428 -0.42372 0.493378 1.43864 -1.29327 -1.5947 -0.629202 0.235497 -0.722202 0.471957 -0.424659 2.563 
1.70835 -0.153264 -0.215488 1.75321 -1.28073 -2.01073 -0.69776 0.235988 -0.767898 0.597134 -0.495088 2.55284 
1.70748 -0.266274 0.29798 1.5841 -1.22101 -1.64801 -0.750748 0.313515 -0.758874 0.59536 -0.435962 2.5537 
1.64824 -0.239019 0.647856 1.39211 -1.18472 -1.3073 -0.804392 0.392003 -0.749738 0.593565 -0.376105 2.55457 
1.55599 -0.132092 0.876219 1.19315 -1.17819 -1.01814 -0.858629 0.471358 -0.740501 0.591749 -0.315585 2.55546 
1.40727 0.0712106 1.00666 0.941729 -1.23068 -0.748855 -0.913227 0.551241 -0.731203 0.589922 -0.254663 2.55634 
1.22685 0.227348 1.0764 0.712694 -1.26792 -0.633686 -0.968601 0.63226 -0.721773 0.588068 -0.192875 2.55724 
0.997489 0.364968 1.07244 0.470539 -1.27728 -0.627408 -1.02523 0.715108 -0.71213 0.586173 -0.129692 2.55816 
0.80924 0.355966 1.04934 0.329329 -1.12297 -0.749478 -1.08444 0.801743 -0.702046 0.584191 -0.0636207 2.55913 
0.672499 0.335867 0.938433 0.301876 -0.878913 -0.937224 -1.14756 0.894093 -0.691297 0.582079 0.00680938 2.56015 
0.606335 0.220301 0.9517 0.15132 -0.725956 -0.779856 -1.10373 0.930041 -0.797899 0.477687 -0.0445792 2.56841 
0.494226 0.157992 0.903573 -0.154322 -0.597779 -0.496142 -1.0592 0.966575 -0.906237 0.371595 -0.0968045 2.5768 
0.447525 0.228375 0.951365 -0.127399 -0.584596 -0.448491 -0.980439 0.700252 -0.102993 0.332666 -0.740684 2.65448 
0.4 0.3 1 -0.1 -0.57118 -0.4 -0.84385 0.73392 0.2169 0.52291 -1.1915 2.6346 
