433 286 100 2.34072
894 591 500 2.77927
702 551 100 2.57692
576 442 1000 3.48554
1 143 100 2.15217
318 744 500 4.70415
393 898 500 2.9279
297 985 500 25.2839
527 46 500 7.7267
886 691 100 4.69276
921 744 100 1.59492
1 443 100 6.03165
353 212 500 47.1744
317 577 500 3.08317
285 375 1000 5.60938
101 537 100 4.10696
477 543 100 1.76705
344 669 100 3.61307
26 563 100 8.99169
787 201 100 2.93343
686 716 500 45.6662
17 815 100 1.98038
1000 42 500 25.4623
650 259 100 1.8622
653 949 500 33.9167
211 920 500 29.8688
213 894 500 2.79078
857 294 100 6.53128
769 231 100 2.46691
465 423 500 10.5409
569 766 1000 31.5031
552 215 1000 22.36
85 818 100 2.56117
956 972 100 1.52837
3 605 500 1.41483
436 988 500 4.23526
275 335 500 3.36525
125 462 1000 27.9314
