501
2.00397 7.36728e-06 0.0100265
4.00775 5.88542e-05 0.0400501
6.01113 0.000198341 0.0899836
8.01391 0.000469433 0.159735
10.0159 0.00091544 0.249209
12.0169 0.00157937 0.358305
14.0168 0.00250388 0.486918
16.0153 0.00373133 0.634939
18.0123 0.00530369 0.802257
20.0076 0.00726256 0.988754
22.0011 0.00964917 1.19431
23.9925 0.0125043 1.4188
25.9816 0.0158684 1.6621
27.9684 0.0197815 1.92407
29.9527 0.024283 2.20458
31.9343 0.0294121 2.5035
33.913 0.0352073 2.82067
35.8887 0.0417068 3.15596
37.8614 0.0489482 3.50921
39.8307 0.0569687 3.88028
41.7966 0.0658048 4.26901
43.759 0.0754928 4.67524
45.7177 0.0860681 5.09882
47.6726 0.0975657 5.53958
49.6235 0.11002 5.99736
51.5705 0.123465 6.47198
53.5133 0.137935 6.96328
55.4518 0.153461 7.4711
57.386 0.170076 7.99524
59.3157 0.187812 8.53554
61.2408 0.206699 9.09182
63.1614 0.226768 9.6639
65.0771 0.248048 10.2516
66.9881 0.27057 10.8547
68.8941 0.29436 11.4731
70.7952 0.319448 12.1065
72.6913 0.34586 12.7548
74.5823 0.373623 13.4178
76.468 0.402763 14.0953
78.3486 0.433305 14.7871
80.2239 0.465273 15.493
82.0939 0.498693 16.2128
83.9585 0.533586 16.9463
85.8177 0.569976 17.6933
87.6715 0.607885 18.4537
89.5198 0.647334 19.2272
91.3626 0.688343 20.0136
93.1998 0.730933 20.8127
95.0316 0.775123 21.6244
96.8577 0.820931 22.4484
98.6784 0.868376 23.2846
100.493 0.917474 24.1327
102.303 0.968242 24.9925
104.107 1.0207 25.8638
105.905 1.07485 26.7465
107.698 1.13072 27.6403
109.485 1.18833 28.5451
111.267 1.24767 29.4606
113.043 1.30877 30.3866
114.814 1.37164 31.3229
116.579 1.43628 32.2694
118.339 1.50272 33.2258
120.093 1.57095 34.192
121.842 1.64099 35.1676
123.586 1.71284 36.1526
125.324 1.78652 37.1468
127.058 1.86203 38.1499
128.786 1.93938 39.1617
130.509 2.01857 40.1821
132.226 2.09961 41.2109
133.939 2.1825 42.2478
135.647 2.26724 43.2926
137.35 2.35384 44.3453
139.049 2.44231 45.4055
140.742 2.53264 46.473
142.431 2.62482 47.5478
144.116 2.71888 48.6296
145.795 2.81479 49.7181
147.471 2.91257 50.8133
149.142 3.01221 51.915
150.809 3.11371 53.0228
152.471 3.21706 54.1367
154.13 3.32226 55.2565
155.785 3.42931 56.3819
157.436 3.5382 57.5129
159.083 3.64893 58.6491
160.726 3.76148 59.7905
162.366 3.87586 60.9368
164.002 3.99205 62.0878
165.635 4.11004 63.2435
167.265 4.22984 64.4035
168.891 4.35141 65.5677
170.515 4.47477 66.736
172.136 4.59989 67.9081
173.754 4.72676 69.0839
175.369 4.85537 70.2632
176.981 4.98571 71.4458
178.591 5.11776 72.6315
180.199 5.25151 73.8202
181.805 5.38694 75.0117
183.408 5.52404 76.2058
185.01 5.66279 77.4023
186.61 5.80317 78.6011
188.208 5.94517 79.802
189.804 6.08876 81.0048
191.399 6.23393 82.2094
192.993 6.38065 83.4155
194.585 6.52891 84.623
196.177 6.67869 85.8318
197.767 6.82995 87.0416
199.357 6.98269 88.2523
200.946 7.13686 89.4637
202.534 7.29246 90.6756
204.122 7.44945 91.888
205.71 7.60782 93.1005
207.298 7.76752 94.313
208.885 7.92854 95.5255
210.473 8.09084 96.7376
212.06 8.25441 97.9492
213.649 8.4192 99.1602
215.237 8.58519 100.37
216.827 8.75234 101.58
218.417 8.92064 102.788
220.008 9.09003 103.994
221.6 9.26049 105.2
223.193 9.43199 106.403
224.787 9.60449 107.605
226.383 9.77796 108.805
227.98 9.95235 110.002
229.579 10.1276 111.198
231.18 10.3038 112.39
232.783 10.4807 113.58
234.387 10.6584 114.767
235.994 10.8369 115.952
237.603 11.0161 117.133
239.215 11.1959 118.31
240.829 11.3763 119.484
242.446 11.5573 120.655
244.065 11.7388 121.821
245.687 11.9207 122.984
247.312 12.1031 124.142
248.941 12.2859 125.295
250.572 12.4691 126.445
252.207 12.6525 127.589
253.845 12.8361 128.729
255.487 13.02 129.863
257.133 13.204 130.992
258.782 13.388 132.116
260.435 13.5721 133.234
262.091 13.7562 134.346
263.752 13.9402 135.452
265.417 14.1241 136.552
267.086 14.3078 137.646
268.76 14.4913 138.733
270.438 14.6745 139.814
272.12 14.8573 140.887
273.807 15.0397 141.954
275.498 15.2217 143.013
277.194 15.4031 144.064
278.895 15.5839 145.109
280.601 15.7641 146.145
282.312 15.9435 147.173
284.027 16.1222 148.193
285.748 16.3 149.205
287.474 16.4769 150.209
289.205 16.6529 151.203
290.941 16.8278 152.189
292.682 17.0016 153.165
294.429 17.1743 154.132
296.181 17.3457 155.09
297.938 17.5157 156.038
299.701 17.6844 156.977
301.469 17.8517 157.905
303.243 18.0174 158.823
305.022 18.1816 159.73
306.806 18.3441 160.627
308.597 18.5048 161.514
310.392 18.6638 162.389
312.194 18.8208 163.253
314.001 18.9759 164.106
315.813 19.129 164.947
317.631 19.28 165.776
319.455 19.4288 166.594
321.284 19.5753 167.4
323.118 19.7195 168.193
324.959 19.8613 168.974
326.804 20.0006 169.742
328.655 20.1373 170.497
330.512 20.2714 171.239
332.374 20.4027 171.969
334.241 20.5313 172.684
336.114 20.657 173.387
337.992 20.7797 174.075
339.875 20.8993 174.75
341.764 21.0159 175.41
343.657 21.1292 176.056
345.556 21.2393 176.688
347.46 21.346 177.305
349.368 21.4493 177.908
351.282 21.5491 178.495
353.2 21.6452 179.068
355.122 21.7377 179.625
357.05 21.8264 180.166
358.982 21.9113 180.692
360.918 21.9922 181.203
362.859 22.0692 181.697
364.803 22.142 182.175
366.752 22.2108 182.637
368.705 22.2752 183.083
370.661 22.3354 183.512
372.622 22.3911 183.924
374.586 22.4424 184.32
376.553 22.4892 184.698
378.524 22.5313 185.06
380.498 22.5687 185.404
382.475 22.6013 185.731
384.454 22.6291 186.04
386.437 22.6519 186.332
388.422 22.6697 186.606
390.409 22.6824 186.862
392.399 22.69 187.1
394.391 22.6924 187.32
396.385 22.6894 187.521
398.381 22.6811 187.705
400.378 22.6674 187.87
402.376 22.6481 188.016
404.376 22.6233 188.144
406.377 22.5929 188.253
408.378 22.5567 188.343
410.381 22.5147 188.414
412.384 22.4669 188.467
414.387 22.4133 188.5
416.39 22.3536 188.514
418.393 22.2879 188.509
420.395 22.2162 188.485
422.397 22.1383 188.442
424.398 22.0542 188.379
426.399 21.9639 188.297
428.398 21.8672 188.195
430.395 21.7642 188.074
432.391 21.6548 187.933
434.386 21.5389 187.773
436.378 21.4166 187.593
438.368 21.2876 187.394
440.355 21.1521 187.175
442.34 21.0099 186.937
444.322 20.861 186.678
446.3 20.7055 186.401
448.275 20.5431 186.103
450.247 20.3739 185.786
452.214 20.1979 185.45
454.178 20.0151 185.094
456.137 19.8253 184.718
458.092 19.6286 184.323
460.042 19.4249 183.909
461.987 19.2142 183.475
463.927 18.9965 183.021
465.862 18.7718 182.549
467.79 18.54 182.057
469.713 18.3011 181.546
471.63 18.0551 181.015
473.541 17.802 180.466
475.445 17.5418 179.898
477.342 17.2744 179.31
479.232 16.9998 178.704
481.115 16.7181 178.079
482.991 16.4292 177.436
484.859 16.1331 176.774
486.72 15.8298 176.093
488.572 15.5194 175.394
490.416 15.2017 174.677
492.252 14.8768 173.942
494.079 14.5448 173.188
495.897 14.2055 172.417
497.706 13.8591 171.628
499.507 13.5055 170.822
501.297 13.1447 169.997
503.078 12.7768 169.156
504.85 12.4017 168.297
506.611 12.0195 167.422
508.363 11.6302 166.529
510.104 11.2338 165.619
511.835 10.8303 164.693
513.555 10.4198 163.751
515.265 10.0022 162.792
516.963 9.57764 161.817
518.651 9.14606 160.826
520.327 8.70752 159.82
521.992 8.26205 158.798
523.646 7.80966 157.76
525.288 7.3504 156.707
526.918 6.8843 155.639
528.537 6.41138 154.556
530.144 5.93168 153.458
531.738 5.44523 152.346
533.32 4.95208 151.22
534.891 4.45226 150.079
536.448 3.9458 148.925
537.994 3.43275 147.756
539.526 2.91314 146.574
541.046 2.38703 145.379
542.554 1.85444 144.171
544.048 1.31543 142.949
545.53 0.770032 141.715
546.999 0.2183 140.469
548.455 -0.339724 139.209
549.897 -0.903993 137.938
551.327 -1.47446 136.655
552.743 -2.05107 135.36
554.147 -2.63379 134.053
555.537 -3.22256 132.736
556.914 -3.81733 131.406
558.278 -4.41805 130.066
559.628 -5.02467 128.716
560.965 -5.63713 127.354
562.289 -6.2554 125.983
563.599 -6.87941 124.601
564.896 -7.5091 123.209
566.18 -8.14444 121.808
567.451 -8.78536 120.397
568.708 -9.43181 118.976
569.952 -10.0837 117.547
571.183 -10.7411 116.108
572.4 -11.4038 114.661
573.605 -12.0718 113.205
574.796 -12.7451 111.741
575.974 -13.4236 110.269
577.139 -14.1072 108.789
578.291 -14.796 107.3
579.43 -15.4897 105.805
580.556 -16.1885 104.302
581.669 -16.8922 102.791
582.77 -17.6007 101.274
583.858 -18.3141 99.7493
584.933 -19.0322 98.2183
585.996 -19.755 96.6807
587.046 -20.4825 95.1368
588.084 -21.2146 93.5867
589.11 -21.9512 92.0306
590.123 -22.6923 90.4686
591.125 -23.4378 88.901
592.114 -24.1877 87.3279
593.092 -24.942 85.7494
594.058 -25.7005 84.1658
595.012 -26.4632 82.5771
595.954 -27.2301 80.9835
596.885 -28.0011 79.3853
597.805 -28.7762 77.7824
598.714 -29.5553 76.1751
599.612 -30.3383 74.5636
600.498 -31.1252 72.9479
601.374 -31.916 71.3282
602.24 -32.7106 69.7047
603.095 -33.509 68.0775
603.939 -34.311 66.4467
604.773 -35.1167 64.8124
605.598 -35.926 63.1748
606.412 -36.7389 61.534
607.217 -37.5552 59.8901
608.011 -38.375 58.2433
608.797 -39.1982 56.5936
609.573 -40.0248 54.9413
610.34 -40.8547 53.2863
611.098 -41.6878 51.6289
611.848 -42.5241 49.969
612.588 -43.3637 48.3069
613.321 -44.2063 46.6427
614.045 -45.052 44.9763
614.761 -45.9007 43.308
615.469 -46.7525 41.6379
616.169 -47.6071 39.9659
616.861 -48.4647 38.2923
617.547 -49.3251 36.6171
618.225 -50.1883 34.9405
618.895 -51.0542 33.2624
619.56 -51.9229 31.583
620.217 -52.7942 29.9023
620.868 -53.6682 28.2205
621.513 -54.5447 26.5376
622.151 -55.4238 24.8537
622.784 -56.3053 23.1689
623.411 -57.1893 21.4833
624.032 -58.0758 19.7968
624.649 -58.9645 18.1097
625.26 -59.8556 16.4219
625.866 -60.749 14.7335
626.467 -61.6446 13.0446
627.064 -62.5424 11.3553
627.656 -63.4423 9.66561
628.245 -64.3443 7.97557
628.829 -65.2484 6.28527
629.41 -66.1545 4.59475
629.987 -67.0625 2.90409
630.561 -67.9725 1.21332
631.132 -68.8844 -0.477493
631.699 -69.7981 -2.1683
632.265 -70.7136 -3.85905
632.827 -71.6308 -5.54969
633.387 -72.5497 -7.24018
633.945 -73.4703 -8.93047
634.502 -74.3925 -10.6205
635.056 -75.3162 -12.3102
635.609 -76.2415 -13.9996
636.161 -77.1682 -15.6887
636.712 -78.0964 -17.3772
637.262 -79.0259 -19.0654
637.811 -79.9567 -20.753
638.359 -80.8889 -22.44
638.908 -81.8222 -24.1265
639.456 -82.7567 -25.8123
640.005 -83.6924 -27.4974
640.554 -84.6291 -29.1819
641.103 -85.5668 -30.8655
641.654 -86.5055 -32.5484
642.205 -87.4451 -34.2305
642.757 -88.3856 -35.9117
643.311 -89.3268 -37.5919
643.867 -90.2688 -39.2713
644.424 -91.2115 -40.9496
644.983 -92.1549 -42.6269
645.545 -93.0988 -44.3032
646.108 -94.0432 -45.9783
646.675 -94.9881 -47.6523
647.244 -95.9334 -49.3252
647.817 -96.879 -50.9968
648.392 -97.8248 -52.6671
648.971 -98.7709 -54.3362
649.554 -99.7171 -56.0039
650.14 -100.663 -57.6702
650.731 -101.61 -59.3351
651.326 -102.556 -60.9985
651.925 -103.502 -62.6605
652.529 -104.448 -64.3208
653.137 -105.393 -65.9796
653.751 -106.339 -67.6367
654.369 -107.284 -69.2922
654.994 -108.228 -70.9459
655.623 -109.172 -72.5978
656.259 -110.115 -74.2479
656.9 -111.057 -75.8961
657.548 -111.999 -77.5423
658.202 -112.939 -79.1866
658.862 -113.879 -80.8289
659.529 -114.817 -82.469
660.203 -115.755 -84.107
660.885 -116.691 -85.7427
661.573 -117.626 -87.3762
662.269 -118.559 -89.0074
662.972 -119.491 -90.6362
663.683 -120.421 -92.2626
664.402 -121.35 -93.8864
665.129 -122.277 -95.5076
665.865 -123.201 -97.1262
666.609 -124.124 -98.7421
667.361 -125.045 -100.355
668.122 -125.964 -101.965
668.893 -126.88 -103.573
669.672 -127.793 -105.177
670.46 -128.705 -106.778
671.258 -129.613 -108.376
672.066 -130.519 -109.971
672.883 -131.422 -111.563
673.71 -132.322 -113.151
674.547 -133.219 -114.735
675.394 -134.113 -116.316
676.252 -135.003 -117.894
677.12 -135.89 -119.467
677.998 -136.773 -121.037
678.887 -137.653 -122.603
679.787 -138.529 -124.165
680.698 -139.401 -125.722
681.619 -140.269 -127.276
682.552 -141.133 -128.825
683.497 -141.992 -130.369
684.452 -142.847 -131.91
685.419 -143.697 -133.445
686.398 -144.543 -134.976
687.389 -145.383 -136.502
688.391 -146.219 -138.022
689.405 -147.05 -139.538
690.431 -147.875 -141.049
691.469 -148.695 -142.554
692.519 -149.51 -144.054
693.582 -150.318 -145.548
694.657 -151.121 -147.037
695.744 -151.918 -148.52
696.844 -152.709 -149.997
697.956 -153.494 -151.468
699.081 -154.272 -152.932
700.218 -155.043 -154.391
701.368 -155.808 -155.843
702.531 -156.566 -157.288
703.706 -157.317 -158.727
704.895 -158.061 -160.159
706.096 -158.798 -161.584
707.31 -159.527 -163.002
708.537 -160.249 -164.413
709.777 -160.963 -165.816
711.029 -161.669 -167.212
712.295 -162.367 -168.6

