-0.0555679 4.20279 1.85339 -2.35769 -6.56243 -12.0848 
-0.0443248 4.18533 1.84478 -2.33543 -6.54929 -12.0816 
-0.0330817 4.16786 1.83617 -2.31318 -6.53615 -12.0785 
-0.0218386 4.1504 1.82756 -2.29092 -6.523 -12.0753 
-0.0105955 4.13293 1.81895 -2.26867 -6.50986 -12.0722 
0.000647659 4.11547 1.81034 -2.24641 -6.49672 -12.069 
0.0118908 4.09801 1.80173 -2.22416 -6.48358 -12.0658 
0.0231339 4.08054 1.79312 -2.2019 -6.47043 -12.0627 
0.034377 4.06308 1.78451 -2.17965 -6.45729 -12.0595 
0.0456201 4.04561 1.7759 -2.15739 -6.44415 -12.0564 
0.0568632 4.02815 1.76729 -2.13514 -6.43101 -12.0532 
0.0681063 4.01068 1.75868 -2.11288 -6.41786 -12.0501 
0.0793494 3.99322 1.75007 -2.09063 -6.40472 -12.0469 
0.0905926 3.97576 1.74146 -2.06837 -6.39158 -12.0437 
0.101836 3.95829 1.73285 -2.04612 -6.37844 -12.0406 
0.113079 3.94083 1.72424 -2.02386 -6.36529 -12.0374 
0.124322 3.92336 1.71563 -2.00161 -6.35215 -12.0343 
0.135565 3.9059 1.70702 -1.97935 -6.33901 -12.0311 
0.142494 3.87502 1.72981 -2.00108 -6.27224 -11.9742 
0.149422 3.84415 1.75261 -2.0228 -6.20547 -11.9174 
0.156351 3.81327 1.7754 -2.04453 -6.13871 -11.8605 
0.163279 3.78239 1.7982 -2.06625 -6.07194 -11.8037 
0.170208 3.75151 1.82099 -2.08798 -6.00517 -11.7468 
0.177136 3.72064 1.84379 -2.1097 -5.9384 -11.6899 
0.184065 3.68976 1.86658 -2.13143 -5.87164 -11.6331 
0.190994 3.65888 1.88937 -2.15315 -5.80487 -11.5762 
0.197922 3.62801 1.91217 -2.17488 -5.7381 -11.5194 
0.204851 3.59713 1.93496 -2.1966 -5.67133 -11.4625 
0.211779 3.56625 1.95776 -2.21833 -5.60456 -11.4057 
0.218708 3.53538 1.98055 -2.24005 -5.5378 -11.3488 
0.225636 3.5045 2.00334 -2.26178 -5.47103 -11.2919 
0.232565 3.47362 2.02614 -2.2835 -5.40426 -11.2351 
0.239494 3.44274 2.04893 -2.30523 -5.33749 -11.1782 
0.246422 3.41187 2.07173 -2.32695 -5.27073 -11.1214 
0.253351 3.38099 2.09452 -2.34868 -5.20396 -11.0645 
0.260279 3.35011 2.11732 -2.3704 -5.13719 -11.0076 
0.267208 3.31924 2.14011 -2.39213 -5.07042 -10.9508 
0.274136 3.28836 2.1629 -2.41385 -5.00365 -10.8939 
0.281065 3.25748 2.1857 -2.43558 -4.93689 -10.8371 
0.287993 3.22661 2.20849 -2.4573 -4.87012 -10.7802 
0.294922 3.19573 2.23129 -2.47903 -4.80335 -10.7233 
0.301851 3.16485 2.25408 -2.50075 -4.73658 -10.6665 
0.308779 3.13397 2.27688 -2.52248 -4.66982 -10.6096 
0.315708 3.1031 2.29967 -2.5442 -4.60305 -10.5528 
0.322636 3.07222 2.32246 -2.56593 -4.53628 -10.4959 
0.329565 3.04134 2.34526 -2.58765 -4.46951 -10.4391 
0.336493 3.01047 2.36805 -2.60938 -4.40274 -10.3822 
0.343422 2.97959 2.39085 -2.6311 -4.33598 -10.3253 
0.350351 2.94871 2.41364 -2.65283 -4.26921 -10.2685 
0.357279 2.91783 2.43643 -2.67455 -4.20244 -10.2116 
0.364208 2.88696 2.45923 -2.69628 -4.13567 -10.1548 
0.371136 2.85608 2.48202 -2.718 -4.06891 -10.0979 
0.378065 2.8252 2.50482 -2.73973 -4.00214 -10.041 
0.384993 2.79433 2.52761 -2.76145 -3.93537 -9.98419 
0.391922 2.76345 2.55041 -2.78318 -3.8686 -9.92733 
0.398851 2.73257 2.5732 -2.8049 -3.80183 -9.87047 
0.405779 2.7017 2.59599 -2.82663 -3.73507 -9.81361 
0.412708 2.67082 2.61879 -2.84835 -3.6683 -9.75675 
0.419636 2.63994 2.64158 -2.87008 -3.60153 -9.69989 
0.426565 2.60906 2.66438 -2.8918 -3.53476 -9.64303 
0.433493 2.57819 2.68717 -2.91353 -3.468 -9.58617 
0.440422 2.54731 2.70996 -2.93525 -3.40123 -9.52932 
0.447351 2.51643 2.73276 -2.95698 -3.33446 -9.47246 
0.454279 2.48556 2.75555 -2.9787 -3.26769 -9.4156 
0.461208 2.45468 2.77835 -3.00043 -3.20092 -9.35874 
0.468136 2.4238 2.80114 -3.02215 -3.13416 -9.30188 
0.475065 2.39292 2.82394 -3.04388 -3.06739 -9.24502 
0.481993 2.36205 2.84673 -3.0656 -3.00062 -9.18816 
0.488922 2.33117 2.86952 -3.08733 -2.93385 -9.1313 
0.49585 2.30029 2.89232 -3.10905 -2.86709 -9.07445 
0.502779 2.26942 2.91511 -3.13078 -2.80032 -9.01759 
0.509708 2.23854 2.93791 -3.1525 -2.73355 -8.96073 
0.516636 2.20766 2.9607 -3.17423 -2.66678 -8.90387 
0.523565 2.17679 2.9835 -3.19595 -2.60001 -8.84701 
0.530493 2.14591 3.00629 -3.21768 -2.53325 -8.79015 
0.537422 2.11503 3.02908 -3.2394 -2.46648 -8.73329 
0.54435 2.08415 3.05188 -3.26113 -2.39971 -8.67644 
0.551279 2.05328 3.07467 -3.28285 -2.33294 -8.61958 
0.558208 2.0224 3.09747 -3.30458 -2.26618 -8.56272 
0.565136 1.99152 3.12026 -3.3263 -2.19941 -8.50586 
0.572065 1.96065 3.14305 -3.34803 -2.13264 -8.449 
0.578993 1.92977 3.16585 -3.36975 -2.06587 -8.39214 
0.585922 1.89889 3.18864 -3.39148 -1.9991 -8.33528 
0.59285 1.86802 3.21144 -3.4132 -1.93234 -8.27842 
0.599779 1.83714 3.23423 -3.43493 -1.86557 -8.22157 
0.606708 1.80626 3.25703 -3.45665 -1.7988 -8.16471 
0.613636 1.77538 3.27982 -3.47838 -1.73203 -8.10785 
0.620565 1.74451 3.30261 -3.5001 -1.66527 -8.05099 
0.627493 1.71363 3.32541 -3.52183 -1.5985 -7.99413 
0.634422 1.68275 3.3482 -3.54355 -1.53173 -7.93727 
0.64135 1.65188 3.371 -3.56528 -1.46496 -7.88041 
0.648279 1.621 3.39379 -3.587 -1.39819 -7.82355 
0.655208 1.59012 3.41659 -3.60873 -1.33143 -7.7667 
0.662136 1.55924 3.43938 -3.63045 -1.26466 -7.70984 
0.669065 1.52837 3.46217 -3.65218 -1.19789 -7.65298 
0.675993 1.49749 3.48497 -3.6739 -1.13112 -7.59612 
0.682922 1.46661 3.50776 -3.69563 -1.06436 -7.53926 
0.68985 1.43574 3.53056 -3.71735 -0.997588 -7.4824 
0.696779 1.40486 3.55335 -3.73908 -0.930821 -7.42554 
0.703707 1.37398 3.57614 -3.7608 -0.864053 -7.36868 
0.710636 1.34311 3.59894 -3.78253 -0.797285 -7.31183 
0.717565 1.31223 3.62173 -3.80425 -0.730517 -7.25497 
0.724493 1.28135 3.64453 -3.82598 -0.663749 -7.19811 
0.731422 1.25047 3.66732 -3.8477 -0.596982 -7.14125 
0.73835 1.2196 3.69012 -3.86943 -0.530214 -7.08439 
0.745279 1.18872 3.71291 -3.89115 -0.463446 -7.02753 
0.752207 1.15784 3.7357 -3.91288 -0.396678 -6.97067 
0.759136 1.12697 3.7585 -3.9346 -0.329911 -6.91381 
0.766065 1.09609 3.78129 -3.95633 -0.263143 -6.85696 
0.772993 1.06521 3.80409 -3.97805 -0.196375 -6.8001 
0.779922 1.03433 3.82688 -3.99978 -0.129607 -6.74324 
0.78685 1.00346 3.84968 -4.0215 -0.0628396 -6.68638 
0.793779 0.972581 3.87247 -4.04323 0.00392822 -6.62952 
0.800707 0.941704 3.89526 -4.06495 0.070696 -6.57266 
0.807636 0.910827 3.91806 -4.08668 0.137464 -6.5158 
0.814565 0.87995 3.94085 -4.1084 0.204232 -6.45894 
0.821493 0.849073 3.96365 -4.13013 0.270999 -6.40209 
0.828422 0.818196 3.98644 -4.15185 0.337767 -6.34523 
0.83535 0.787318 4.00923 -4.17358 0.404535 -6.28837 
0.842279 0.756441 4.03203 -4.1953 0.471303 -6.23151 
0.849207 0.725564 4.05482 -4.21703 0.53807 -6.17465 
0.856136 0.694687 4.07762 -4.23875 0.604838 -6.11779 
0.863065 0.66381 4.10041 -4.26048 0.671606 -6.06093 
0.869993 0.632933 4.12321 -4.2822 0.738374 -6.00408 
0.876922 0.602056 4.146 -4.30393 0.805141 -5.94722 
0.88385 0.571179 4.16879 -4.32565 0.871909 -5.89036 
0.890779 0.540302 4.19159 -4.34738 0.938677 -5.8335 
0.897707 0.509425 4.21438 -4.3691 1.00544 -5.77664 
0.904636 0.478548 4.23718 -4.39083 1.07221 -5.71978 
0.911564 0.447671 4.25997 -4.41255 1.13898 -5.66292 
0.918493 0.416794 4.28277 -4.43428 1.20575 -5.60606 
0.925422 0.385917 4.30556 -4.456 1.27252 -5.54921 
0.93235 0.35504 4.32835 -4.47773 1.33928 -5.49235 
0.939279 0.324163 4.35115 -4.49945 1.40605 -5.43549 
0.946207 0.293286 4.37394 -4.52118 1.47282 -5.37863 
0.953136 0.262409 4.39674 -4.5429 1.53959 -5.32177 
0.960064 0.231532 4.41953 -4.56463 1.60635 -5.26491 
0.966993 0.200655 4.44232 -4.58635 1.67312 -5.20805 
0.973922 0.169778 4.46512 -4.60808 1.73989 -5.15119 
0.98085 0.138901 4.48791 -4.6298 1.80666 -5.09434 
0.987779 0.108024 4.51071 -4.65153 1.87343 -5.03748 
0.994707 0.0771465 4.5335 -4.67325 1.94019 -4.98062 
1.00164 0.0462694 4.5563 -4.69498 2.00696 -4.92376 
1.00856 0.0153924 4.57909 -4.7167 2.07373 -4.8669 
1.01549 -0.0154847 4.60188 -4.73843 2.1405 -4.81004 
1.02242 -0.0463617 4.62468 -4.76015 2.20726 -4.75318 
1.02935 -0.0772388 4.64747 -4.78188 2.27403 -4.69632 
1.03628 -0.108116 4.67027 -4.8036 2.3408 -4.63947 
1.04321 -0.138993 4.69306 -4.82533 2.40757 -4.58261 
1.05014 -0.16987 4.71585 -4.84705 2.47434 -4.52575 
1.05706 -0.200747 4.73865 -4.86878 2.5411 -4.46889 
1.06399 -0.231624 4.76144 -4.8905 2.60787 -4.41203 
1.07092 -0.262501 4.78424 -4.91223 2.67464 -4.35517 
1.07785 -0.293378 4.80703 -4.93395 2.74141 -4.29831 
1.08478 -0.324255 4.82983 -4.95568 2.80817 -4.24145 
1.09171 -0.355132 4.85262 -4.9774 2.87494 -4.1846 
1.09864 -0.386009 4.87541 -4.99913 2.94171 -4.12774 
1.10556 -0.416886 4.89821 -5.02085 3.00848 -4.07088 
1.11249 -0.447763 4.921 -5.04258 3.07525 -4.01402 
1.11942 -0.47864 4.9438 -5.0643 3.14201 -3.95716 
1.12635 -0.509517 4.96659 -5.08603 3.20878 -3.9003 
1.13328 -0.540394 4.98939 -5.10775 3.27555 -3.84344 
1.14021 -0.571271 5.01218 -5.12948 3.34232 -3.78658 
1.14714 -0.602149 5.03497 -5.1512 3.40908 -3.72973 
1.15406 -0.633026 5.05777 -5.17293 3.47585 -3.67287 
1.16099 -0.663903 5.08056 -5.19465 3.54262 -3.61601 
1.16792 -0.69478 5.10336 -5.21638 3.60939 -3.55915 
1.17485 -0.725657 5.12615 -5.2381 3.67616 -3.50229 
1.18178 -0.756534 5.14894 -5.25983 3.74292 -3.44543 
1.18871 -0.787411 5.17174 -5.28155 3.80969 -3.38857 
1.19564 -0.818288 5.19453 -5.30328 3.87646 -3.33171 
1.20256 -0.849165 5.21733 -5.325 3.94323 -3.27486 
1.20949 -0.880042 5.24012 -5.34673 4.00999 -3.218 
1.21642 -0.910919 5.26292 -5.36845 4.07676 -3.16114 
1.22335 -0.941796 5.28571 -5.39018 4.14353 -3.10428 
1.21482 -0.958559 5.33756 -5.42473 4.1912 -3.12678 
1.2063 -0.975322 5.38942 -5.45928 4.23886 -3.14927 
1.19777 -0.992085 5.44127 -5.49383 4.28653 -3.17177 
1.18925 -1.00885 5.49313 -5.52837 4.33419 -3.19427 
1.18072 -1.02561 5.54498 -5.56292 4.38186 -3.21677 
1.17219 -1.04237 5.59684 -5.59747 4.42952 -3.23926 
1.16367 -1.05914 5.64869 -5.63202 4.47719 -3.26176 
1.15514 -1.0759 5.70055 -5.66657 4.52485 -3.28426 
1.14662 -1.09266 5.7524 -5.70112 4.57252 -3.30675 
1.13809 -1.10943 5.80425 -5.73566 4.62019 -3.32925 
1.12956 -1.12619 5.85611 -5.77021 4.66785 -3.35175 
1.12104 -1.14295 5.90796 -5.80476 4.71552 -3.37425 
1.11251 -1.15971 5.95982 -5.83931 4.76318 -3.39674 
1.10399 -1.17648 6.01167 -5.87386 4.81085 -3.41924 
1.09546 -1.19324 6.06353 -5.90841 4.85851 -3.44174 
1.08693 -1.21 6.11538 -5.94295 4.90618 -3.46424 
1.07841 -1.22677 6.16723 -5.9775 4.95385 -3.48673 
1.06988 -1.24353 6.21909 -6.01205 5.00151 -3.50923 
1.06136 -1.26029 6.27094 -6.0466 5.04918 -3.53173 
1.05283 -1.27706 6.3228 -6.08115 5.09684 -3.55422 
1.0443 -1.29382 6.37465 -6.1157 5.14451 -3.57672 
1.03578 -1.31058 6.42651 -6.15024 5.19217 -3.59922 
1.02725 -1.32734 6.47836 -6.18479 5.23984 -3.62172 
1.01873 -1.34411 6.53022 -6.21934 5.2875 -3.64421 
1.0102 -1.36087 6.58207 -6.25389 5.33517 -3.66671 
1.02727 -1.36401 6.54589 -6.27606 5.39264 -3.73012 
1.04434 -1.36716 6.50971 -6.29822 5.45011 -3.79353 
1.06141 -1.3703 6.47352 -6.32039 5.50758 -3.85695 
1.07848 -1.37344 6.43734 -6.34256 5.56505 -3.92036 
1.09555 -1.37659 6.40116 -6.36473 5.62252 -3.98377 
1.11262 -1.37973 6.36498 -6.38689 5.67999 -4.04718 
1.12969 -1.38287 6.3288 -6.40906 5.73746 -4.11059 
1.14676 -1.38602 6.29261 -6.43123 5.79493 -4.17401 
1.16383 -1.38916 6.25643 -6.45339 5.8524 -4.23742 
1.1809 -1.39231 6.22025 -6.47556 5.90987 -4.30083 
1.19797 -1.39545 6.18407 -6.49773 5.96734 -4.36424 
1.21504 -1.39859 6.14789 -6.51989 6.02481 -4.42765 
1.23211 -1.40174 6.1117 -6.54206 6.08228 -4.49107 
1.24918 -1.40488 6.07552 -6.56423 6.13975 -4.55448 
1.26625 -1.40802 6.03934 -6.5864 6.19721 -4.61789 
1.28332 -1.41117 6.00316 -6.60856 6.25468 -4.6813 
1.30039 -1.41431 5.96698 -6.63073 6.31215 -4.74471 
1.31746 -1.41745 5.93079 -6.6529 6.36962 -4.80813 
1.33453 -1.4206 5.89461 -6.67506 6.42709 -4.87154 
1.3516 -1.42374 5.85843 -6.69723 6.48456 -4.93495 
1.36867 -1.42688 5.82225 -6.7194 6.54203 -4.99836 
1.38575 -1.43003 5.78606 -6.74156 6.5995 -5.06177 
1.40282 -1.43317 5.74988 -6.76373 6.65697 -5.12519 
1.41989 -1.43631 5.7137 -6.7859 6.71444 -5.1886 
1.43696 -1.43946 5.67752 -6.80807 6.77191 -5.25201 
1.45403 -1.4426 5.64134 -6.83023 6.82938 -5.31542 
1.4711 -1.44575 5.60515 -6.8524 6.88685 -5.37884 
1.48817 -1.44889 5.56897 -6.87457 6.94432 -5.44225 
1.50524 -1.45203 5.53279 -6.89673 7.00179 -5.50566 
1.52231 -1.45518 5.49661 -6.9189 7.05926 -5.56907 
1.53938 -1.45832 5.46043 -6.94107 7.11673 -5.63248 
1.55645 -1.46146 5.42424 -6.96324 7.1742 -5.6959 
1.57352 -1.46461 5.38806 -6.9854 7.23167 -5.75931 
1.59059 -1.46775 5.35188 -7.00757 7.28914 -5.82272 
1.60766 -1.47089 5.3157 -7.02974 7.34661 -5.88613 
1.62473 -1.47404 5.27952 -7.0519 7.40408 -5.94954 
1.6418 -1.47718 5.24333 -7.07407 7.46155 -6.01296 
1.65887 -1.48032 5.20715 -7.09624 7.51902 -6.07637 
1.67594 -1.48347 5.17097 -7.1184 7.57649 -6.13978 
1.69301 -1.48661 5.13479 -7.14057 7.63396 -6.20319 
1.71008 -1.48975 5.09861 -7.16274 7.69143 -6.2666 
1.72715 -1.4929 5.06242 -7.18491 7.7489 -6.33002 
1.74422 -1.49604 5.02624 -7.20707 7.80637 -6.39343 
1.76129 -1.49918 4.99006 -7.22924 7.86383 -6.45684 
1.77836 -1.50233 4.95388 -7.25141 7.9213 -6.52025 
1.79543 -1.50547 4.9177 -7.27357 7.97877 -6.58366 
1.8125 -1.50862 4.88151 -7.29574 8.03624 -6.64708 
1.82957 -1.51176 4.84533 -7.31791 8.09371 -6.71049 
1.84664 -1.5149 4.80915 -7.34008 8.15118 -6.7739 
1.86371 -1.51805 4.77297 -7.36224 8.20865 -6.83731 
1.88078 -1.52119 4.73679 -7.38441 8.26612 -6.90072 
1.89785 -1.52433 4.7006 -7.40658 8.32359 -6.96414 
1.91492 -1.52748 4.66442 -7.42874 8.38106 -7.02755 
1.93199 -1.53062 4.62824 -7.45091 8.43853 -7.09096 
1.94906 -1.53376 4.59206 -7.47308 8.496 -7.15437 
1.96613 -1.53691 4.55588 -7.49524 8.55347 -7.21778 
1.9832 -1.54005 4.51969 -7.51741 8.61094 -7.2812 
2.00027 -1.54319 4.48351 -7.53958 8.66841 -7.34461 
2.01734 -1.54634 4.44733 -7.56175 8.72588 -7.40802 
2.03441 -1.54948 4.41115 -7.58391 8.78335 -7.47143 
2.05148 -1.55262 4.37497 -7.60608 8.84082 -7.53484 
2.06855 -1.55577 4.33878 -7.62825 8.89829 -7.59826 
2.08562 -1.55891 4.3026 -7.65041 8.95576 -7.66167 
2.10269 -1.56206 4.26642 -7.67258 9.01323 -7.72508 
2.11976 -1.5652 4.23024 -7.69475 9.0707 -7.78849 
2.13683 -1.56834 4.19406 -7.71692 9.12817 -7.8519 
2.15391 -1.57149 4.15787 -7.73908 9.18564 -7.91532 
2.17098 -1.57463 4.12169 -7.76125 9.24311 -7.97873 
2.18805 -1.57777 4.08551 -7.78342 9.30058 -8.04214 
2.20512 -1.58092 4.04933 -7.80558 9.35805 -8.10555 
2.22219 -1.58406 4.01314 -7.82775 9.41552 -8.16897 
2.23926 -1.5872 3.97696 -7.84992 9.47299 -8.23238 
2.25633 -1.59035 3.94078 -7.87208 9.53046 -8.29579 
2.2734 -1.59349 3.9046 -7.89425 9.58792 -8.3592 
2.29047 -1.59663 3.86842 -7.91642 9.64539 -8.42261 
2.30754 -1.59978 3.83223 -7.93859 9.70286 -8.48603 
2.32461 -1.60292 3.79605 -7.96075 9.76033 -8.54944 
2.34168 -1.60606 3.75987 -7.98292 9.8178 -8.61285 
2.35875 -1.60921 3.72369 -8.00509 9.87527 -8.67626 
2.37582 -1.61235 3.68751 -8.02725 9.93274 -8.73967 
2.39289 -1.6155 3.65132 -8.04942 9.99021 -8.80309 
2.40996 -1.61864 3.61514 -8.07159 10.0477 -8.8665 
2.42703 -1.62178 3.57896 -8.09375 10.1052 -8.92991 
2.4441 -1.62493 3.54278 -8.11592 10.1626 -8.99332 
2.46117 -1.62807 3.5066 -8.13809 10.2201 -9.05673 
2.47824 -1.63121 3.47041 -8.16026 10.2776 -9.12015 
2.49531 -1.63436 3.43423 -8.18242 10.335 -9.18356 
2.51238 -1.6375 3.39805 -8.20459 10.3925 -9.24697 
2.52848 -1.6416 3.31747 -8.19902 10.3983 -9.28716 
2.54457 -1.6457 3.23689 -8.19344 10.4041 -9.32735 
2.56067 -1.6498 3.15631 -8.18787 10.4098 -9.36754 
2.57677 -1.6539 3.07573 -8.1823 10.4156 -9.40772 
2.59287 -1.658 2.99516 -8.17672 10.4214 -9.44791 
2.60896 -1.6621 2.91458 -8.17115 10.4272 -9.4881 
2.62506 -1.66619 2.834 -8.16558 10.433 -9.52829 
2.64116 -1.67029 2.75342 -8.16 10.4387 -9.56848 
2.65726 -1.67439 2.67284 -8.15443 10.4445 -9.60867 
2.67335 -1.67849 2.59226 -8.14886 10.4503 -9.64886 
2.68945 -1.68259 2.51168 -8.14328 10.4561 -9.68905 
2.70555 -1.68669 2.4311 -8.13771 10.4619 -9.72923 
2.72164 -1.69079 2.35053 -8.13213 10.4677 -9.76942 
2.73774 -1.69489 2.26995 -8.12656 10.4734 -9.80961 
2.75384 -1.69899 2.18937 -8.12099 10.4792 -9.8498 
2.76994 -1.70309 2.10879 -8.11541 10.485 -9.88999 
2.78603 -1.70719 2.02821 -8.10984 10.4908 -9.93018 
2.80213 -1.71129 1.94763 -8.10427 10.4966 -9.97037 
2.81823 -1.71539 1.86705 -8.09869 10.5023 -10.0106 
2.83433 -1.71949 1.78647 -8.09312 10.5081 -10.0507 
2.85042 -1.72358 1.70589 -8.08755 10.5139 -10.0909 
2.86652 -1.72768 1.62532 -8.08197 10.5197 -10.1311 
2.88262 -1.73178 1.54474 -8.0764 10.5255 -10.1713 
2.89871 -1.73588 1.46416 -8.07083 10.5312 -10.2115 
2.91481 -1.73998 1.38358 -8.06525 10.537 -10.2517 
2.93091 -1.74408 1.303 -8.05968 10.5428 -10.2919 
2.94701 -1.74818 1.22242 -8.05411 10.5486 -10.3321 
2.9631 -1.75228 1.14184 -8.04853 10.5544 -10.3723 
2.9792 -1.75638 1.06126 -8.04296 10.5602 -10.4124 
2.9953 -1.76048 0.980685 -8.03739 10.5659 -10.4526 
3.0114 -1.76458 0.900106 -8.03181 10.5717 -10.4928 
3.02749 -1.76868 0.819527 -8.02624 10.5775 -10.533 
3.04359 -1.77278 0.738948 -8.02067 10.5833 -10.5732 
3.05969 -1.77687 0.658369 -8.01509 10.5891 -10.6134 
3.07578 -1.78097 0.577791 -8.00952 10.5948 -10.6536 
3.09188 -1.78507 0.497212 -8.00394 10.6006 -10.6938 
3.10798 -1.78917 0.416633 -7.99837 10.6064 -10.734 
3.12408 -1.79327 0.336054 -7.9928 10.6122 -10.7741 
3.14017 -1.79737 0.255475 -7.98722 10.618 -10.8143 
3.15627 -1.80147 0.174896 -7.98165 10.6237 -10.8545 
3.17237 -1.80557 0.0943175 -7.97608 10.6295 -10.8947 
3.18847 -1.80967 0.0137386 -7.9705 10.6353 -10.9349 
3.20456 -1.81377 -0.0668402 -7.96493 10.6411 -10.9751 
3.22066 -1.81787 -0.147419 -7.95936 10.6469 -11.0153 
3.23676 -1.82197 -0.227998 -7.95378 10.6526 -11.0555 
3.25285 -1.82607 -0.308577 -7.94821 10.6584 -11.0957 
3.26895 -1.83017 -0.389156 -7.94264 10.6642 -11.1358 
3.28505 -1.83426 -0.469734 -7.93706 10.67 -11.176 
3.30115 -1.83836 -0.550313 -7.93149 10.6758 -11.2162 
3.31724 -1.84246 -0.630892 -7.92592 10.6816 -11.2564 
3.33334 -1.84656 -0.711471 -7.92034 10.6873 -11.2966 
3.34944 -1.85066 -0.79205 -7.91477 10.6931 -11.3368 
3.36553 -1.85476 -0.872629 -7.9092 10.6989 -11.377 
3.38163 -1.85886 -0.953207 -7.90362 10.7047 -11.4172 
3.39773 -1.86296 -1.03379 -7.89805 10.7105 -11.4574 
3.41383 -1.86706 -1.11437 -7.89248 10.7162 -11.4975 
3.42992 -1.87116 -1.19494 -7.8869 10.722 -11.5377 
3.44602 -1.87526 -1.27552 -7.88133 10.7278 -11.5779 
3.46212 -1.87936 -1.3561 -7.87576 10.7336 -11.6181 
3.47822 -1.88346 -1.43668 -7.87018 10.7394 -11.6583 
3.49431 -1.88756 -1.51726 -7.86461 10.7451 -11.6985 
3.51041 -1.89165 -1.59784 -7.85903 10.7509 -11.7387 
3.52651 -1.89575 -1.67842 -7.85346 10.7567 -11.7789 
3.5426 -1.89985 -1.759 -7.84789 10.7625 -11.819 
3.5587 -1.90395 -1.83957 -7.84231 10.7683 -11.8592 
3.5748 -1.90805 -1.92015 -7.83674 10.774 -11.8994 
3.5909 -1.91215 -2.00073 -7.83117 10.7798 -11.9396 
3.60699 -1.91625 -2.08131 -7.82559 10.7856 -11.9798 
3.62309 -1.92035 -2.16189 -7.82002 10.7914 -12.02 
3.63919 -1.92445 -2.24247 -7.81445 10.7972 -12.0602 
3.65529 -1.92855 -2.32305 -7.80887 10.803 -12.1004 
3.67138 -1.93265 -2.40363 -7.8033 10.8087 -12.1406 
3.68748 -1.93675 -2.48421 -7.79773 10.8145 -12.1807 
3.70358 -1.94085 -2.56478 -7.79215 10.8203 -12.2209 
3.71967 -1.94494 -2.64536 -7.78658 10.8261 -12.2611 
3.73577 -1.94904 -2.72594 -7.78101 10.8319 -12.3013 
3.75187 -1.95314 -2.80652 -7.77543 10.8376 -12.3415 
3.76797 -1.95724 -2.8871 -7.76986 10.8434 -12.3817 
3.78406 -1.96134 -2.96768 -7.76429 10.8492 -12.4219 
3.80016 -1.96544 -3.04826 -7.75871 10.855 -12.4621 
3.81626 -1.96954 -3.12884 -7.75314 10.8608 -12.5023 
3.83236 -1.97364 -3.20942 -7.74757 10.8665 -12.5424 
3.84845 -1.97774 -3.28999 -7.74199 10.8723 -12.5826 
3.86455 -1.98184 -3.37057 -7.73642 10.8781 -12.6228 
3.88065 -1.98594 -3.45115 -7.73084 10.8839 -12.663 
3.89674 -1.99004 -3.53173 -7.72527 10.8897 -12.7032 
3.91284 -1.99414 -3.61231 -7.7197 10.8955 -12.7434 
3.92894 -1.99824 -3.69289 -7.71412 10.9012 -12.7836 
3.94504 -2.00233 -3.77347 -7.70855 10.907 -12.8238 
3.96113 -2.00643 -3.85405 -7.70298 10.9128 -12.864 
3.97723 -2.01053 -3.93462 -7.6974 10.9186 -12.9041 
3.99333 -2.01463 -4.0152 -7.69183 10.9244 -12.9443 
4.00943 -2.01873 -4.09578 -7.68626 10.9301 -12.9845 
4.02552 -2.02283 -4.17636 -7.68068 10.9359 -13.0247 
4.04162 -2.02693 -4.25694 -7.67511 10.9417 -13.0649 
4.05362 -2.03161 -4.29591 -7.69498 10.975 -13.1192 
4.06562 -2.03629 -4.33489 -7.71484 11.0083 -13.1735 
4.07763 -2.04097 -4.37386 -7.73471 11.0416 -13.2277 
4.08963 -2.04565 -4.41283 -7.75457 11.0749 -13.282 
4.10163 -2.05033 -4.4518 -7.77444 11.1082 -13.3363 
4.11363 -2.05501 -4.49078 -7.7943 11.1416 -13.3906 
4.12563 -2.05969 -4.52975 -7.81417 11.1749 -13.4449 
4.13764 -2.06437 -4.56872 -7.83404 11.2082 -13.4991 
4.14964 -2.06905 -4.60769 -7.8539 11.2415 -13.5534 
4.16164 -2.07373 -4.64667 -7.87377 11.2748 -13.6077 
4.17364 -2.07841 -4.68564 -7.89363 11.3081 -13.662 
4.18564 -2.08309 -4.72461 -7.9135 11.3414 -13.7163 
4.19764 -2.08777 -4.76359 -7.93336 11.3747 -13.7706 
4.20965 -2.09245 -4.80256 -7.95323 11.408 -13.8248 
4.22165 -2.09712 -4.84153 -7.9731 11.4413 -13.8791 
4.23365 -2.1018 -4.8805 -7.99296 11.4746 -13.9334 
4.24565 -2.10648 -4.91948 -8.01283 11.5079 -13.9877 
4.25765 -2.11116 -4.95845 -8.03269 11.5413 -14.042 
4.26966 -2.11584 -4.99742 -8.05256 11.5746 -14.0962 
4.28166 -2.12052 -5.0364 -8.07242 11.6079 -14.1505 
4.29366 -2.1252 -5.07537 -8.09229 11.6412 -14.2048 
4.30566 -2.12988 -5.11434 -8.11216 11.6745 -14.2591 
4.31766 -2.13456 -5.15331 -8.13202 11.7078 -14.3134 
4.32967 -2.13924 -5.19229 -8.15189 11.7411 -14.3676 
4.34167 -2.14392 -5.23126 -8.17175 11.7744 -14.4219 
4.35367 -2.1486 -5.27023 -8.19162 11.8077 -14.4762 
4.36567 -2.15328 -5.3092 -8.21148 11.841 -14.5305 
4.37767 -2.15796 -5.34818 -8.23135 11.8743 -14.5848 
4.38968 -2.16264 -5.38715 -8.25122 11.9077 -14.6391 
4.40168 -2.16732 -5.42612 -8.27108 11.941 -14.6933 
4.41368 -2.172 -5.4651 -8.29095 11.9743 -14.7476 
4.42568 -2.17668 -5.50407 -8.31081 12.0076 -14.8019 
4.43768 -2.18136 -5.54304 -8.33068 12.0409 -14.8562 
4.44968 -2.18604 -5.58201 -8.35054 12.0742 -14.9105 
4.46169 -2.19072 -5.62099 -8.37041 12.1075 -14.9647 
4.47369 -2.1954 -5.65996 -8.39027 12.1408 -15.019 
4.48569 -2.20008 -5.69893 -8.41014 12.1741 -15.0733 
4.49769 -2.20476 -5.7379 -8.43001 12.2074 -15.1276 
4.50969 -2.20944 -5.77688 -8.44987 12.2407 -15.1819 
4.5217 -2.21412 -5.81585 -8.46974 12.274 -15.2361 
4.5337 -2.2188 -5.85482 -8.4896 12.3074 -15.2904 
4.5457 -2.22348 -5.8938 -8.50947 12.3407 -15.3447 
4.5577 -2.22816 -5.93277 -8.52933 12.374 -15.399 
4.5697 -2.23283 -5.97174 -8.5492 12.4073 -15.4533 
4.58171 -2.23751 -6.01071 -8.56907 12.4406 -15.5075 
4.59371 -2.24219 -6.04969 -8.58893 12.4739 -15.5618 
4.60571 -2.24687 -6.08866 -8.6088 12.5072 -15.6161 
4.61771 -2.25155 -6.12763 -8.62866 12.5405 -15.6704 
4.62971 -2.25623 -6.16661 -8.64853 12.5738 -15.7247 
4.64171 -2.26091 -6.20558 -8.66839 12.6071 -15.779 
4.65372 -2.26559 -6.24455 -8.68826 12.6404 -15.8332 
4.66572 -2.27027 -6.28352 -8.70813 12.6737 -15.8875 
4.67772 -2.27495 -6.3225 -8.72799 12.7071 -15.9418 
4.68972 -2.27963 -6.36147 -8.74786 12.7404 -15.9961 
4.70172 -2.28431 -6.40044 -8.76772 12.7737 -16.0504 
4.71373 -2.28899 -6.43941 -8.78759 12.807 -16.1046 
4.72573 -2.29367 -6.47839 -8.80745 12.8403 -16.1589 
4.73773 -2.29835 -6.51736 -8.82732 12.8736 -16.2132 
4.74589 -2.30161 -6.54229 -8.84317 12.8996 -16.2542 
4.75405 -2.30487 -6.56722 -8.85901 12.9256 -16.2952 
4.76221 -2.30813 -6.59216 -8.87486 12.9516 -16.3362 
4.77037 -2.3114 -6.61709 -8.8907 12.9776 -16.3771 
4.77853 -2.31466 -6.64202 -8.90655 13.0036 -16.4181 
4.78669 -2.31792 -6.66695 -8.92239 13.0296 -16.4591 
4.79486 -2.32118 -6.69188 -8.93824 13.0556 -16.5001 
4.80302 -2.32444 -6.71682 -8.95409 13.0816 -16.5411 
4.81118 -2.3277 -6.74175 -8.96993 13.1076 -16.5821 
4.81934 -2.33097 -6.76668 -8.98578 13.1336 -16.623 
4.8275 -2.33423 -6.79161 -9.00162 13.1596 -16.664 
4.83566 -2.33749 -6.81654 -9.01747 13.1856 -16.705 
4.84382 -2.34075 -6.84147 -9.03331 13.2116 -16.746 
4.85198 -2.34401 -6.86641 -9.04916 13.2377 -16.787 
4.86014 -2.34727 -6.89134 -9.06501 13.2637 -16.828 
4.8683 -2.35053 -6.91627 -9.08085 13.2897 -16.869 
4.87646 -2.3538 -6.9412 -9.0967 13.3157 -16.9099 
4.88462 -2.35706 -6.96613 -9.11254 13.3417 -16.9509 
4.89278 -2.36032 -6.99107 -9.12839 13.3677 -16.9919 
4.90095 -2.36358 -7.016 -9.14424 13.3937 -17.0329 
4.90911 -2.36684 -7.04093 -9.16008 13.4197 -17.0739 
4.91727 -2.3701 -7.06586 -9.17593 13.4457 -17.1149 
4.92543 -2.37337 -7.09079 -9.19177 13.4717 -17.1558 
4.93359 -2.37663 -7.11573 -9.20762 13.4977 -17.1968 
4.94175 -2.37989 -7.14066 -9.22346 13.5237 -17.2378 
4.94991 -2.38315 -7.16559 -9.23931 13.5497 -17.2788 

