467
-0.558599 0.348556 1.36934 0.86047 -1.79163 -0.891054 0.0125314 2.03338 -0.17297 -2.37697 0.637001 1.11105 0.755875 2.67894 
-0.578732 0.338342 1.3629 0.873729 -1.7298 -0.89382 -0.00381509 2.00071 -0.185412 -2.32813 0.624811 1.121 0.750776 2.66432 
-0.598865 0.328127 1.35647 0.886988 -1.66797 -0.896586 -0.0201616 1.96749 -0.194539 -2.27802 0.613426 1.13056 0.745319 2.65065 
-0.618999 0.317913 1.35003 0.900246 -1.60614 -0.899353 -0.0365081 1.93398 -0.200461 -2.22673 0.602688 1.13969 0.739361 2.63794 
-0.639132 0.307698 1.3436 0.913505 -1.54431 -0.902119 -0.0528546 1.9004 -0.203329 -2.17434 0.592536 1.14839 0.732774 2.62617 
-0.659265 0.297484 1.33716 0.926764 -1.48248 -0.904885 -0.0692011 1.86694 -0.2033 -2.12095 0.582891 1.15664 0.725463 2.61533 
-0.679398 0.287269 1.33073 0.940023 -1.42065 -0.907651 -0.0855476 1.83375 -0.200528 -2.06664 0.573666 1.16443 0.717357 2.60543 
-0.699532 0.277055 1.32429 0.953282 -1.35882 -0.910417 -0.101894 1.80098 -0.195163 -2.01152 0.564763 1.17171 0.708411 2.59647 
-0.719665 0.26684 1.31786 0.966541 -1.297 -0.913183 -0.118241 1.76872 -0.187346 -1.95568 0.55608 1.17847 0.698604 2.58843 
-0.739798 0.256626 1.31142 0.979799 -1.23517 -0.91595 -0.134587 1.73706 -0.177204 -1.89924 0.54751 1.18466 0.687934 2.58135 
-0.759931 0.246411 1.30499 0.993058 -1.17334 -0.918716 -0.150934 1.70608 -0.164852 -1.84228 0.538946 1.19022 0.676421 2.57522 
-0.780065 0.236197 1.29855 1.00632 -1.11151 -0.921482 -0.16728 1.67582 -0.15039 -1.78492 0.530281 1.19509 0.6641 2.57009 
-0.800198 0.225982 1.29212 1.01958 -1.04968 -0.924248 -0.183627 1.64633 -0.133901 -1.72725 0.521411 1.1992 0.651024 2.56597 
-0.820331 0.215768 1.28568 1.03283 -0.987849 -0.927014 -0.199973 1.61764 -0.115453 -1.6694 0.512236 1.20247 0.63726 2.56291 
-0.840464 0.205553 1.27925 1.04609 -0.92602 -0.92978 -0.21632 1.5898 -0.0950973 -1.61146 0.502663 1.20481 0.622891 2.56096 
-0.860598 0.195339 1.27281 1.05935 -0.864191 -0.932547 -0.232666 1.56286 -0.0728737 -1.55354 0.492605 1.20614 0.608011 2.56015 
-0.880731 0.185124 1.26638 1.07261 -0.802361 -0.935313 -0.249013 1.53685 -0.0488067 -1.49577 0.481983 1.20635 0.592732 2.56054 
-0.900864 0.17491 1.25994 1.08587 -0.740532 -0.938079 -0.265359 1.51185 -0.0229133 -1.43826 0.470731 1.20537 0.577174 2.56219 
-0.904036 0.169285 1.28398 1.08896 -0.700692 -0.934232 -0.267632 1.51384 -0.0250294 -1.43553 0.470863 1.20001 0.581227 2.56455 
-0.907252 0.163137 1.30809 1.09121 -0.661065 -0.930158 -0.269056 1.51584 -0.0271517 -1.43281 0.471007 1.19467 0.585275 2.5669 
-0.910535 0.156439 1.33219 1.0926 -0.62174 -0.925794 -0.269608 1.51784 -0.0292739 -1.43008 0.471151 1.18932 0.589323 2.56925 
-0.913909 0.149181 1.35617 1.09315 -0.582815 -0.921077 -0.269279 1.51984 -0.0313961 -1.42736 0.471295 1.18397 0.59337 2.57161 
-0.917399 0.141361 1.37994 1.09284 -0.544384 -0.915945 -0.268078 1.52184 -0.0335183 -1.42463 0.47144 1.17862 0.597418 2.57396 
-0.921029 0.132987 1.4034 1.09169 -0.506536 -0.910334 -0.266024 1.52384 -0.0356406 -1.42191 0.471584 1.17328 0.601466 2.57631 
-0.924816 0.124076 1.42645 1.08969 -0.469353 -0.904186 -0.263151 1.52584 -0.0377628 -1.41918 0.471728 1.16793 0.605514 2.57866 
-0.928777 0.114651 1.449 1.08687 -0.43291 -0.897449 -0.259501 1.52784 -0.039885 -1.41646 0.471872 1.16258 0.609562 2.58101 
-0.932922 0.10474 1.47096 1.08324 -0.397276 -0.89008 -0.255127 1.52984 -0.0420073 -1.41373 0.472016 1.15724 0.61361 2.58336 
-0.937253 0.0943751 1.49226 1.07882 -0.362507 -0.882043 -0.250088 1.53184 -0.0441295 -1.411 0.47216 1.15189 0.617657 2.58571 
-0.941772 0.0835918 1.51283 1.07362 -0.328653 -0.873315 -0.244448 1.53384 -0.0462517 -1.40828 0.472304 1.14654 0.621705 2.58807 
-0.946471 0.0724276 1.5326 1.06768 -0.295754 -0.863878 -0.238274 1.53584 -0.0483739 -1.40555 0.472448 1.1412 0.625753 2.59042 
-0.951338 0.0609219 1.55152 1.06101 -0.263842 -0.85373 -0.231635 1.53784 -0.0504962 -1.40283 0.472592 1.13585 0.629801 2.59277 
-0.956358 0.0491113 1.56954 1.05365 -0.232937 -0.842871 -0.224599 1.53984 -0.0526184 -1.4001 0.472736 1.1305 0.633849 2.59512 
-0.961512 0.0370346 1.58663 1.04564 -0.203053 -0.831312 -0.217232 1.54184 -0.0547406 -1.39738 0.472881 1.12515 0.637897 2.59747 
-0.966775 0.0247287 1.60277 1.03699 -0.174194 -0.819073 -0.209599 1.54384 -0.0568628 -1.39465 0.473025 1.11981 0.641944 2.59982 
-0.972123 0.0122289 1.61793 1.02775 -0.146358 -0.806178 -0.201761 1.54584 -0.0589851 -1.39193 0.473169 1.11446 0.645992 2.60217 
-0.977527 -0.000431035 1.6321 1.01794 -0.119535 -0.792657 -0.193773 1.54784 -0.0611073 -1.3892 0.473313 1.10911 0.65004 2.60453 
-0.982958 -0.0132196 1.64528 1.00761 -0.0937102 -0.778543 -0.18569 1.54984 -0.0632295 -1.38647 0.473457 1.10377 0.654088 2.60688 
-0.988387 -0.0261072 1.65747 0.996783 -0.068863 -0.763873 -0.177559 1.55184 -0.0653518 -1.38375 0.473601 1.09842 0.658136 2.60923 
-0.993785 -0.0390664 1.66868 0.985491 -0.0449682 -0.748686 -0.169424 1.55384 -0.067474 -1.38102 0.473745 1.09307 0.662184 2.61158 
-0.999121 -0.0520718 1.67892 0.97377 -0.0219972 -0.733021 -0.161324 1.55584 -0.0695962 -1.3783 0.473889 1.08772 0.666231 2.61393 
-1.00437 -0.0651 1.6882 0.961649 0 -0.716919 -0.153294 1.55784 -0.0717184 -1.37557 0.474033 1.08238 0.670279 2.61628 
-1.00949 -0.0781294 1.69655 0.949159 0.0213026 -0.70042 -0.145366 1.55984 -0.0738407 -1.37285 0.474177 1.07703 0.674327 2.61863 
-1.01448 -0.0911405 1.70399 0.93633 0.0417012 -0.683564 -0.137567 1.56184 -0.0759629 -1.37012 0.474322 1.07168 0.678375 2.62099 
-1.01929 -0.104115 1.71053 0.92319 0.0613142 -0.66639 -0.129922 1.56384 -0.0780851 -1.3674 0.474466 1.06634 0.682423 2.62334 
-1.02391 -0.117037 1.7162 0.909766 0.0801794 -0.648936 -0.122452 1.56584 -0.0802074 -1.36467 0.47461 1.06099 0.686471 2.62569 
-1.02832 -0.129891 1.72103 0.896083 0.0983347 -0.631236 -0.115175 1.56784 -0.0823296 -1.36194 0.474754 1.05564 0.690519 2.62804 
-1.03249 -0.142663 1.72504 0.882167 0.115818 -0.613326 -0.108107 1.56984 -0.0844518 -1.35922 0.474898 1.05029 0.694566 2.63039 
-1.03641 -0.155341 1.72826 0.86804 0.132667 -0.595238 -0.101263 1.57184 -0.086574 -1.35649 0.475042 1.04495 0.698614 2.63274 
-1.04006 -0.167913 1.73072 0.853725 0.148918 -0.577002 -0.0946529 1.57384 -0.0886963 -1.35377 0.475186 1.0396 0.702662 2.63509 
-1.04342 -0.18037 1.73243 0.839243 0.164608 -0.558647 -0.088288 1.57584 -0.0908185 -1.35104 0.47533 1.03425 0.70671 2.63744 
-1.04649 -0.192702 1.73343 0.824613 0.179772 -0.540199 -0.0821761 1.57784 -0.0929407 -1.34832 0.475474 1.02891 0.710758 2.6398 
-1.04925 -0.204901 1.73374 0.809855 0.194444 -0.521683 -0.0763243 1.57984 -0.095063 -1.34559 0.475618 1.02356 0.714806 2.64215 
-1.05169 -0.216959 1.73338 0.794986 0.208658 -0.503122 -0.0707378 1.58184 -0.0971852 -1.34287 0.475763 1.01821 0.718853 2.6445 
-1.05381 -0.22887 1.73238 0.780024 0.222445 -0.484537 -0.0654211 1.58384 -0.0993074 -1.34014 0.475907 1.01287 0.722901 2.64685 
-1.05559 -0.240629 1.73075 0.764984 0.235834 -0.465947 -0.0603772 1.58584 -0.10143 -1.33741 0.476051 1.00752 0.726949 2.6492 
-1.05704 -0.25223 1.72853 0.749881 0.248856 -0.447369 -0.055608 1.58784 -0.103552 -1.33469 0.476195 1.00217 0.730997 2.65155 
-1.05814 -0.26367 1.72573 0.734729 0.261537 -0.42882 -0.0511145 1.58984 -0.105674 -1.33196 0.476339 0.996824 0.735045 2.6539 
-1.05889 -0.274944 1.72237 0.719543 0.273904 -0.410313 -0.0468964 1.59184 -0.107796 -1.32924 0.476483 0.991477 0.739093 2.65626 
-1.0593 -0.286051 1.71848 0.704334 0.28598 -0.391862 -0.0429525 1.59384 -0.109919 -1.32651 0.476627 0.98613 0.74314 2.65861 
-1.05937 -0.296988 1.71406 0.689116 0.297787 -0.373478 -0.0392808 1.59584 -0.112041 -1.32379 0.476771 0.980783 0.747188 2.66096 
-1.05908 -0.307753 1.70914 0.673898 0.309348 -0.355172 -0.035878 1.59784 -0.114163 -1.32106 0.476915 0.975436 0.751236 2.66331 
-1.05845 -0.318345 1.70374 0.658693 0.32068 -0.336953 -0.0327401 1.59984 -0.116285 -1.31834 0.477059 0.970089 0.755284 2.66566 
-1.05747 -0.328765 1.69786 0.643511 0.331801 -0.318828 -0.0298618 1.60184 -0.118407 -1.31561 0.477204 0.964742 0.759332 2.66801 
-1.05615 -0.33901 1.69153 0.628361 0.342727 -0.300806 -0.0272373 1.60384 -0.12053 -1.31289 0.477348 0.959394 0.76338 2.67036 
-1.05448 -0.349082 1.68476 0.613253 0.353472 -0.282891 -0.0248596 1.60584 -0.122652 -1.31016 0.477492 0.954047 0.767428 2.67272 
-1.05249 -0.35898 1.67757 0.598196 0.364047 -0.26509 -0.0227209 1.60784 -0.124774 -1.30743 0.477636 0.9487 0.771475 2.67507 
-1.05016 -0.368704 1.66996 0.583198 0.374463 -0.247408 -0.0208127 1.60984 -0.126896 -1.30471 0.47778 0.943353 0.775523 2.67742 
-1.0475 -0.378254 1.66196 0.568268 0.384728 -0.229848 -0.0191256 1.61184 -0.129019 -1.30198 0.477924 0.938006 0.779571 2.67977 
-1.04452 -0.38763 1.65357 0.553413 0.394849 -0.212415 -0.0176498 1.61384 -0.131141 -1.29926 0.478068 0.932659 0.783619 2.68212 
-1.04122 -0.396832 1.64481 0.53864 0.404832 -0.195112 -0.0163748 1.61584 -0.133263 -1.29653 0.478212 0.927312 0.787667 2.68447 
-1.03761 -0.405859 1.63569 0.523957 0.414679 -0.177941 -0.0152895 1.61784 -0.135385 -1.29381 0.478356 0.921965 0.791715 2.68682 
-1.0337 -0.414709 1.62622 0.509371 0.424394 -0.160907 -0.0143829 1.61984 -0.137508 -1.29108 0.478501 0.916618 0.795762 2.68918 
-1.02948 -0.423381 1.61642 0.494888 0.433976 -0.144012 -0.0136433 1.62184 -0.13963 -1.28836 0.478645 0.911271 0.79981 2.69153 
-1.02497 -0.431873 1.6063 0.480515 0.443426 -0.127258 -0.0130593 1.62384 -0.141752 -1.28563 0.478789 0.905924 0.803858 2.69388 
-1.02017 -0.440182 1.59586 0.466257 0.452741 -0.110649 -0.0126195 1.62584 -0.143874 -1.2829 0.478933 0.900577 0.807906 2.69623 
-1.01509 -0.448304 1.58514 0.45212 0.461918 -0.0941875 -0.0123126 1.62784 -0.145996 -1.28018 0.479077 0.89523 0.811954 2.69858 
-1.00974 -0.456235 1.57413 0.43811 0.470955 -0.0778767 -0.0121279 1.62984 -0.148119 -1.27745 0.479221 0.889882 0.816002 2.70093 
-1.00412 -0.463971 1.56285 0.424232 0.479847 -0.0617201 -0.012055 1.63184 -0.150241 -1.27473 0.479365 0.884535 0.820049 2.70328 
-0.99824 -0.471505 1.55132 0.410491 0.488589 -0.0457212 -0.0120843 1.63384 -0.152363 -1.272 0.479509 0.879188 0.824097 2.70564 
-0.992113 -0.478833 1.53955 0.396891 0.497176 -0.0298839 -0.0122069 1.63584 -0.154485 -1.26928 0.479653 0.873841 0.828145 2.70799 
-0.985746 -0.485948 1.52755 0.383438 0.505603 -0.0142122 -0.0124149 1.63784 -0.156608 -1.26655 0.479797 0.868494 0.832193 2.71034 
-0.979149 -0.492844 1.51535 0.370135 0.513865 0.0012894 -0.0127013 1.63984 -0.15873 -1.26383 0.479942 0.863147 0.836241 2.71269 
-0.97233 -0.499513 1.50297 0.356986 0.521956 0.0166165 -0.0130603 1.64184 -0.160852 -1.2611 0.480086 0.8578 0.840289 2.71504 
-0.965302 -0.505949 1.49041 0.343996 0.529873 0.0317643 -0.0134872 1.64384 -0.162974 -1.25837 0.48023 0.852453 0.844336 2.71739 
-0.958074 -0.512145 1.4777 0.331167 0.537611 0.0467279 -0.0139785 1.64584 -0.165096 -1.25565 0.480374 0.847106 0.848384 2.71974 
-0.95066 -0.518095 1.46485 0.318504 0.545167 0.0615024 -0.014532 1.64784 -0.167219 -1.25292 0.480518 0.841759 0.852432 2.7221 
-0.94307 -0.523792 1.45189 0.306008 0.552538 0.0760827 -0.0151467 1.64984 -0.169341 -1.2502 0.480662 0.836412 0.85648 2.72445 
-0.935318 -0.52923 1.43883 0.293683 0.559722 0.0904638 -0.0158227 1.65184 -0.171463 -1.24747 0.480806 0.831065 0.860528 2.7268 
-0.927418 -0.534403 1.4257 0.281532 0.566719 0.10464 -0.0165621 1.65384 -0.173585 -1.24475 0.48095 0.825718 0.864576 2.72915 
-0.919382 -0.53931 1.41251 0.269558 0.573529 0.118608 -0.0173664 1.65584 -0.175708 -1.24202 0.481094 0.82037 0.868624 2.7315 
-0.911225 -0.543945 1.39929 0.257762 0.580154 0.132362 -0.0182397 1.65784 -0.17783 -1.2393 0.481238 0.815023 0.872671 2.73385 
-0.902961 -0.548307 1.38606 0.246147 0.586595 0.145898 -0.0191864 1.65984 -0.179952 -1.23657 0.481383 0.809676 0.876719 2.7362 
-0.894605 -0.552394 1.37283 0.234715 0.592856 0.159212 -0.020212 1.66184 -0.182074 -1.23384 0.481527 0.804329 0.880767 2.73856 
-0.886171 -0.556207 1.35963 0.223469 0.598942 0.172301 -0.0213229 1.66384 -0.184197 -1.23112 0.481671 0.798982 0.884815 2.74091 
-0.877675 -0.559745 1.34648 0.21241 0.604858 0.18516 -0.0225258 1.66584 -0.186319 -1.22839 0.481815 0.793635 0.888863 2.74326 
-0.869129 -0.563011 1.33339 0.201541 0.61061 0.197786 -0.0238281 1.66784 -0.188441 -1.22567 0.481959 0.788288 0.892911 2.74561 
-0.86055 -0.566009 1.32039 0.190864 0.616205 0.210177 -0.0252378 1.66983 -0.190563 -1.22294 0.482103 0.782941 0.896958 2.74796 
-0.851951 -0.568743 1.30749 0.180381 0.62165 0.222331 -0.026763 1.67183 -0.192685 -1.22022 0.482247 0.777594 0.901006 2.75031 
-0.843346 -0.571218 1.2947 0.170095 0.626955 0.234246 -0.028412 1.67383 -0.194808 -1.21749 0.482391 0.772247 0.905054 2.75266 
-0.834748 -0.57344 1.28205 0.160007 0.632127 0.245919 -0.0301933 1.67583 -0.19693 -1.21477 0.482535 0.7669 0.909102 2.75501 
-0.826171 -0.575419 1.26956 0.15012 0.637175 0.25735 -0.0321154 1.67783 -0.199052 -1.21204 0.482679 0.761553 0.91315 2.75737 
-0.817626 -0.57716 1.25722 0.140438 0.642109 0.268538 -0.0341866 1.67983 -0.201174 -1.20931 0.482824 0.756206 0.917198 2.75972 
-0.809127 -0.578675 1.24507 0.130962 0.646937 0.279482 -0.0364151 1.68183 -0.203297 -1.20659 0.482968 0.750859 0.921245 2.76207 
-0.800683 -0.579971 1.23311 0.121695 0.651669 0.290182 -0.0388088 1.68383 -0.205419 -1.20386 0.483112 0.745511 0.925293 2.76442 
-0.792307 -0.581061 1.22135 0.11264 0.656313 0.300638 -0.0413755 1.68583 -0.207541 -1.20114 0.483256 0.740164 0.929341 2.76677 
-0.784008 -0.581953 1.20981 0.1038 0.660879 0.310849 -0.0441224 1.68783 -0.209663 -1.19841 0.4834 0.734817 0.933389 2.76912 
-0.775796 -0.582659 1.1985 0.0951776 0.665373 0.320816 -0.0470563 1.68983 -0.211785 -1.19569 0.483544 0.72947 0.937437 2.77147 
-0.767679 -0.58319 1.18741 0.0867769 0.669805 0.33054 -0.0501839 1.69183 -0.213908 -1.19296 0.483688 0.724123 0.941485 2.77383 
-0.759667 -0.583558 1.17658 0.0786005 0.674181 0.340021 -0.0535112 1.69383 -0.21603 -1.19024 0.483832 0.718776 0.945533 2.77618 
-0.751767 -0.583773 1.16599 0.0706518 0.678508 0.349259 -0.0570437 1.69583 -0.218152 -1.18751 0.483976 0.713429 0.94958 2.77853 
-0.743987 -0.583848 1.15567 0.0629341 0.682792 0.358256 -0.0607868 1.69783 -0.220274 -1.18478 0.48412 0.708082 0.953628 2.78088 
-0.736333 -0.583793 1.14562 0.0554506 0.687039 0.367011 -0.0647451 1.69983 -0.222397 -1.18206 0.484265 0.702735 0.957676 2.78323 
-0.728811 -0.583621 1.13583 0.0482047 0.691254 0.375527 -0.0689217 1.70183 -0.224519 -1.17933 0.484409 0.697388 0.961724 2.78558 
-0.721428 -0.583339 1.12634 0.0411998 0.69544 0.383802 -0.0733232 1.70383 -0.226641 -1.17661 0.484553 0.692041 0.965772 2.78793 
-0.714189 -0.58296 1.11712 0.0344389 0.699601 0.391839 -0.0779518 1.70583 -0.228763 -1.17388 0.484697 0.686694 0.96982 2.79029 
-0.707099 -0.582494 1.1082 0.0279255 0.70374 0.399638 -0.0828105 1.70783 -0.230886 -1.17116 0.484841 0.681347 0.973867 2.79264 
-0.700163 -0.581951 1.09958 0.0216625 0.70786 0.4072 -0.0879021 1.70983 -0.233008 -1.16843 0.484985 0.675999 0.977915 2.79499 
-0.693386 -0.581341 1.09127 0.015653 0.711961 0.414525 -0.0932292 1.71183 -0.23513 -1.16571 0.485129 0.670652 0.981963 2.79734 
-0.68677 -0.580672 1.08326 0.00990001 0.716045 0.421614 -0.098794 1.71383 -0.237252 -1.16298 0.485273 0.665305 0.986011 2.79969 
-0.680321 -0.579953 1.07556 0.00440626 0.720113 0.428469 -0.104599 1.71583 -0.239374 -1.16025 0.485417 0.659958 0.990059 2.80204 
-0.674041 -0.579192 1.06818 -0.000825578 0.724164 0.43509 -0.110645 1.71783 -0.241497 -1.15753 0.485561 0.654611 0.994107 2.80439 
-0.667934 -0.578398 1.06113 -0.00579301 0.728199 0.441477 -0.116934 1.71983 -0.243619 -1.1548 0.485706 0.649264 0.998154 2.80675 
-0.662003 -0.577578 1.0544 -0.0104937 0.732215 0.447632 -0.123467 1.72183 -0.245741 -1.15208 0.48585 0.643917 1.0022 2.8091 
-0.65625 -0.576738 1.04801 -0.0149256 0.736213 0.453556 -0.130246 1.72383 -0.247863 -1.14935 0.485994 0.63857 1.00625 2.81145 
-0.650678 -0.575885 1.04195 -0.0190867 0.740191 0.459249 -0.137272 1.72583 -0.249986 -1.14663 0.486138 0.633223 1.0103 2.8138 
-0.645289 -0.575026 1.03623 -0.0229754 0.744147 0.464712 -0.144547 1.72783 -0.252108 -1.1439 0.486282 0.627876 1.01435 2.81615 
-0.640086 -0.574166 1.03085 -0.0265902 0.748079 0.469948 -0.15207 1.72983 -0.25423 -1.14118 0.486426 0.622529 1.01839 2.8185 
-0.635069 -0.57331 1.02582 -0.0299298 0.751987 0.474956 -0.159845 1.73183 -0.256352 -1.13845 0.48657 0.617182 1.02244 2.82085 
-0.630241 -0.572464 1.02113 -0.0329934 0.755867 0.47974 -0.16787 1.73383 -0.258475 -1.13572 0.486714 0.611835 1.02649 2.82321 
-0.625603 -0.571631 1.0168 -0.0357801 0.759718 0.484299 -0.176149 1.73583 -0.260597 -1.133 0.486858 0.606487 1.03054 2.82556 
-0.621155 -0.570816 1.01283 -0.0382896 0.763538 0.488637 -0.184681 1.73783 -0.262719 -1.13027 0.487003 0.60114 1.03459 2.82791 
-0.616899 -0.570024 1.00921 -0.0405217 0.767327 0.492755 -0.193469 1.73983 -0.264841 -1.12755 0.487147 0.595793 1.03863 2.83026 
-0.612835 -0.569256 1.00595 -0.0424764 0.771082 0.496656 -0.202514 1.74183 -0.266963 -1.12482 0.487291 0.590446 1.04268 2.83261 
-0.608963 -0.568517 1.00306 -0.0441542 0.774802 0.500343 -0.211817 1.74383 -0.269086 -1.1221 0.487435 0.585099 1.04673 2.83496 
-0.605283 -0.567809 1.00052 -0.0455557 0.778488 0.503818 -0.22138 1.74583 -0.271208 -1.11937 0.487579 0.579752 1.05078 2.83731 
-0.601795 -0.567135 0.998345 -0.0466819 0.782138 0.507084 -0.231206 1.74783 -0.27333 -1.11665 0.487723 0.574405 1.05482 2.83967 
-0.598497 -0.566498 0.996532 -0.047534 0.785753 0.510146 -0.241296 1.74983 -0.275452 -1.11392 0.487867 0.569058 1.05887 2.84202 
-0.595389 -0.565899 0.995081 -0.0481135 0.789334 0.513008 -0.251653 1.75183 -0.277575 -1.1112 0.488011 0.563711 1.06292 2.84437 
-0.592469 -0.565341 0.993989 -0.0484223 0.792882 0.515674 -0.262279 1.75383 -0.279697 -1.10847 0.488155 0.558364 1.06697 2.84672 
-0.589735 -0.564826 0.993256 -0.0484624 0.796399 0.518148 -0.273177 1.75583 -0.281819 -1.10574 0.488299 0.553017 1.07102 2.84907 
-0.587185 -0.564354 0.992877 -0.0482361 0.799887 0.520437 -0.284351 1.75783 -0.283941 -1.10302 0.488444 0.54767 1.07506 2.85142 
-0.584816 -0.563929 0.992851 -0.0477461 0.803349 0.522546 -0.295803 1.75983 -0.286063 -1.10029 0.488588 0.542323 1.07911 2.85377 
-0.582625 -0.56355 0.993172 -0.0469954 0.80679 0.524481 -0.307537 1.76183 -0.288186 -1.09757 0.488732 0.536975 1.08316 2.85613 
-0.580609 -0.56322 0.993837 -0.0459869 0.810213 0.52625 -0.319557 1.76383 -0.290308 -1.09484 0.488876 0.531628 1.08721 2.85848 
-0.578763 -0.562939 0.994839 -0.0447243 0.813624 0.52786 -0.331867 1.76583 -0.29243 -1.09212 0.48902 0.526281 1.09125 2.86083 
-0.577085 -0.56271 0.996173 -0.0432111 0.817028 0.529318 -0.344471 1.76783 -0.294552 -1.08939 0.489164 0.520934 1.0953 2.86318 
-0.575568 -0.562533 0.99783 -0.0414512 0.820433 0.530634 -0.357375 1.76983 -0.296675 -1.08667 0.489308 0.515587 1.09935 2.86553 
-0.574208 -0.562409 0.999804 -0.0394488 0.823845 0.531816 -0.370582 1.77183 -0.298797 -1.08394 0.489452 0.51024 1.1034 2.86788 
-0.573 -0.562341 1.00209 -0.0372083 0.827272 0.532874 -0.384097 1.77383 -0.300919 -1.08121 0.489596 0.504893 1.10745 2.87023 
-0.571938 -0.56233 1.00467 -0.0347342 0.830723 0.533818 -0.397926 1.77583 -0.303041 -1.07849 0.48974 0.499546 1.11149 2.87258 
-0.571015 -0.562377 1.00753 -0.0320314 0.834207 0.53466 -0.412075 1.77783 -0.305164 -1.07576 0.489885 0.494199 1.11554 2.87494 
-0.570226 -0.562483 1.01068 -0.029105 0.837733 0.53541 -0.426548 1.77983 -0.307286 -1.07304 0.490029 0.488852 1.11959 2.87729 
-0.569563 -0.562651 1.01409 -0.0259601 0.841311 0.53608 -0.44135 1.78183 -0.309408 -1.07031 0.490173 0.483505 1.12364 2.87964 
-0.569021 -0.562883 1.01775 -0.0226023 0.844952 0.536684 -0.456489 1.78383 -0.31153 -1.06759 0.490317 0.478158 1.12769 2.88199 
-0.568591 -0.56318 1.02166 -0.019037 0.848666 0.537234 -0.471968 1.78583 -0.313652 -1.06486 0.490461 0.472811 1.13173 2.88434 
-0.568265 -0.563546 1.02579 -0.0152704 0.852463 0.537744 -0.487792 1.78783 -0.315775 -1.06214 0.490605 0.467463 1.13578 2.88669 
-0.568038 -0.563982 1.03014 -0.0113081 0.856356 0.538229 -0.503969 1.78983 -0.317897 -1.05941 0.490749 0.462116 1.13983 2.88904 
-0.5679 -0.56449 1.03469 -0.00715651 0.860355 0.538703 -0.520502 1.79183 -0.320019 -1.05668 0.490893 0.456769 1.14388 2.8914 
-0.567844 -0.565075 1.03942 -0.00282203 0.86447 0.539182 -0.537396 1.79383 -0.322141 -1.05396 0.491037 0.451422 1.14792 2.89375 
-0.567861 -0.565739 1.04431 0.0016888 0.868713 0.539683 -0.554655 1.79583 -0.324264 -1.05123 0.491181 0.446075 1.15197 2.8961 
-0.567944 -0.566485 1.04936 0.00636922 0.873093 0.540221 -0.572283 1.79783 -0.326386 -1.04851 0.491326 0.440728 1.15602 2.89845 
-0.568085 -0.567318 1.05455 0.0112123 0.877621 0.540814 -0.590282 1.79983 -0.328508 -1.04578 0.49147 0.435381 1.16007 2.9008 
-0.568274 -0.56824 1.05986 0.016211 0.882305 0.541479 -0.608655 1.80183 -0.33063 -1.04306 0.491614 0.430034 1.16412 2.90315 
-0.568504 -0.569257 1.06527 0.021358 0.887155 0.542235 -0.627403 1.80383 -0.332752 -1.04033 0.491758 0.424687 1.16816 2.9055 
-0.568766 -0.570373 1.07076 0.0266458 0.892178 0.543101 -0.646527 1.80583 -0.334875 -1.03761 0.491902 0.41934 1.17221 2.90786 
-0.569053 -0.571591 1.07632 0.0320669 0.89738 0.544094 -0.666027 1.80783 -0.336997 -1.03488 0.492046 0.413993 1.17626 2.91021 
-0.569356 -0.572918 1.08194 0.0376134 0.902767 0.545236 -0.685901 1.80983 -0.339119 -1.03215 0.49219 0.408646 1.18031 2.91256 
-0.569666 -0.574359 1.08758 0.0432773 0.908343 0.546546 -0.706146 1.81183 -0.341241 -1.02943 0.492334 0.403299 1.18436 2.91491 
-0.569976 -0.575918 1.09324 0.0490504 0.914113 0.548044 -0.726758 1.81383 -0.343364 -1.0267 0.492478 0.397951 1.1884 2.91726 
-0.570279 -0.577603 1.0989 0.0549245 0.920077 0.549752 -0.747732 1.81583 -0.345486 -1.02398 0.492622 0.392604 1.19245 2.91961 
-0.570565 -0.579418 1.10453 0.0608909 0.926235 0.551689 -0.769059 1.81783 -0.347608 -1.02125 0.492767 0.387257 1.1965 2.92196 
-0.570827 -0.58137 1.11012 0.0669413 0.932586 0.553877 -0.790735 1.81983 -0.34973 -1.01853 0.492911 0.38191 1.20055 2.92432 
-0.571057 -0.583468 1.11566 0.0730656 0.939127 0.55634 -0.812743 1.82183 -0.351853 -1.0158 0.493055 0.376563 1.20459 2.92667 
-0.571248 -0.585715 1.12111 0.0792557 0.945853 0.559097 -0.835076 1.82383 -0.353975 -1.01308 0.493199 0.371216 1.20864 2.92902 
-0.571392 -0.58812 1.12647 0.085502 0.952756 0.56217 -0.857719 1.82583 -0.356097 -1.01035 0.493343 0.365869 1.21269 2.93137 
-0.582342 -0.570599 1.13998 0.0973497 0.948538 0.558321 -0.888531 1.80987 -0.352442 -1.00545 0.494586 0.358383 1.2128 2.91101 
-0.59328 -0.553086 1.15347 0.109185 0.944317 0.554481 -0.919322 1.79344 -0.348463 -1.00123 0.493752 0.350236 1.21477 2.89159 
-0.604218 -0.535574 1.16697 0.121019 0.940096 0.550641 -0.950114 1.77659 -0.344214 -0.997683 0.490888 0.341462 1.2186 2.87312 
-0.615156 -0.518061 1.18047 0.132854 0.935875 0.546801 -0.980905 1.75934 -0.339759 -0.994825 0.48604 0.332095 1.22431 2.85559 
-0.626093 -0.500548 1.19396 0.144689 0.931654 0.542961 -1.0117 1.74172 -0.335159 -0.992652 0.479255 0.322173 1.23191 2.83898 
-0.637031 -0.483035 1.20746 0.156524 0.927433 0.539121 -1.04249 1.72374 -0.330476 -0.991159 0.470578 0.311742 1.24141 2.82325 
-0.647969 -0.465522 1.22095 0.168359 0.923213 0.535282 -1.07328 1.70539 -0.325767 -0.990334 0.460056 0.300853 1.25279 2.80836 
-0.658907 -0.44801 1.23445 0.180193 0.918992 0.531442 -1.10407 1.68668 -0.321086 -0.990164 0.447731 0.289557 1.26606 2.79426 
-0.669845 -0.430497 1.24795 0.192028 0.914771 0.527602 -1.13486 1.66759 -0.316484 -0.99063 0.433645 0.277911 1.28119 2.78089 
-0.680783 -0.412984 1.26144 0.203863 0.91055 0.523762 -1.16565 1.64808 -0.312005 -0.99171 0.417833 0.265969 1.29816 2.76819 
-0.691721 -0.395471 1.27494 0.215698 0.906329 0.519922 -1.19644 1.62814 -0.307691 -0.993381 0.400331 0.253787 1.31696 2.7561 
-0.702659 -0.377958 1.28844 0.227533 0.902108 0.516082 -1.22723 1.60771 -0.303578 -0.995613 0.381166 0.241421 1.33756 2.74453 
-0.713596 -0.360446 1.30193 0.239367 0.897887 0.512242 -1.25803 1.58677 -0.299698 -0.99838 0.360362 0.228923 1.35993 2.73343 
-0.724534 -0.342933 1.31543 0.251202 0.893666 0.508402 -1.28882 1.56525 -0.296076 -1.00165 0.337936 0.216344 1.38404 2.72271 
-0.735472 -0.32542 1.32893 0.263037 0.889445 0.504562 -1.31961 1.54312 -0.292734 -1.00539 0.313898 0.20373 1.40985 2.7123 
-0.74641 -0.307907 1.34242 0.274872 0.885224 0.500722 -1.3504 1.52032 -0.289687 -1.00956 0.288252 0.191127 1.43734 2.70212 
-0.757348 -0.290394 1.35592 0.286707 0.881003 0.496882 -1.38119 1.4968 -0.286946 -1.01413 0.260993 0.178575 1.46648 2.69211 
-0.768286 -0.272882 1.36942 0.298541 0.876782 0.493042 -1.41198 1.4725 -0.284516 -1.01907 0.232108 0.16611 1.49724 2.6822 
-0.779224 -0.255369 1.38291 0.310376 0.872562 0.489203 -1.44277 1.44735 -0.282399 -1.02434 0.201574 0.153764 1.5296 2.6723 
-0.790162 -0.237856 1.39641 0.322211 0.868341 0.485363 -1.47356 1.4213 -0.280588 -1.02989 0.169356 0.141568 1.56354 2.66236 
-0.801099 -0.220343 1.4099 0.334046 0.86412 0.481523 -1.50436 1.39428 -0.279074 -1.03569 0.135408 0.129544 1.59903 2.6523 
-0.812037 -0.20283 1.4234 0.345881 0.859899 0.477683 -1.53515 1.36622 -0.277841 -1.04169 0.0996702 0.117713 1.63608 2.64205 
-0.822975 -0.185318 1.4369 0.357715 0.855678 0.473843 -1.56594 1.33705 -0.276864 -1.04786 0.0620678 0.106092 1.67469 2.63155 
-0.833913 -0.167805 1.45039 0.36955 0.851457 0.470003 -1.59673 1.30669 -0.276117 -1.05414 0.0225069 0.094692 1.71486 2.62073 
-0.844851 -0.150292 1.46389 0.381385 0.847236 0.466163 -1.62752 1.27505 -0.275561 -1.06049 -0.0191277 0.0835202 1.75661 2.60951 
-0.852206 -0.155985 1.45665 0.377822 0.842833 0.478821 -1.61535 1.282 -0.275242 -1.0621 -0.0133069 0.0961194 1.75155 2.62974 
-0.859562 -0.161677 1.44942 0.374258 0.83843 0.49148 -1.60318 1.28861 -0.274982 -1.06372 -0.00805309 0.108209 1.74757 2.64932 
-0.866917 -0.16737 1.44218 0.370695 0.834027 0.504138 -1.59101 1.29489 -0.274794 -1.06536 -0.00331465 0.119776 1.74462 2.6682 
-0.874273 -0.173063 1.43495 0.367131 0.829624 0.516797 -1.57884 1.30086 -0.274689 -1.06705 0.000960509 0.130807 1.74265 2.68637 
-0.881628 -0.178755 1.42771 0.363568 0.825221 0.529455 -1.56666 1.30656 -0.274679 -1.06881 0.00482454 0.141291 1.74159 2.70379 
-0.888984 -0.184448 1.42048 0.360004 0.820818 0.542114 -1.55449 1.31199 -0.274774 -1.07066 0.00832913 0.151215 1.74139 2.72045 
-0.896339 -0.19014 1.41324 0.356441 0.816414 0.554772 -1.54232 1.31718 -0.274982 -1.07262 0.011525 0.160565 1.74199 2.73632 
-0.903695 -0.195833 1.40601 0.352878 0.812011 0.567431 -1.53015 1.32214 -0.275312 -1.07469 0.0144617 0.16933 1.74333 2.75137 
-0.91105 -0.201526 1.39877 0.349314 0.807608 0.580089 -1.51798 1.3269 -0.27577 -1.07688 0.0171868 0.177497 1.74535 2.76561 
-0.918405 -0.207218 1.39154 0.345751 0.803205 0.592748 -1.50581 1.33148 -0.276364 -1.07921 0.019746 0.185054 1.74799 2.779 
-0.925761 -0.212911 1.3843 0.342187 0.798802 0.605406 -1.49364 1.33588 -0.277098 -1.08168 0.0221827 0.191991 1.7512 2.79155 
-0.933116 -0.218604 1.37706 0.338624 0.794399 0.618065 -1.48147 1.34013 -0.277979 -1.08428 0.0245377 0.198297 1.75491 2.80323 
-0.940472 -0.224296 1.36983 0.33506 0.789996 0.630723 -1.4693 1.34425 -0.27901 -1.08703 0.0268491 0.20396 1.75906 2.81405 
-0.947827 -0.229989 1.36259 0.331497 0.785593 0.643382 -1.45713 1.34824 -0.280194 -1.08992 0.0291525 0.208973 1.76361 2.824 
-0.955183 -0.235682 1.35536 0.327933 0.78119 0.65604 -1.44495 1.35213 -0.281536 -1.09295 0.0314801 0.213326 1.76849 2.83308 
-0.962538 -0.241374 1.34812 0.32437 0.776787 0.668699 -1.43278 1.35593 -0.283037 -1.09612 0.0338616 0.217011 1.77367 2.84128 
-0.969894 -0.247067 1.34089 0.320807 0.772384 0.681357 -1.42061 1.35964 -0.284699 -1.09943 0.0363237 0.220022 1.77907 2.84862 
-0.977249 -0.252759 1.33365 0.317243 0.767981 0.694016 -1.40844 1.36329 -0.286526 -1.10287 0.03889 0.222352 1.78467 2.85509 
-0.984604 -0.258452 1.32642 0.31368 0.763577 0.706674 -1.39627 1.36688 -0.288517 -1.10644 0.0415813 0.223997 1.7904 2.86071 
-0.99196 -0.264145 1.31918 0.310116 0.759174 0.719333 -1.3841 1.37042 -0.290674 -1.11013 0.0444159 0.224954 1.79623 2.86547 
-0.999315 -0.269837 1.31195 0.306553 0.754771 0.731991 -1.37193 1.37393 -0.292998 -1.11394 0.0474091 0.225219 1.80212 2.86938 
-1.00667 -0.27553 1.30471 0.302989 0.750368 0.74465 -1.35976 1.37742 -0.29549 -1.11786 0.0505738 0.224791 1.80802 2.87247 
-1.01403 -0.281223 1.29748 0.299426 0.745965 0.757308 -1.34759 1.38088 -0.298151 -1.12189 0.0539202 0.22367 1.81391 2.87474 
-1.02138 -0.286915 1.29024 0.295863 0.741562 0.769967 -1.33542 1.38433 -0.300981 -1.12603 0.0574567 0.221857 1.81973 2.8762 
-1.02874 -0.292608 1.283 0.292299 0.737159 0.782625 -1.32324 1.38778 -0.303981 -1.13027 0.0611886 0.219354 1.82547 2.87687 
-1.03609 -0.298301 1.27577 0.288736 0.732756 0.795284 -1.31107 1.39123 -0.307153 -1.13461 0.0651199 0.216164 1.83108 2.87676 
-1.04345 -0.303993 1.26853 0.285172 0.728353 0.807942 -1.2989 1.39469 -0.310496 -1.13903 0.0692523 0.212293 1.83654 2.87589 
-1.0508 -0.309686 1.2613 0.281609 0.72395 0.820601 -1.28673 1.39816 -0.314011 -1.14355 0.0735857 0.207746 1.84183 2.87429 
-1.05816 -0.315378 1.25406 0.278045 0.719547 0.833259 -1.27456 1.40165 -0.317701 -1.14814 0.0781184 0.20253 1.84692 2.87196 
-1.06551 -0.321071 1.24683 0.274482 0.715144 0.845918 -1.26239 1.40515 -0.321566 -1.15282 0.0828469 0.196655 1.85178 2.86894 
-1.07287 -0.326764 1.23959 0.270919 0.710741 0.858576 -1.25022 1.40867 -0.325606 -1.15758 0.0877664 0.190129 1.8564 2.86523 
-1.08023 -0.332456 1.23236 0.267355 0.706337 0.871235 -1.23805 1.41222 -0.329824 -1.16242 0.0928707 0.182964 1.86076 2.86086 
-1.08758 -0.338149 1.22512 0.263792 0.701934 0.883893 -1.22588 1.41579 -0.334221 -1.16732 0.0981522 0.175171 1.86483 2.85586 
-1.09494 -0.343842 1.21789 0.260228 0.697531 0.896552 -1.21371 1.41939 -0.338799 -1.17231 0.103602 0.166765 1.86862 2.85024 
-1.10229 -0.349534 1.21065 0.256665 0.693128 0.90921 -1.20153 1.42301 -0.343557 -1.17736 0.109211 0.157758 1.87209 2.84403 
-1.10965 -0.355227 1.20341 0.253101 0.688725 0.921869 -1.18936 1.42666 -0.348499 -1.18249 0.114968 0.148167 1.87525 2.83725 
-1.117 -0.36092 1.19618 0.249538 0.684322 0.934527 -1.17719 1.43033 -0.353625 -1.18769 0.120861 0.138006 1.87809 2.82993 
-1.12436 -0.366612 1.18894 0.245974 0.679919 0.947186 -1.16502 1.43403 -0.358937 -1.19296 0.126878 0.127294 1.88059 2.82207 
-1.13171 -0.372305 1.18171 0.242411 0.675516 0.959844 -1.15285 1.43775 -0.364435 -1.19831 0.133005 0.116047 1.88275 2.81372 
-1.13907 -0.377997 1.17447 0.238848 0.671113 0.972503 -1.14068 1.44149 -0.370121 -1.20373 0.139227 0.104284 1.88457 2.80488 
-1.14642 -0.38369 1.16724 0.235284 0.66671 0.985161 -1.12851 1.44524 -0.375996 -1.20924 0.145531 0.0920231 1.88605 2.79559 
-1.15378 -0.389383 1.16 0.231721 0.662307 0.99782 -1.11634 1.44902 -0.382061 -1.21482 0.151901 0.0792839 1.88718 2.78585 
-1.16114 -0.395075 1.15277 0.228157 0.657904 1.01048 -1.10417 1.45281 -0.388317 -1.22048 0.158319 0.0660856 1.88797 2.77569 
-1.16849 -0.400768 1.14553 0.224594 0.653501 1.02314 -1.092 1.4566 -0.394763 -1.22624 0.16477 0.0524478 1.88842 2.76514 
-1.17585 -0.406461 1.1383 0.22103 0.649097 1.03579 -1.07982 1.46041 -0.401401 -1.23208 0.171236 0.0383904 1.88853 2.7542 
-1.1832 -0.412153 1.13106 0.217467 0.644694 1.04845 -1.06765 1.46421 -0.408231 -1.23801 0.177699 0.0239332 1.8883 2.7429 
-1.19056 -0.417846 1.12383 0.213904 0.640291 1.06111 -1.05548 1.46802 -0.415254 -1.24404 0.184141 0.0090961 1.88776 2.73124 
-1.19791 -0.423539 1.11659 0.21034 0.635888 1.07377 -1.04331 1.47182 -0.422468 -1.25017 0.190542 -0.00610117 1.88689 2.71926 
-1.20527 -0.429231 1.10935 0.206777 0.631485 1.08643 -1.03114 1.4756 -0.429875 -1.2564 0.196884 -0.021639 1.88571 2.70695 
-1.21262 -0.434924 1.10212 0.203213 0.627082 1.09909 -1.01897 1.47937 -0.437474 -1.26274 0.203146 -0.0374978 1.88423 2.69433 
-1.21998 -0.440616 1.09488 0.19965 0.622679 1.11175 -1.0068 1.48312 -0.445265 -1.26918 0.209308 -0.0536586 1.88247 2.68142 
-1.22733 -0.446309 1.08765 0.196086 0.618276 1.1244 -0.994627 1.48683 -0.453247 -1.27573 0.21535 -0.0701019 1.88042 2.66822 
-1.23469 -0.452002 1.08041 0.192523 0.613873 1.13706 -0.982456 1.49051 -0.461421 -1.2824 0.221251 -0.086809 1.8781 2.65475 
-1.24204 -0.457694 1.07318 0.188959 0.60947 1.14972 -0.970285 1.49414 -0.469785 -1.28917 0.226988 -0.103761 1.87553 2.64101 
-1.2494 -0.463387 1.06594 0.185396 0.605067 1.16238 -0.958114 1.49772 -0.47834 -1.29606 0.232541 -0.12094 1.87271 2.62701 
-1.25676 -0.46908 1.05871 0.181833 0.600664 1.17504 -0.945943 1.50124 -0.487083 -1.30305 0.237887 -0.138328 1.86967 2.61275 
-1.26411 -0.474772 1.05147 0.178269 0.59626 1.1877 -0.933772 1.50469 -0.496014 -1.31016 0.243003 -0.155906 1.8664 2.59824 
-1.27147 -0.480465 1.04424 0.174706 0.591857 1.20036 -0.921601 1.50806 -0.505133 -1.31737 0.247868 -0.173655 1.86293 2.58348 
-1.27882 -0.486158 1.037 0.171142 0.587454 1.21301 -0.90943 1.51134 -0.514438 -1.32469 0.252457 -0.191559 1.85928 2.56847 
-1.28618 -0.49185 1.02976 0.167579 0.583051 1.22567 -0.897259 1.51452 -0.523927 -1.33211 0.256749 -0.209599 1.85544 2.55322 
-1.29353 -0.497543 1.02253 0.164015 0.578648 1.23833 -0.885088 1.51758 -0.533599 -1.33962 0.260719 -0.227755 1.85145 2.53773 
-1.30089 -0.503235 1.01529 0.160452 0.574245 1.25099 -0.872917 1.52052 -0.543452 -1.34721 0.264344 -0.246011 1.84731 2.52199 
-1.30824 -0.508928 1.00806 0.156889 0.569842 1.26365 -0.860746 1.52332 -0.553484 -1.35489 0.267601 -0.264347 1.84303 2.506 
-1.3156 -0.514621 1.00082 0.153325 0.565439 1.27631 -0.848575 1.52596 -0.563693 -1.36263 0.270465 -0.282744 1.83864 2.48977 
-1.32295 -0.520313 0.993588 0.149762 0.561036 1.28896 -0.836404 1.52843 -0.574077 -1.37042 0.272914 -0.301182 1.83414 2.47328 
-1.33031 -0.526006 0.986352 0.146198 0.556633 1.30162 -0.824233 1.53072 -0.584633 -1.37826 0.274923 -0.319642 1.82955 2.45653 
-1.33767 -0.531699 0.979117 0.142635 0.55223 1.31428 -0.812062 1.5328 -0.595357 -1.38612 0.27647 -0.338103 1.82488 2.43952 
-1.34502 -0.537391 0.971881 0.139071 0.547827 1.32694 -0.799891 1.53466 -0.606246 -1.394 0.27753 -0.356544 1.82014 2.42225 
-1.35238 -0.543084 0.964646 0.135508 0.543424 1.3396 -0.78772 1.53628 -0.617298 -1.40186 0.278081 -0.374943 1.81535 2.40471 
-1.35973 -0.548777 0.957411 0.131945 0.53902 1.35226 -0.775549 1.53763 -0.628507 -1.40969 0.278099 -0.393279 1.81052 2.38688 
-1.36709 -0.554469 0.950175 0.128381 0.534617 1.36492 -0.763378 1.5387 -0.639869 -1.41746 0.277563 -0.411529 1.80566 2.36878 
-1.37444 -0.560162 0.94294 0.124818 0.530214 1.37757 -0.751207 1.53946 -0.65138 -1.42516 0.27645 -0.429669 1.80079 2.35039 
-1.3818 -0.565854 0.935704 0.121254 0.525811 1.39023 -0.739036 1.53989 -0.663034 -1.43274 0.274739 -0.447675 1.79591 2.3317 
-1.38915 -0.571547 0.928469 0.117691 0.521408 1.40289 -0.726865 1.53996 -0.674826 -1.44019 0.272407 -0.465522 1.79104 2.31271 
-1.39651 -0.57724 0.921233 0.114127 0.517005 1.41555 -0.714694 1.53963 -0.68675 -1.44746 0.269436 -0.483187 1.78619 2.29341 
-1.40386 -0.582932 0.913998 0.110564 0.512602 1.42821 -0.702523 1.53889 -0.698799 -1.45453 0.265805 -0.500643 1.78137 2.2738 
-1.41122 -0.588625 0.906763 0.107 0.508199 1.44087 -0.690352 1.53769 -0.710965 -1.46135 0.261495 -0.517864 1.77658 2.25387 
-1.41858 -0.594318 0.899527 0.103437 0.503796 1.45353 -0.678181 1.53601 -0.723241 -1.46788 0.256488 -0.534823 1.77185 2.23362 
-1.42593 -0.60001 0.892292 0.0998736 0.499393 1.46618 -0.66601 1.53381 -0.735617 -1.47409 0.250766 -0.551496 1.76718 2.21303 
-1.43329 -0.605703 0.885056 0.0963102 0.49499 1.47884 -0.653839 1.53105 -0.748086 -1.47993 0.244313 -0.567853 1.76259 2.19212 
-1.44064 -0.611396 0.877821 0.0927467 0.490587 1.4915 -0.641668 1.52769 -0.760634 -1.48534 0.237113 -0.58387 1.75808 2.17086 
-1.448 -0.617088 0.870586 0.0891833 0.486183 1.50416 -0.629497 1.52369 -0.773253 -1.49029 0.229151 -0.599519 1.75366 2.14927 
-1.45535 -0.622781 0.86335 0.0856199 0.48178 1.51682 -0.617326 1.51901 -0.785927 -1.49472 0.220414 -0.614773 1.74936 2.12733 
-1.46271 -0.628473 0.856115 0.0820564 0.477377 1.52948 -0.605155 1.51359 -0.798643 -1.49857 0.210889 -0.629606 1.74517 2.10504 
-1.47006 -0.634166 0.848879 0.078493 0.472974 1.54213 -0.592984 1.50739 -0.811385 -1.50179 0.200564 -0.643992 1.74111 2.0824 
-1.47742 -0.639859 0.841644 0.0749296 0.468571 1.55479 -0.580813 1.50037 -0.824136 -1.50432 0.189428 -0.657903 1.7372 2.05941 
-1.48477 -0.645551 0.834408 0.0713661 0.464168 1.56745 -0.568642 1.49245 -0.836875 -1.50611 0.177471 -0.671316 1.73344 2.03606 
-1.49213 -0.651244 0.827173 0.0678027 0.459765 1.58011 -0.556471 1.4836 -0.84958 -1.50708 0.164684 -0.684203 1.72985 2.01236 
-1.48059 -0.650095 0.817426 0.0696543 0.453074 1.57136 -0.553718 1.48242 -0.837372 -1.50994 0.146772 -0.664266 1.72914 2.00535 
-1.46906 -0.648946 0.807679 0.0715059 0.446384 1.56262 -0.550965 1.48119 -0.825345 -1.51265 0.12953 -0.644344 1.72838 1.99906 
-1.45752 -0.647797 0.797931 0.0733576 0.439693 1.55387 -0.548211 1.47995 -0.813513 -1.51522 0.112987 -0.624457 1.72755 1.99348 
-1.44599 -0.646648 0.788184 0.0752092 0.433002 1.54512 -0.545458 1.47877 -0.801882 -1.51766 0.0971719 -0.604627 1.72661 1.98862 
-1.43445 -0.645499 0.778437 0.0770608 0.426312 1.53638 -0.542705 1.47768 -0.790461 -1.51998 0.0821112 -0.584872 1.72554 1.98446 
-1.42292 -0.64435 0.76869 0.0789124 0.419621 1.52763 -0.539952 1.47673 -0.779255 -1.52219 0.0678314 -0.565212 1.7243 1.98101 
-1.41138 -0.643201 0.758943 0.0807641 0.41293 1.51888 -0.537198 1.47597 -0.768269 -1.52429 0.0543579 -0.545666 1.72286 1.97825 
-1.39985 -0.642052 0.749196 0.0826157 0.40624 1.51014 -0.534445 1.47543 -0.757503 -1.52628 0.0417147 -0.52625 1.72118 1.97617 
-1.38831 -0.640903 0.739448 0.0844673 0.399549 1.50139 -0.531692 1.47514 -0.746959 -1.52817 0.0299247 -0.50698 1.71922 1.97475 
-1.37678 -0.639754 0.729701 0.0863189 0.392858 1.49265 -0.528939 1.47514 -0.736634 -1.52995 0.019009 -0.487872 1.71696 1.97399 
-1.36524 -0.638605 0.719954 0.0881706 0.386167 1.4839 -0.526185 1.47545 -0.726525 -1.53164 0.00898708 -0.468939 1.71435 1.97386 
-1.35371 -0.637456 0.710207 0.0900222 0.379477 1.47515 -0.523432 1.47609 -0.716625 -1.53321 -0.000123357 -0.450193 1.71137 1.97433 
-1.34217 -0.636307 0.70046 0.0918738 0.372786 1.46641 -0.520679 1.47708 -0.706929 -1.53469 -0.00830671 -0.431644 1.70797 1.97539 
-1.33064 -0.635158 0.690712 0.0937254 0.366095 1.45766 -0.517926 1.47845 -0.697427 -1.53606 -0.0155494 -0.4133 1.70412 1.977 
-1.3191 -0.634009 0.680965 0.0955771 0.359405 1.44891 -0.515172 1.4802 -0.688108 -1.53733 -0.0218405 -0.39517 1.6998 1.97913 
-1.30756 -0.63286 0.671218 0.0974287 0.352714 1.44017 -0.512419 1.48236 -0.678962 -1.5385 -0.0271709 -0.377257 1.69496 1.98175 
-1.29603 -0.631711 0.661471 0.0992803 0.346023 1.43142 -0.509666 1.48492 -0.669974 -1.53957 -0.0315344 -0.359566 1.68959 1.98483 
-1.28449 -0.630562 0.651724 0.101132 0.339333 1.42267 -0.506913 1.4879 -0.661131 -1.54054 -0.0349274 -0.342099 1.68366 1.98833 
-1.27296 -0.629413 0.641977 0.102984 0.332642 1.41393 -0.504159 1.4913 -0.652418 -1.54141 -0.0373485 -0.324855 1.67715 1.99221 
-1.26142 -0.628264 0.632229 0.104835 0.325951 1.40518 -0.501406 1.49513 -0.643817 -1.54218 -0.0387995 -0.307833 1.67003 1.99644 
-1.24989 -0.627115 0.622482 0.106687 0.319261 1.39643 -0.498653 1.49937 -0.635311 -1.54285 -0.0392844 -0.291028 1.66228 2.00096 
-1.23835 -0.625966 0.612735 0.108538 0.31257 1.38769 -0.4959 1.50404 -0.626882 -1.54343 -0.0388102 -0.274436 1.65391 2.00575 
-1.22682 -0.624817 0.602988 0.11039 0.305879 1.37894 -0.493146 1.50912 -0.618512 -1.54392 -0.0373862 -0.258048 1.64488 2.01076 
-1.21528 -0.623667 0.593241 0.112242 0.299189 1.37019 -0.490393 1.51461 -0.61018 -1.54432 -0.0350245 -0.241855 1.63519 2.01594 
-1.20375 -0.622518 0.583493 0.114093 0.292498 1.36145 -0.48764 1.5205 -0.601867 -1.54463 -0.0317394 -0.225845 1.62484 2.02126 
-1.19221 -0.621369 0.573746 0.115945 0.285807 1.3527 -0.484887 1.52678 -0.59355 -1.54484 -0.0275478 -0.210004 1.61381 2.02667 
-1.18068 -0.62022 0.563999 0.117797 0.279117 1.34396 -0.482133 1.53344 -0.585207 -1.54497 -0.0224687 -0.194315 1.60212 2.03213 
-1.16914 -0.619071 0.554252 0.119648 0.272426 1.33521 -0.47938 1.54046 -0.576818 -1.54502 -0.016523 -0.17876 1.58976 2.03759 
-1.15761 -0.617922 0.544505 0.1215 0.265735 1.32646 -0.476627 1.54784 -0.568357 -1.54498 -0.00973402 -0.163318 1.57673 2.04302 
-1.14607 -0.616773 0.534757 0.123351 0.259044 1.31772 -0.473874 1.55554 -0.559801 -1.54485 -0.0021264 -0.147966 1.56305 2.04837 
-1.13454 -0.615624 0.52501 0.125203 0.252354 1.30897 -0.47112 1.56357 -0.551125 -1.54465 0.00627338 -0.132677 1.54872 2.05359 
-1.123 -0.614475 0.515263 0.127055 0.245663 1.30022 -0.468367 1.5719 -0.542303 -1.54435 0.0154374 -0.117422 1.53375 2.05865 
-1.11146 -0.613326 0.505516 0.128906 0.238972 1.29148 -0.465614 1.5805 -0.53331 -1.54398 0.0253365 -0.10217 1.51815 2.0635 
-1.09993 -0.612177 0.495769 0.130758 0.232282 1.28273 -0.462861 1.58937 -0.524119 -1.54352 0.0359402 -0.0868872 1.50194 2.06811 
-1.08839 -0.611028 0.486022 0.13261 0.225591 1.27398 -0.460108 1.59849 -0.514702 -1.54297 0.0472172 -0.0715369 1.48514 2.07242 
-1.07686 -0.609879 0.476274 0.134461 0.2189 1.26524 -0.457354 1.60783 -0.505032 -1.54233 0.0591354 -0.0560799 1.46777 2.07639 
-1.06532 -0.60873 0.466527 0.136313 0.21221 1.25649 -0.454601 1.61737 -0.495081 -1.5416 0.0716616 -0.0404749 1.44985 2.07999 
-1.05379 -0.607581 0.45678 0.138164 0.205519 1.24774 -0.451848 1.6271 -0.484823 -1.54077 0.0847624 -0.0246779 1.4314 2.08316 
-1.04225 -0.606432 0.447033 0.140016 0.198828 1.239 -0.449095 1.63699 -0.474229 -1.53984 0.0984036 -0.00864326 1.41244 2.08587 
-1.03072 -0.605283 0.437286 0.141868 0.192138 1.23025 -0.446341 1.64703 -0.463274 -1.5388 0.112551 0.0076766 1.39301 2.08808 
-1.01918 -0.604134 0.427538 0.143719 0.185447 1.22151 -0.443588 1.65719 -0.451932 -1.53764 0.127169 0.0243308 1.37313 2.08974 
-1.00765 -0.602985 0.417791 0.145571 0.178756 1.21276 -0.440835 1.66747 -0.440181 -1.53635 0.142224 0.0413694 1.35284 2.0908 
-0.996111 -0.601836 0.408044 0.147423 0.172066 1.20401 -0.438082 1.67783 -0.427997 -1.53491 0.157679 0.0588436 1.33216 2.09124 
-0.984576 -0.600687 0.398297 0.149274 0.165375 1.19527 -0.435328 1.68827 -0.415362 -1.53332 0.173499 0.0768047 1.31114 2.09101 
-0.973041 -0.599538 0.38855 0.151126 0.158684 1.18652 -0.432575 1.69877 -0.402259 -1.53154 0.189649 0.0953039 1.2898 2.09006 
-0.961505 -0.598389 0.378803 0.152977 0.151994 1.17777 -0.429822 1.7093 -0.388676 -1.52957 0.206092 0.114392 1.26819 2.08837 
-0.94997 -0.59724 0.369055 0.154829 0.145303 1.16903 -0.427069 1.71986 -0.374601 -1.52739 0.222794 0.134119 1.24634 2.08589 
-0.938435 -0.596091 0.359308 0.156681 0.138612 1.16028 -0.424315 1.73043 -0.360028 -1.52495 0.239717 0.154534 1.22431 2.0826 
-0.9269 -0.594942 0.349561 0.158532 0.131921 1.15153 -0.421562 1.741 -0.344956 -1.52225 0.256825 0.175684 1.20212 2.07845 
-0.915364 -0.593793 0.339814 0.160384 0.125231 1.14279 -0.418809 1.75156 -0.329386 -1.51925 0.274083 0.197613 1.17983 2.07343 
-0.903829 -0.592644 0.330067 0.162236 0.11854 1.13404 -0.416056 1.76209 -0.313322 -1.51592 0.291453 0.220365 1.15747 2.06749 
-0.892294 -0.591495 0.320319 0.164087 0.111849 1.12529 -0.413302 1.77258 -0.296775 -1.51224 0.308899 0.243979 1.1351 2.06063 
-0.880758 -0.590346 0.310572 0.165939 0.105159 1.11655 -0.410549 1.78302 -0.279757 -1.50816 0.326384 0.268494 1.11275 2.0528 
-0.869223 -0.589197 0.300825 0.16779 0.0984681 1.1078 -0.407796 1.7934 -0.262283 -1.50366 0.343869 0.293945 1.09048 2.044 
-0.857688 -0.588048 0.291078 0.169642 0.0917774 1.09905 -0.405043 1.80373 -0.244373 -1.4987 0.361319 0.320363 1.06833 2.03421 
-0.846152 -0.586899 0.281331 0.171494 0.0850867 1.09031 -0.402289 1.81398 -0.226047 -1.49326 0.378694 0.347779 1.04634 2.02341 
-0.834617 -0.58575 0.271584 0.173345 0.078396 1.08156 -0.399536 1.82415 -0.207328 -1.48731 0.395957 0.376218 1.02456 2.01159 
-0.823082 -0.584601 0.261836 0.175197 0.0717053 1.07282 -0.396783 1.83423 -0.188239 -1.4808 0.413067 0.405704 1.00303 1.99874 
-0.811546 -0.583452 0.252089 0.177049 0.0650146 1.06407 -0.39403 1.84422 -0.168807 -1.47373 0.429986 0.436255 0.981805 1.98486 
-0.800011 -0.582303 0.242342 0.1789 0.0583239 1.05532 -0.391276 1.85411 -0.149056 -1.46605 0.446675 0.467887 0.960918 1.96994 
-0.788476 -0.581154 0.232595 0.180752 0.0516333 1.04658 -0.388523 1.8639 -0.129015 -1.45776 0.463091 0.50061 0.940411 1.95399 
-0.77694 -0.580005 0.222848 0.182603 0.0449426 1.03783 -0.38577 1.87358 -0.108713 -1.44881 0.479194 0.534425 0.920324 1.937 
-0.765405 -0.578856 0.2131 0.184455 0.0382519 1.02908 -0.383017 1.88314 -0.0881799 -1.4392 0.494943 0.569325 0.900692 1.91901 
-0.75387 -0.577707 0.203353 0.186307 0.0315612 1.02034 -0.380264 1.89258 -0.0674542 -1.42891 0.510296 0.605289 0.881544 1.90003 
-0.742334 -0.576558 0.193606 0.188158 0.0248705 1.01159 -0.37751 1.90189 -0.0465814 -1.41791 0.525209 0.642275 0.862903 1.8801 
-0.730799 -0.575409 0.183859 0.19001 0.0181798 1.00284 -0.374757 1.91106 -0.0256217 -1.40617 0.539639 0.680217 0.844777 1.85928 
-0.719264 -0.57426 0.174112 0.191862 0.0114892 0.994097 -0.372004 1.92006 -0.00465914 -1.39368 0.553544 0.719006 0.827151 1.83765 
-0.707729 -0.573111 0.164364 0.193713 0.00479847 0.985351 -0.369251 1.92886 0.0161849 -1.3804 0.56688 0.75848 0.809977 1.81534 
-0.696193 -0.571962 0.154617 0.195565 -0.00189221 0.976604 -0.366497 1.93743 0.0367304 -1.36626 0.579606 0.798395 0.793155 1.79252 
-0.684658 -0.570813 0.14487 0.197416 -0.00858289 0.967858 -0.363744 1.94568 0.056706 -1.35121 0.591685 0.838391 0.776498 1.76944 
-0.673123 -0.569664 0.135123 0.199268 -0.0152736 0.959111 -0.360991 1.95347 0.0756994 -1.33511 0.603083 0.87794 0.759689 1.74642 
-0.661587 -0.568514 0.125376 0.20112 -0.0219643 0.950365 -0.358238 1.96062 0.0930816 -1.31779 0.613778 0.916264 0.742207 1.72396 
-0.650052 -0.567365 0.115629 0.202971 -0.0286549 0.941618 -0.355484 1.96675 0.107892 -1.29899 0.623768 0.952208 0.723216 1.70273 
-0.638517 -0.566216 0.105881 0.204823 -0.0353456 0.932872 -0.352731 1.97132 0.118672 -1.27827 0.633079 0.984037 0.701403 1.68374 
-0.626981 -0.565067 0.0961342 0.206675 -0.0420363 0.924125 -0.349978 1.97336 0.123221 -1.255 0.641787 1.00908 0.674748 1.66854 
-0.615446 -0.563918 0.086387 0.208526 -0.048727 0.915379 -0.347225 1.97137 0.118312 -1.22814 0.650047 1.02309 0.64025 1.65971 
-0.603911 -0.562769 0.0766398 0.210378 -0.0554177 0.906632 -0.344471 1.96293 0.0994944 -1.19613 0.658112 1.01907 0.59376 1.6619 
-0.592375 -0.56162 0.0668926 0.212229 -0.0621084 0.897886 -0.341718 1.94461 0.0616612 -1.15665 0.666315 0.985191 0.530626 1.6843 
-0.58084 -0.560471 0.0571454 0.214081 -0.0687991 0.889139 -0.338965 1.91285 0.00242254 -1.10715 0.674837 0.902357 0.449219 1.74461 
-0.569305 -0.559322 0.0473983 0.215933 -0.0754897 0.880393 -0.336212 1.86801 -0.0699522 -1.04767 0.683154 0.748076 0.358984 1.86912 
-0.557769 -0.558173 0.0376511 0.217784 -0.0821804 0.871646 -0.333458 1.81894 -0.134036 -0.984962 0.690041 0.522189 0.281535 2.06807 
-0.546234 -0.557024 0.0279039 0.219636 -0.0888711 0.8629 -0.330705 1.78696 -0.157979 -0.939712 0.693872 0.35505 0.234926 2.22468 
-0.534699 -0.555875 0.0181567 0.221488 -0.0955618 0.854154 -0.327952 1.9152 0.0905047 -1.03872 0.683067 1.1344 0.390513 1.56075 
-0.523163 -0.554726 0.00840953 0.223339 -0.102252 0.845407 -0.325199 1.02699 -0.65374 -0.218412 0.802589 1.55996 -0.817587 0.695659 
-0.511628 -0.553577 -0.00133766 0.225191 -0.108943 0.836661 -0.322445 1.17812 -0.582039 -0.375546 0.789824 1.57563 -0.671491 0.718546 
-0.500093 -0.552428 -0.0110848 0.227042 -0.115634 0.827914 -0.319692 1.52061 -0.341766 -0.695374 0.752835 1.78774 -0.288764 0.648711 
-0.488558 -0.551279 -0.020832 0.228894 -0.122325 0.819168 -0.316939 1.55009 -0.280533 -0.715621 0.741327 1.78037 -0.238075 0.67828 
-0.477022 -0.55013 -0.0305792 0.230746 -0.129015 0.810421 -0.314186 1.52933 -0.264826 -0.694416 0.73316 1.6901 -0.252048 0.761546 
-0.465487 -0.548981 -0.0403264 0.232597 -0.135706 0.801675 -0.311432 1.4986 -0.256744 -0.666176 0.724884 1.60511 -0.28027 0.832626 
-0.453952 -0.547832 -0.0500736 0.234449 -0.142397 0.792928 -0.308679 1.46409 -0.250178 -0.636161 0.715881 1.53645 -0.31396 0.883873 
-0.442416 -0.546683 -0.0598208 0.236301 -0.149087 0.784182 -0.305926 1.43013 -0.241575 -0.607963 0.705558 1.4837 -0.347042 0.918025 
-0.430881 -0.545534 -0.0695679 0.238152 -0.155778 0.775435 -0.303173 1.39945 -0.229296 -0.583732 0.693509 1.44362 -0.375937 0.939801 
-0.419346 -0.544385 -0.0793151 0.240004 -0.162469 0.766689 -0.300419 1.37273 -0.213383 -0.563917 0.679599 1.41309 -0.399768 0.952671 
-0.40781 -0.543236 -0.0890623 0.241855 -0.169159 0.757942 -0.297666 1.34958 -0.194556 -0.548068 0.66384 1.39003 -0.419003 0.958538 
-0.396275 -0.542087 -0.0988095 0.243707 -0.17585 0.749196 -0.294913 1.32918 -0.173632 -0.535438 0.646286 1.37316 -0.434548 0.958281 
-0.399608 -0.540257 -0.0877461 0.240789 -0.192868 0.753876 -0.28228 1.30696 -0.189533 -0.51831 0.659421 1.32125 -0.463709 0.98062 
-0.402941 -0.538426 -0.0766828 0.237871 -0.209885 0.758555 -0.269647 1.2829 -0.204935 -0.49998 0.671963 1.27501 -0.494868 0.996402 
-0.406274 -0.536596 -0.0656194 0.234953 -0.226903 0.763235 -0.257014 1.25749 -0.219464 -0.480826 0.683828 1.23373 -0.527253 1.00657 
-0.409607 -0.534766 -0.0545561 0.232034 -0.24392 0.767915 -0.244381 1.23096 -0.232943 -0.461034 0.694965 1.19671 -0.560451 1.01192 
-0.41294 -0.532935 -0.0434927 0.229116 -0.260938 0.772595 -0.231748 1.20341 -0.245299 -0.440685 0.705338 1.1633 -0.594241 1.0131 
-0.416274 -0.531105 -0.0324294 0.226198 -0.277956 0.777274 -0.219115 1.17485 -0.256496 -0.419818 0.714922 1.13294 -0.628498 1.01058 
-0.419607 -0.529275 -0.021366 0.22328 -0.294973 0.781954 -0.206482 1.14532 -0.266519 -0.398457 0.723695 1.10517 -0.663134 1.00478 
-0.42294 -0.527444 -0.0103027 0.220362 -0.311991 0.786634 -0.193849 1.11482 -0.275352 -0.376632 0.731636 1.07958 -0.69807 0.996011 
-0.426273 -0.525614 0.000760681 0.217444 -0.329008 0.791314 -0.181216 1.08337 -0.282983 -0.354379 0.738729 1.05583 -0.733233 0.98454 
-0.429606 -0.523784 0.011824 0.214526 -0.346026 0.795993 -0.168583 1.05103 -0.2894 -0.331748 0.744955 1.03361 -0.768544 0.970589 
-0.432939 -0.521953 0.0228874 0.211608 -0.363043 0.800673 -0.15595 1.01782 -0.294594 -0.308797 0.750298 1.01266 -0.803925 0.954348 
-0.436272 -0.520123 0.0339507 0.208689 -0.380061 0.805353 -0.143317 0.98382 -0.298561 -0.285594 0.754746 0.992739 -0.839292 0.935971 
-0.439605 -0.518293 0.0450141 0.205771 -0.397079 0.810032 -0.130684 0.949074 -0.301302 -0.262209 0.758285 0.973629 -0.874564 0.915588 
-0.442938 -0.516462 0.0560774 0.202853 -0.414096 0.814712 -0.118051 0.913652 -0.302828 -0.238717 0.760908 0.955142 -0.909656 0.893308 
-0.446271 -0.514632 0.0671408 0.199935 -0.431114 0.819392 -0.105418 0.87762 -0.303155 -0.215191 0.762606 0.937104 -0.944487 0.869216 
-0.449604 -0.512802 0.0782042 0.197017 -0.448131 0.824072 -0.0927853 0.841043 -0.302307 -0.191705 0.763375 0.919359 -0.978972 0.843386 
-0.452937 -0.510971 0.0892675 0.194099 -0.465149 0.828751 -0.0801523 0.803987 -0.300313 -0.16833 0.763214 0.901765 -1.01303 0.815874 
-0.456271 -0.509141 0.100331 0.191181 -0.482167 0.833431 -0.0675193 0.766516 -0.297211 -0.145131 0.762123 0.884193 -1.04657 0.78673 
-0.459604 -0.507311 0.111394 0.188262 -0.499184 0.838111 -0.0548863 0.728694 -0.293043 -0.122172 0.760106 0.866527 -1.07952 0.755993 
-0.462937 -0.50548 0.122458 0.185344 -0.516202 0.84279 -0.0422533 0.690583 -0.287856 -0.0995092 0.757166 0.848663 -1.11178 0.723699 
-0.46627 -0.50365 0.133521 0.182426 -0.533219 0.84747 -0.0296204 0.652248 -0.2817 -0.0771948 0.753312 0.830506 -1.14326 0.689882 
-0.469603 -0.50182 0.144584 0.179508 -0.550237 0.85215 -0.0169874 0.613751 -0.274628 -0.0552757 0.748553 0.811976 -1.17388 0.654576 
-0.472936 -0.499989 0.155648 0.17659 -0.567254 0.85683 -0.0043544 0.575156 -0.266698 -0.0337932 0.742899 0.793003 -1.20353 0.617815 
-0.476269 -0.498159 0.166711 0.173672 -0.584272 0.861509 0.00827859 0.536525 -0.257968 -0.0127829 0.736363 0.773531 -1.23213 0.579638 
-0.479602 -0.496329 0.177774 0.170754 -0.60129 0.866189 0.0209116 0.497924 -0.248498 0.00772567 0.728957 0.753516 -1.25957 0.540089 
-0.482935 -0.494498 0.188838 0.167836 -0.618307 0.870869 0.0335446 0.459414 -0.23835 0.027709 0.720698 0.732927 -1.28576 0.499219 
-0.486268 -0.492668 0.199901 0.164917 -0.635325 0.875549 0.0461775 0.421059 -0.227584 0.0471503 0.711601 0.711746 -1.31062 0.457081 
-0.489601 -0.490838 0.210964 0.161999 -0.652342 0.880228 0.0588105 0.38292 -0.216263 0.0660393 0.701683 0.689968 -1.33406 0.41374 
-0.492934 -0.489007 0.222028 0.159081 -0.66936 0.884908 0.0714435 0.345053 -0.204445 0.084373 0.690959 0.667602 -1.35599 0.369263 
-0.496268 -0.487177 0.233091 0.156163 -0.686378 0.889588 0.0840765 0.307515 -0.19219 0.102155 0.679448 0.644668 -1.37634 0.323726 
-0.499601 -0.485347 0.244154 0.153245 -0.703395 0.894267 0.0967095 0.270353 -0.179553 0.119397 0.667166 0.621196 -1.39506 0.277206 
-0.502934 -0.483517 0.255218 0.150327 -0.720413 0.898947 0.109342 0.233614 -0.166586 0.136115 0.654131 0.597229 -1.41208 0.229789 
-0.506267 -0.481686 0.266281 0.147409 -0.73743 0.903627 0.121975 0.197337 -0.153337 0.152334 0.640357 0.572816 -1.42737 0.181559 
-0.5096 -0.479856 0.277345 0.14449 -0.754448 0.908307 0.134608 0.161557 -0.13985 0.168084 0.625861 0.548011 -1.4409 0.132604 
-0.512933 -0.478026 0.288408 0.141572 -0.771466 0.912986 0.147241 0.126303 -0.126163 0.183398 0.610657 0.522875 -1.45264 0.083014 
-0.516266 -0.476195 0.299471 0.138654 -0.788483 0.917666 0.159874 0.0915985 -0.11231 0.198316 0.594759 0.497472 -1.4626 0.032875 
-0.519599 -0.474365 0.310535 0.135736 -0.805501 0.922346 0.172507 0.0574644 -0.0983194 0.212879 0.578178 0.471869 -1.47077 -0.0177266 
-0.522932 -0.472535 0.321598 0.132818 -0.822518 0.927026 0.18514 0.0239173 -0.084213 0.227131 0.560926 0.446129 -1.47716 -0.0687067 
-0.526265 -0.470704 0.332661 0.1299 -0.839536 0.931705 0.197773 -0.00902823 -0.0700095 0.241116 0.543013 0.42032 -1.4818 -0.119984 
-0.529598 -0.468874 0.343725 0.126982 -0.856553 0.936385 0.210406 -0.0413592 -0.0557228 0.254881 0.524447 0.394504 -1.48471 -0.17148 
-0.532932 -0.467044 0.354788 0.124063 -0.873571 0.941065 0.223039 -0.0730632 -0.0413627 0.268469 0.505236 0.368741 -1.48593 -0.223119 
-0.536265 -0.465213 0.365851 0.121145 -0.890589 0.945744 0.235672 -0.104127 -0.0269363 0.281925 0.485387 0.343091 -1.48549 -0.274829 
-0.539598 -0.463383 0.376915 0.118227 -0.907606 0.950424 0.248305 -0.134537 -0.0124479 0.295289 0.464906 0.317608 -1.48345 -0.326541 
-0.542931 -0.461553 0.387978 0.115309 -0.924624 0.955104 0.260938 -0.164276 0.00209962 0.308602 0.443798 0.292343 -1.47983 -0.37819 
-0.546264 -0.459722 0.399041 0.112391 -0.941641 0.959784 0.273571 -0.193327 0.0167047 0.321901 0.422066 0.267343 -1.4747 -0.429711 
-0.549597 -0.457892 0.410105 0.109473 -0.958659 0.964463 0.286204 -0.221668 0.0313659 0.335219 0.399716 0.242653 -1.4681 -0.481044 
-0.55293 -0.456062 0.421168 0.106555 -0.975677 0.969143 0.298837 -0.249276 0.0460818 0.348589 0.37675 0.218313 -1.46009 -0.532133 
-0.556263 -0.454231 0.432231 0.103637 -0.992694 0.973823 0.31147 -0.276124 0.06085 0.36204 0.353171 0.19436 -1.45071 -0.582923 
-0.559596 -0.452401 0.443295 0.100718 -1.00971 0.978502 0.324103 -0.302182 0.0756671 0.375598 0.328983 0.170826 -1.44004 -0.633363 
-0.562929 -0.450571 0.454358 0.0978003 -1.02673 0.983182 0.336736 -0.32742 0.0905279 0.389287 0.304187 0.147741 -1.42811 -0.683403 
-0.566262 -0.44874 0.465422 0.0948821 -1.04375 0.987862 0.349369 -0.351804 0.105425 0.40313 0.278786 0.125131 -1.41499 -0.733001 
-0.569595 -0.44691 0.476485 0.091964 -1.06076 0.992542 0.362002 -0.375299 0.120351 0.417145 0.252781 0.103018 -1.40074 -0.782113 
-0.572929 -0.44508 0.487548 0.0890459 -1.07778 0.997221 0.374635 -0.397868 0.135292 0.431353 0.226175 0.0814219 -1.38541 -0.830702 
-0.576262 -0.443249 0.498612 0.0861277 -1.0948 1.0019 0.387268 -0.419474 0.150237 0.44577 0.198968 0.0603575 -1.36905 -0.878736 
-0.579595 -0.441419 0.509675 0.0832096 -1.11182 1.00658 0.399901 -0.440082 0.16517 0.460413 0.171163 0.0398372 -1.35173 -0.926185 
-0.582928 -0.439589 0.520738 0.0802915 -1.12883 1.01126 0.412534 -0.459655 0.180072 0.475297 0.142758 0.0198699 -1.33349 -0.973023 
-0.586261 -0.437758 0.531802 0.0773733 -1.14585 1.01594 0.425167 -0.478158 0.194926 0.490439 0.113756 0.000461228 -1.31439 -1.01923 
-0.589594 -0.435928 0.542865 0.0744552 -1.16287 1.02062 0.4378 -0.495558 0.20971 0.505853 0.0841539 -0.018386 -1.29447 -1.06479 
-0.595843 -0.439024 0.577524 0.0774857 -1.2113 1.01575 0.453257 -0.505772 0.214437 0.506045 0.101596 -0.0800094 -1.31883 -1.07789 
-0.602093 -0.442119 0.612184 0.0805162 -1.25973 1.01088 0.468713 -0.515628 0.218785 0.506484 0.116071 -0.140913 -1.34096 -1.0928 
-0.608342 -0.445215 0.646843 0.0835467 -1.30816 1.00601 0.48417 -0.525114 0.222577 0.507369 0.127893 -0.201096 -1.36086 -1.1092 
-0.614592 -0.44831 0.681503 0.0865772 -1.35659 1.00114 0.499626 -0.534216 0.225666 0.508887 0.137369 -0.260536 -1.37857 -1.12679 
-0.620841 -0.451406 0.716162 0.0896077 -1.40502 0.996272 0.515083 -0.542919 0.227933 0.511212 0.144793 -0.319196 -1.39416 -1.1453 
-0.627091 -0.454501 0.750822 0.0926382 -1.45345 0.991402 0.530539 -0.551207 0.229286 0.514496 0.150447 -0.377029 -1.40772 -1.1645 
-0.63334 -0.457597 0.785481 0.0956686 -1.50188 0.986532 0.545996 -0.559068 0.229656 0.518875 0.154604 -0.433987 -1.41939 -1.1842 
-0.63959 -0.460692 0.82014 0.0986991 -1.55031 0.981662 0.561453 -0.566495 0.228992 0.524462 0.15752 -0.490022 -1.42928 -1.20423 
-0.645839 -0.463788 0.8548 0.10173 -1.59874 0.976793 0.576909 -0.573485 0.227263 0.531347 0.15944 -0.54509 -1.43754 -1.22446 
-0.652089 -0.466883 0.889459 0.10476 -1.64717 0.971923 0.592366 -0.58004 0.224451 0.539601 0.160593 -0.59915 -1.4443 -1.24479 
-0.658338 -0.469979 0.924119 0.107791 -1.6956 0.967053 0.607822 -0.586171 0.220547 0.549276 0.16119 -0.652169 -1.44972 -1.26513 
-0.664588 -0.473074 0.958778 0.110821 -1.74403 0.962184 0.623279 -0.591894 0.215557 0.560404 0.161429 -0.704122 -1.45392 -1.28543 
-0.670837 -0.47617 0.993437 0.113852 -1.79246 0.957314 0.638736 -0.597233 0.209491 0.573001 0.161486 -0.754987 -1.45701 -1.30565 
-0.677086 -0.479266 1.0281 0.116882 -1.84089 0.952444 0.654192 -0.602219 0.202369 0.58707 0.161524 -0.80475 -1.45912 -1.32578 
-0.683336 -0.482361 1.06276 0.119913 -1.88932 0.947575 0.669649 -0.606889 0.194215 0.602602 0.161686 -0.853404 -1.46035 -1.34581 
-0.689585 -0.485457 1.09742 0.122943 -1.93775 0.942705 0.685105 -0.611286 0.185061 0.619578 0.162095 -0.900945 -1.46077 -1.36573 
-0.695835 -0.488552 1.13208 0.125974 -1.98618 0.937835 0.700562 -0.615457 0.174942 0.637972 0.162859 -0.947374 -1.46045 -1.38555 
-0.702084 -0.491648 1.16673 0.129004 -2.03461 0.932966 0.716018 -0.619454 0.163899 0.657753 0.164067 -0.992697 -1.45946 -1.40528 
-0.708334 -0.494743 1.20139 0.132035 -2.08304 0.928096 0.731475 -0.623332 0.151977 0.678886 0.16579 -1.03692 -1.45784 -1.42493 
-0.714583 -0.497839 1.23605 0.135065 -2.13147 0.923226 0.746932 -0.627144 0.139225 0.701332 0.168082 -1.08006 -1.45563 -1.44451 
-0.720833 -0.500934 1.27071 0.138096 -2.1799 0.918356 0.762388 -0.630947 0.125698 0.725052 0.170982 -1.12212 -1.45286 -1.46401 
-0.727082 -0.50403 1.30537 0.141126 -2.22833 0.913487 0.777845 -0.634796 0.111451 0.750008 0.174513 -1.16313 -1.44955 -1.48344 
-0.733332 -0.507125 1.34003 0.144157 -2.27676 0.908617 0.793301 -0.638742 0.0965445 0.77616 0.178683 -1.20309 -1.44572 -1.50279 
-0.739581 -0.510221 1.37469 0.147187 -2.32519 0.903747 0.808758 -0.642837 0.0810411 0.803469 0.183488 -1.24203 -1.44139 -1.52206 
-0.745831 -0.513316 1.40935 0.150218 -2.37362 0.898878 0.824214 -0.647126 0.065005 0.831897 0.188911 -1.27996 -1.43656 -1.54122 
-0.75208 -0.516412 1.44401 0.153248 -2.42205 0.894008 0.839671 -0.651653 0.0485016 0.861407 0.194923 -1.31691 -1.43126 -1.56025 

