4008
2.00398 0.00373011 -0.00842317
4.00779 0.0149541 -0.0336276
6.01127 0.0337218 -0.0755145
8.01424 0.0600825 -0.133984
10.0166 0.0940847 -0.208933
12.018 0.135776 -0.30026
14.0185 0.185205 -0.40786
16.0179 0.242417 -0.531627
18.016 0.307458 -0.671454
20.0126 0.380374 -0.827231
22.0076 0.46121 -0.998851
24.0008 0.55001 -1.1862
25.9922 0.646817 -1.38917
27.9814 0.751675 -1.60764
29.9686 0.864625 -1.84151
31.9533 0.98571 -2.09065
33.9356 1.11497 -2.35495
35.9153 1.25245 -2.63429
37.8922 1.39819 -2.92855
39.8662 1.55222 -3.23762
41.8372 1.71459 -3.56137
43.8051 1.88533 -3.89969
45.7696 2.06449 -4.25244
47.7308 2.2521 -4.61952
49.6884 2.44819 -5.00079
51.6423 2.65281 -5.39612
53.5924 2.86599 -5.80541
55.5387 3.08777 -6.22851
57.4809 3.31818 -6.6653
59.4189 3.55726 -7.11566
61.3527 3.80504 -7.57946
63.2821 4.06156 -8.05657
65.207 4.32685 -8.54685
67.1273 4.60094 -9.05019
69.0429 4.88386 -9.56645
70.9537 5.17566 -10.0955
72.8595 5.47635 -10.6372
74.7603 5.78598 -11.1914
76.6559 6.10457 -11.7581
78.5463 6.43215 -12.337
80.4314 6.76876 -12.928
82.311 7.11443 -13.531
84.185 7.46917 -14.1459
86.0534 7.83304 -14.7725
87.9161 8.20605 -15.4107
89.773 8.58823 -16.0604
91.6239 8.97961 -16.7213
93.4688 9.38022 -17.3935
95.3076 9.79008 -18.0768
97.1403 10.2092 -18.7709
98.9666 10.6377 -19.4758
100.787 11.0755 -20.1914
102.6 11.5227 -20.9175
104.407 11.9792 -21.6539
106.207 12.4452 -22.4006
108.001 12.9206 -23.1574
109.788 13.4055 -23.9241
111.568 13.8999 -24.7006
113.341 14.4038 -25.4869
115.107 14.9172 -26.2826
116.866 15.4403 -27.0878
118.618 15.9729 -27.9023
120.363 16.5151 -28.7258
122.1 17.0669 -29.5584
123.83 17.6284 -30.3998
125.553 18.1996 -31.2499
127.268 18.7806 -32.1086
128.975 19.3712 -32.9757
130.675 19.9716 -33.8511
132.367 20.5817 -34.7347
134.051 21.2017 -35.6262
135.728 21.8315 -36.5257
137.396 22.4711 -37.4328
139.057 23.1205 -38.3476
140.709 23.7799 -39.2698
142.354 24.4491 -40.1993
143.99 25.1282 -41.136
145.618 25.8173 -42.0797
147.238 26.5164 -43.0303
148.849 27.2254 -43.9877
150.452 27.9444 -44.9516
152.047 28.6734 -45.922
153.633 29.4124 -46.8988
155.211 30.1615 -47.8817
156.78 30.9207 -48.8706
158.34 31.6899 -49.8655
159.892 32.4692 -50.8661
161.434 33.2587 -51.8723
162.969 34.0582 -52.884
164.494 34.8679 -53.9011
166.01 35.6878 -54.9233
167.517 36.5178 -55.9505
169.015 37.358 -56.9827
170.505 38.2084 -58.0196
171.985 39.0691 -59.0612
173.455 39.9399 -60.1072
174.917 40.821 -61.1575
176.37 41.7124 -62.2121
177.813 42.614 -63.2706
179.246 43.5259 -64.3331
180.671 44.4481 -65.3994
182.086 45.3806 -66.4692
183.491 46.3233 -67.5425
184.887 47.2764 -68.6192
186.273 48.2399 -69.699
187.65 49.2136 -70.7819
189.017 50.1977 -71.8676
190.374 51.1922 -72.9561
191.722 52.197 -74.0473
193.059 53.2122 -75.1408
194.387 54.2377 -76.2367
195.705 55.2736 -77.3347
197.013 56.3199 -78.4348
198.312 57.3766 -79.5367
199.6 58.4437 -80.6404
200.878 59.5212 -81.7456
202.146 60.609 -82.8523
203.404 61.7073 -83.9603
204.652 62.8159 -85.0694
205.889 63.935 -86.1795
207.116 65.0644 -87.2904
208.333 66.2042 -88.402
209.54 67.3545 -89.5142
210.736 68.5151 -90.6268
211.922 69.6861 -91.7396
213.098 70.8675 -92.8525
214.263 72.0593 -93.9654
215.417 73.2614 -95.0781
216.561 74.474 -96.1904
217.694 75.6968 -97.3022
218.817 76.9301 -98.4134
219.929 78.1736 -99.5238
221.031 79.4275 -100.633
222.121 80.6918 -101.741
223.201 81.9663 -102.849
224.27 83.2511 -103.954
225.328 84.5462 -105.058
226.375 85.8516 -106.161
227.412 87.1673 -107.261
228.437 88.4932 -108.36
229.451 89.8293 -109.456
230.455 91.1756 -110.55
231.447 92.532 -111.641
232.428 93.8987 -112.73
233.398 95.2754 -113.816
234.357 96.6623 -114.899
235.305 98.0593 -115.979
236.241 99.4664 -117.056
237.167 100.883 -118.129
238.08 102.311 -119.199
238.983 103.748 -120.265
239.874 105.195 -121.327
240.754 106.652 -122.385
241.622 108.118 -123.439
242.479 109.595 -124.489
243.324 111.081 -125.534
244.158 112.578 -126.574
244.98 114.084 -127.609
245.79 115.599 -128.64
246.589 117.125 -129.665
247.376 118.66 -130.685
248.152 120.204 -131.7
248.916 121.758 -132.709
249.668 123.322 -133.712
250.408 124.895 -134.709
251.136 126.477 -135.7
251.852 128.068 -136.684
252.557 129.669 -137.662
253.25 131.279 -138.634
253.93 132.898 -139.599
254.599 134.527 -140.557
255.256 136.164 -141.508
255.9 137.81 -142.451
256.533 139.466 -143.387
257.153 141.13 -144.316
257.762 142.802 -145.236
258.358 144.484 -146.149
258.942 146.174 -147.054
259.514 147.873 -147.95
260.073 149.58 -148.839
260.621 151.295 -149.718
261.156 153.019 -150.589
261.679 154.751 -151.451
262.189 156.491 -152.304
262.687 158.239 -153.147
263.173 159.996 -153.981
263.646 161.76 -154.806
264.107 163.531 -155.621
264.555 165.311 -156.426
264.991 167.098 -157.221
265.415 168.893 -158.006
265.826 170.695 -158.78
266.224 172.504 -159.544
266.61 174.321 -160.297
266.984 176.144 -161.04
267.345 177.975 -161.771
267.693 179.812 -162.491
268.029 181.656 -163.2
268.352 183.507 -163.897
268.662 185.365 -164.583
268.96 187.228 -165.257
269.245 189.098 -165.918
269.518 190.974 -166.568
269.778 192.856 -167.205
270.025 194.744 -167.83
270.259 196.638 -168.443
270.481 198.537 -169.042
270.691 200.442 -169.629
270.887 202.352 -170.202
271.071 204.267 -170.762
271.242 206.188 -171.309
271.401 208.113 -171.843
271.546 210.043 -172.362
271.679 211.978 -172.868
271.8 213.917 -173.36
271.907 215.86 -173.837
272.002 217.807 -174.301
272.085 219.759 -174.749
272.155 221.714 -175.184
272.212 223.672 -175.603
272.256 225.635 -176.008
272.288 227.6 -176.398
272.307 229.569 -176.772
272.313 231.54 -177.131
272.307 233.515 -177.475
272.289 235.491 -177.803
272.258 237.471 -178.116
272.214 239.452 -178.412
272.158 241.436 -178.693
272.089 243.421 -178.957
272.008 245.408 -179.206
271.915 247.396 -179.438
271.809 249.386 -179.653
271.691 251.376 -179.852
271.56 253.368 -180.034
271.417 255.36 -180.199
271.262 257.352 -180.347
271.094 259.345 -180.479
270.915 261.338 -180.593
270.723 263.33 -180.689
270.519 265.322 -180.769
270.303 267.314 -180.83
270.075 269.304 -180.874
269.836 271.293 -180.901
269.584 273.282 -180.909
269.32 275.268 -180.9
269.045 277.253 -180.873
268.758 279.236 -180.827
268.459 281.216 -180.763
268.148 283.194 -180.681
267.826 285.17 -180.581
267.492 287.142 -180.462
267.147 289.111 -180.325
266.791 291.077 -180.169
266.423 293.04 -179.994
266.044 294.998 -179.801
265.654 296.952 -179.588
265.253 298.902 -179.357
264.841 300.847 -179.107
264.418 302.787 -178.838
263.984 304.722 -178.55
263.539 306.652 -178.243
263.084 308.576 -177.917
262.618 310.494 -177.571
262.141 312.406 -177.206
261.655 314.312 -176.822
261.158 316.211 -176.419
260.65 318.103 -175.996
260.133 319.988 -175.554
259.606 321.866 -175.092
259.068 323.735 -174.612
258.521 325.597 -174.111
257.965 327.451 -173.592
257.398 329.296 -173.052
256.823 331.132 -172.494
256.237 332.96 -171.916
255.643 334.778 -171.318
255.04 336.587 -170.701
254.427 338.386 -170.065
253.806 340.174 -169.409
253.176 341.953 -168.734
252.538 343.721 -168.039
251.891 345.478 -167.325
251.235 347.224 -166.592
250.572 348.959 -165.84
249.9 350.682 -165.068
249.22 352.394 -164.277
248.533 354.093 -163.467
247.838 355.78 -162.638
247.135 357.454 -161.789
246.425 359.115 -160.922
245.708 360.763 -160.036
244.984 362.398 -159.131
244.253 364.019 -158.207
243.515 365.627 -157.265
242.771 367.22 -156.304
242.02 368.798 -155.324
241.263 370.363 -154.326
240.499 371.912 -153.31
239.73 373.446 -152.275
238.955 374.965 -151.222
238.174 376.468 -150.152
237.388 377.955 -149.063
236.596 379.427 -147.956
235.799 380.882 -146.832
234.998 382.32 -145.69
234.191 383.742 -144.53
233.38 385.147 -143.354
232.565 386.534 -142.16
231.745 387.904 -140.949
230.921 389.257 -139.721
230.093 390.592 -138.476
229.261 391.908 -137.215
228.426 393.207 -135.937
227.588 394.486 -134.643
226.746 395.748 -133.332
225.901 396.99 -132.006
225.054 398.213 -130.664
224.204 399.417 -129.306
223.351 400.602 -127.933
222.496 401.767 -126.544
221.639 402.912 -125.141
220.78 404.037 -123.722
219.92 405.142 -122.289
219.058 406.227 -120.841
218.194 407.291 -119.379
217.33 408.334 -117.902
216.464 409.357 -116.412
215.598 410.359 -114.908
214.732 411.339 -113.39
213.864 412.299 -111.859
212.997 413.236 -110.315
212.13 414.153 -108.758
211.263 415.047 -107.188
210.396 415.92 -105.606
209.53 416.771 -104.012
208.665 417.6 -102.406
207.801 418.407 -100.787
206.938 419.191 -99.1577
206.076 419.953 -97.5167
205.216 420.693 -95.8646
204.358 421.409 -94.2017
203.501 422.104 -92.5282
202.647 422.775 -90.8444
201.795 423.424 -89.1505
200.945 424.049 -87.4467
200.098 424.652 -85.7332
199.255 425.231 -84.0105
198.414 425.788 -82.2786
197.576 426.321 -80.5378
196.742 426.831 -78.7885
195.911 427.317 -77.0308
195.085 427.781 -75.265
194.262 428.22 -73.4914
193.443 428.637 -71.7103
192.629 429.03 -69.9218
191.82 429.399 -68.1262
191.015 429.745 -66.3239
190.215 430.067 -64.515
189.42 430.366 -62.6999
188.63 430.642 -60.8788
187.845 430.893 -59.0519
187.067 431.121 -57.2196
186.294 431.326 -55.3821
185.527 431.507 -53.5396
184.765 431.665 -51.6924
184.011 431.799 -49.8408
183.262 431.909 -47.9851
182.521 431.997 -46.1255
181.786 432.06 -44.2623
181.057 432.101 -42.3957
180.336 432.118 -40.526
179.622 432.112 -38.6535
178.916 432.082 -36.7784
178.217 432.03 -34.901
177.526 431.954 -33.0215
176.842 431.855 -31.1403
176.166 431.734 -29.2576
175.499 431.589 -27.3735
174.84 431.422 -25.4885
174.189 431.232 -23.6027
173.546 431.019 -21.7164
172.913 430.784 -19.8299
172.288 430.526 -17.9433
171.672 430.246 -16.057
171.065 429.944 -14.1712
170.467 429.619 -12.2862
169.879 429.273 -10.4021
169.3 428.904 -8.51932
168.73 428.514 -6.63799
168.17 428.102 -4.75839
167.62 427.669 -2.88074
167.08 427.214 -1.00529
166.55 426.738 0.867727
166.03 426.24 2.73808
165.52 425.722 4.60554
165.02 425.183 6.46988
164.531 424.623 8.33087
164.053 424.042 10.1883
163.585 423.441 12.0419
163.128 422.82 13.8915
162.681 422.179 15.7369
162.246 421.518 17.5779
161.821 420.836 19.4141
161.408 420.136 21.2456
161.006 419.415 23.0719
160.615 418.676 24.893
160.235 417.917 26.7086
159.867 417.14 28.5185
159.511 416.343 30.3226
159.165 415.529 32.1206
158.832 414.695 33.9124
158.51 413.844 35.6977
158.2 412.974 37.4763
157.902 412.087 39.2482
157.616 411.182 41.0131
157.342 410.259 42.7709
157.079 409.319 44.5213
156.829 408.362 46.2642
156.591 407.388 47.9994
156.365 406.398 49.7268
156.152 405.391 51.4462
155.95 404.368 53.1574
155.761 403.328 54.8604
155.585 402.273 56.5548
155.421 401.202 58.2407
155.269 400.116 59.9178
155.13 399.014 61.586
155.003 397.897 63.2452
154.889 396.766 64.8952
154.787 395.619 66.5359
154.698 394.459 68.1671
154.622 393.284 69.7888
154.559 392.095 71.4008
154.508 390.892 73.003
154.47 389.676 74.5953
154.445 388.446 76.1775
154.432 387.204 77.7495
154.433 385.948 79.3113
154.446 384.679 80.8627
154.472 383.398 82.4036
154.51 382.105 83.934
154.562 380.8 85.4537
154.627 379.483 86.9626
154.704 378.154 88.4606
154.794 376.813 89.9477
154.898 375.462 91.4238
155.014 374.099 92.8888
155.143 372.726 94.3425
155.285 371.342 95.785
155.44 369.948 97.2161
155.607 368.544 98.6359
155.788 367.129 100.044
155.982 365.705 101.441
156.188 364.272 102.826
156.407 362.829 104.199
156.64 361.377 105.561
156.885 359.916 106.911
157.143 358.447 108.249
157.414 356.969 109.575
157.697 355.483 110.889
157.994 353.989 112.191
158.303 352.487 113.482
158.625 350.978 114.76
158.96 349.461 116.026
159.308 347.937 117.28
159.668 346.406 118.522
160.041 344.868 119.751
160.427 343.323 120.969
160.826 341.773 122.174
161.237 340.216 123.367
161.661 338.653 124.547
162.097 337.084 125.716
162.546 335.51 126.872
163.008 333.931 128.015
163.482 332.346 129.147
163.969 330.756 130.266
164.468 329.162 131.372
164.98 327.563 132.467
165.504 325.96 133.549
166.041 324.352 134.618
166.59 322.741 135.676
167.151 321.126 136.721
167.724 319.507 137.753
168.31 317.884 138.774
168.909 316.259 139.781
169.519 314.63 140.777
170.141 312.999 141.76
170.776 311.365 142.732
171.423 309.728 143.69
172.082 308.09 144.637
172.753 306.449 145.571
173.436 304.806 146.493
174.131 303.161 147.403
174.838 301.515 148.301
175.557 299.867 149.187
176.288 298.218 150.061
177.031 296.569 150.922
177.785 294.918 151.772
178.551 293.266 152.609

2.00398 0.00343693 -0.00782664
4.00782 0.0137843 -0.0312401
6.01137 0.0310964 -0.0701399
8.01449 0.0554273 -0.124424
10.017 0.0868301 -0.19399
12.0189 0.125358 -0.278733
14.0199 0.171062 -0.378548
16.0199 0.223995 -0.49333
18.0188 0.284208 -0.622969
20.0164 0.351751 -0.767359
22.0127 0.426674 -0.92639
24.0075 0.509028 -1.09995
26.0006 0.59886 -1.28793
27.992 0.69622 -1.49022
29.9815 0.801156 -1.7067
31.969 0.913716 -1.93726
33.9544 1.03395 -2.18179
35.9376 1.16189 -2.44016
37.9184 1.2976 -2.71228
39.8967 1.44112 -2.998
41.8725 1.5925 -3.29723
43.8455 1.75177 -3.60984
45.8158 1.91899 -3.93571
47.7831 2.0942 -4.27472
49.7474 2.27744 -4.62675
51.7086 2.46875 -4.99169
53.6665 2.66818 -5.3694
55.6212 2.87578 -5.75977
57.5723 3.09157 -6.16268
59.52 3.31561 -6.578
61.464 3.54794 -7.00561
63.4043 3.78859 -7.44538
65.3408 4.03761 -7.89719
67.2733 4.29503 -8.36092
69.2018 4.56091 -8.83643
71.1263 4.83527 -9.32362
73.0465 5.11815 -9.82234
74.9624 5.4096 -10.3325
76.874 5.70966 -10.8539
78.7811 6.01835 -11.3865
80.6837 6.33573 -11.9301
82.5817 6.66182 -12.4846
84.4749 6.99667 -13.0498
86.3634 7.3403 -13.6258
88.2469 7.69277 -14.2122
90.1256 8.05409 -14.8091
91.9992 8.42432 -15.4161
93.8677 8.80348 -16.0334
95.731 9.19162 -16.6606
97.5891 9.58876 -17.2977
99.4418 9.99494 -17.9445
101.289 10.4102 -18.601
103.131 10.8346 -19.2669
104.967 11.2681 -19.9421
106.798 11.7108 -20.6266
108.623 12.1626 -21.3202
110.442 12.6238 -22.0227
112.256 13.0942 -22.7341
114.064 13.5739 -23.4541
115.865 14.063 -24.1827
117.661 14.5614 -24.9198
119.45 15.0693 -25.6651
121.234 15.5865 -26.4186
123.011 16.1133 -27.1801
124.782 16.6495 -27.9495
126.547 17.1953 -28.7267
128.305 17.7506 -29.5116
130.057 18.3155 -30.3039
131.802 18.8901 -31.1036
133.541 19.4743 -31.9105
135.274 20.0681 -32.7245
136.999 20.6717 -33.5455
138.718 21.285 -34.3734
140.43 21.9081 -35.2079
142.135 22.5409 -36.049
143.834 23.1836 -36.8966
145.525 23.8361 -37.7504
147.21 24.4985 -38.6104
148.887 25.1708 -39.4764
150.558 25.853 -40.3484
152.221 26.5451 -41.2261
153.877 27.2473 -42.1094
155.526 27.9594 -42.9982
157.168 28.6816 -43.8924
158.802 29.4138 -44.7918
160.429 30.1561 -45.6963
162.049 30.9085 -46.6057
163.661 31.671 -47.52
165.265 32.4436 -48.4389
166.862 33.2265 -49.3624
168.452 34.0195 -50.2903
170.033 34.8227 -51.2225
171.607 35.6362 -52.1588
173.174 36.4599 -53.0991
174.732 37.2939 -54.0432
176.283 38.1382 -54.9911
177.826 38.9928 -55.9426
179.361 39.8577 -56.8976
180.888 40.733 -57.8558
182.407 41.6187 -58.8173
183.918 42.5148 -59.7817
185.42 43.4212 -60.7491
186.915 44.3381 -61.7193
188.402 45.2654 -62.692
189.88 46.2032 -63.6673
191.35 47.1515 -64.6449
192.812 48.1102 -65.6247
194.265 49.0795 -66.6066
195.71 50.0593 -67.5904
197.147 51.0495 -68.576
198.575 52.0504 -69.5633
199.995 53.0617 -70.552
201.406 54.0837 -71.5422
202.809 55.1162 -72.5335
204.203 56.1593 -73.526
205.588 57.213 -74.5194
206.964 58.2773 -75.5136
208.332 59.3521 -76.5085
209.691 60.4376 -77.5038
211.041 61.5338 -78.4996
212.383 62.6405 -79.4956
213.715 63.7579 -80.4917
215.039 64.8859 -81.4878
216.353 66.0245 -82.4836
217.658 67.1738 -83.4791
218.955 68.3337 -84.4741
220.242 69.5043 -85.4685
221.52 70.6855 -86.4622
222.789 71.8773 -87.4549
224.049 73.0798 -88.4465
225.299 74.2928 -89.437
226.54 75.5166 -90.426
227.772 76.7509 -91.4136
228.994 77.9959 -92.3996
230.207 79.2514 -93.3837
231.41 80.5176 -94.3659
232.604 81.7943 -95.346
233.789 83.0817 -96.3238
234.963 84.3795 -97.2993
236.128 85.688 -98.2722
237.284 87.007 -99.2425
238.43 88.3365 -100.21
239.565 89.6765 -101.174
240.692 91.027 -102.136
241.808 92.388 -103.094
242.914 93.7594 -104.048
244.011 95.1413 -104.999
245.097 96.5335 -105.946
246.174 97.9362 -106.89
247.24 99.3492 -107.829
248.296 100.772 -108.764
249.342 102.206 -109.695
250.378 103.65 -110.621
251.404 105.104 -111.543
252.42 106.569 -112.459
253.425 108.043 -113.371
254.42 109.528 -114.278
255.404 111.022 -115.179
256.378 112.527 -116.075
257.342 114.042 -116.966
258.295 115.567 -117.85
259.237 117.102 -118.729
260.169 118.646 -119.602
261.091 120.201 -120.468
262.001 121.765 -121.328
262.901 123.339 -122.182
263.79 124.923 -123.029
264.669 126.516 -123.869
265.536 128.119 -124.702
266.393 129.731 -125.528
267.239 131.353 -126.347
268.073 132.985 -127.158
268.897 134.625 -127.962
269.71 136.275 -128.757
270.512 137.934 -129.545
271.302 139.603 -130.325
272.081 141.28 -131.097
272.85 142.966 -131.86
273.607 144.661 -132.614
274.352 146.365 -133.36
275.087 148.078 -134.097
275.81 149.8 -134.825
276.521 151.53 -135.544
277.221 153.268 -136.253
277.91 155.015 -136.953
278.587 156.771 -137.643
279.253 158.534 -138.323
279.907 160.306 -138.994
280.55 162.085 -139.654
281.18 163.873 -140.304
281.8 165.668 -140.943
282.407 167.472 -141.572
283.003 169.283 -142.19
283.587 171.101 -142.798
284.159 172.927 -143.394
284.719 174.76 -143.979
285.267 176.6 -144.552
285.804 178.447 -145.114
286.328 180.301 -145.664
286.841 182.162 -146.203
287.342 184.03 -146.729
287.83 185.904 -147.244
288.307 187.785 -147.746
288.771 189.672 -148.235
289.223 191.565 -148.712
289.663 193.464 -149.177
290.091 195.369 -149.628
290.507 197.28 -150.066
290.911 199.196 -150.492
291.302 201.118 -150.903
291.681 203.045 -151.302
292.048 204.977 -151.687
292.403 206.915 -152.058
292.745 208.856 -152.415
293.075 210.803 -152.758
293.392 212.754 -153.087
293.697 214.71 -153.402
293.99 216.669 -153.702
294.271 218.633 -153.988
294.539 220.6 -154.258
294.794 222.572 -154.515
295.037 224.546 -154.756
295.268 226.524 -154.982
295.486 228.505 -155.193
295.692 230.488 -155.388
295.886 232.475 -155.568
296.067 234.464 -155.732
296.235 236.455 -155.881
296.391 238.449 -156.014
296.535 240.444 -156.131
296.666 242.441 -156.232
296.785 244.44 -156.316
296.891 246.44 -156.385
296.985 248.441 -156.437
297.066 250.443 -156.472
297.135 252.446 -156.491
297.192 254.449 -156.493
297.236 256.453 -156.478
297.268 258.456 -156.447
297.287 260.46 -156.398
297.294 262.462 -156.332
297.289 264.465 -156.249
297.272 266.466 -156.149
297.242 268.466 -156.032
297.2 270.465 -155.897
297.146 272.463 -155.744
297.079 274.459 -155.574
297 276.452 -155.386
296.91 278.444 -155.18
296.807 280.432 -154.957
296.692 282.418 -154.716
296.565 284.402 -154.456
296.426 286.381 -154.179
296.275 288.358 -153.884
296.112 290.33 -153.57
295.937 292.299 -153.238
295.751 294.263 -152.888
295.552 296.223 -152.52
295.342 298.178 -152.134
295.121 300.128 -151.729
294.887 302.073 -151.305
294.643 304.013 -150.864
294.386 305.946 -150.403
294.119 307.874 -149.925
293.84 309.795 -149.428
293.549 311.709 -148.912
293.248 313.617 -148.377
292.935 315.518 -147.825
292.611 317.411 -147.253
292.276 319.297 -146.663
291.931 321.175 -146.055
291.574 323.044 -145.428
291.207 324.905 -144.782
290.829 326.758 -144.118
290.44 328.602 -143.435
290.041 330.436 -142.733
289.632 332.261 -142.014
289.212 334.076 -141.275
288.782 335.881 -140.519
288.342 337.676 -139.744
287.892 339.46 -138.95
287.431 341.234 -138.138
286.962 342.996 -137.308
286.482 344.747 -136.46
285.993 346.487 -135.593
285.494 348.214 -134.708
284.986 349.93 -133.806
284.468 351.633 -132.885
283.942 353.323 -131.946
283.406 355.001 -130.99
282.862 356.665 -130.015
282.308 358.316 -129.023
281.746 359.953 -128.013
281.176 361.576 -126.986
280.597 363.186 -125.941
280.009 364.78 -124.879
279.414 366.36 -123.8
278.81 367.925 -122.703
278.199 369.475 -121.59
277.58 371.01 -120.459
276.953 372.529 -119.312
276.319 374.032 -118.148
275.678 375.519 -116.968
275.029 376.989 -115.771
274.373 378.443 -114.557
273.711 379.88 -113.328
273.041 381.3 -112.082
272.365 382.703 -110.821
271.683 384.088 -109.544
270.994 385.456 -108.251
270.3 386.806 -106.943
269.599 388.137 -105.619
268.892 389.451 -104.28
268.18 390.745 -102.926
267.462 392.021 -101.558
266.739 393.278 -100.175
266.011 394.516 -98.777
265.278 395.734 -97.365
264.54 396.933 -95.9389
263.798 398.113 -94.4988
263.05 399.272 -93.045
262.299 400.412 -91.5776
261.543 401.531 -90.0968
260.784 402.629 -88.6029
260.02 403.707 -87.0959
259.253 404.765 -85.5762
258.483 405.801 -84.0439
257.709 406.817 -82.4991
256.932 407.811 -80.9423
256.152 408.784 -79.3734
255.37 409.735 -77.7928
254.585 410.665 -76.2006
253.797 411.573 -74.5971
253.007 412.459 -72.9825
252.215 413.323 -71.357
251.422 414.165 -69.7208
250.626 414.985 -68.0742
249.83 415.783 -66.4174
249.031 416.558 -64.7506
248.232 417.31 -63.074
247.432 418.04 -61.3879
246.63 418.747 -59.6925
245.829 419.431 -57.9881
245.027 420.092 -56.2748
244.224 420.73 -54.5529
243.422 421.346 -52.8228
242.619 421.938 -51.0845
241.817 422.507 -49.3383
241.016 423.052 -47.5845
240.215 423.574 -45.8234
239.415 424.073 -44.0551
238.615 424.549 -42.2799
237.817 425.001 -40.498
237.021 425.429 -38.7098
236.226 425.835 -36.9154
235.432 426.216 -35.1151
234.641 426.574 -33.3092
233.852 426.908 -31.4978
233.064 427.219 -29.6813
232.28 427.506 -27.8599
231.497 427.77 -26.0338
230.718 428.01 -24.2032
229.941 428.226 -22.3685
229.168 428.419 -20.5299
228.398 428.588 -18.6876
227.631 428.734 -16.8418
226.868 428.856 -14.9929
226.108 428.955 -13.141
225.352 429.03 -11.2865
224.601 429.082 -9.42944
223.854 429.11 -7.5702
223.111 429.115 -5.709
222.372 429.097 -3.84607
221.639 429.055 -1.98166
220.91 428.991 -0.115994
220.186 428.903 1.75068
219.468 428.792 3.61812
218.754 428.659 5.48609
218.046 428.502 7.35437
217.344 428.323 9.22271
216.648 428.121 11.0909
215.957 427.896 12.9587
215.273 427.649 14.8258
214.594 427.379 16.6922
213.922 427.087 18.5574
213.257 426.773 20.4213
212.598 426.436 22.2838
211.946 426.078 24.1444
211.3 425.698 26.0032
210.662 425.295 27.8597
210.031 424.872 29.7139
209.407 424.426 31.5655
208.79 423.96 33.4142
208.181 423.471 35.26
207.579 422.962 37.1025
206.986 422.432 38.9416
206.4 421.881 40.7771
205.822 421.309 42.6088
205.252 420.717 44.4364
204.691 420.104 46.2599
204.137 419.47 48.0789
203.592 418.817 49.8934
203.056 418.144 51.703
202.528 417.45 53.5078
202.009 416.738 55.3074
201.499 416.005 57.1016
200.998 415.254 58.8904
200.506 414.483 60.6735
200.023 413.693 62.4508
199.549 412.884 64.2221
199.085 412.057 65.9872
198.63 411.211 67.746
198.184 410.346 69.4984
197.748 409.464 71.244
197.322 408.564 72.9829
196.905 407.646 74.7148
196.498 406.71 76.4397
196.102 405.757 78.1573
195.715 404.787 79.8675
195.338 403.799 81.5702
194.971 402.795 83.2653
194.615 401.774 84.9526
194.269 400.737 86.6319
193.933 399.684 88.3032
193.607 398.614 89.9664
193.292 397.529 91.6212
192.988 396.427 93.2676
192.694 395.311 94.9056
192.411 394.179 96.5348
192.138 393.032 98.1554
191.876 391.87 99.767
191.625 390.693 101.37
191.385 389.502 102.963
191.156 388.297 104.548
190.938 387.077 106.123
190.731 385.844 107.689
190.534 384.597 109.245
190.349 383.337 110.792
190.176 382.063 112.33
190.013 380.776 113.857
189.861 379.476 115.375
189.721 378.164 116.883
189.592 376.839 118.381
189.474 375.502 119.869
189.368 374.153 121.347
189.273 372.792 122.815
189.19 371.419 124.273
189.118 370.035 125.72
189.058 368.64 127.157
189.009 367.233 128.584
188.971 365.816 130
188.945 364.388 131.406
188.931 362.95 132.802
188.928 361.501 134.186
188.937 360.043 135.561
188.958 358.574 136.924
188.99 357.096 138.277
189.034 355.609 139.619
189.09 354.112 140.951
189.157 352.606 142.271
189.236 351.092 143.581
189.327 349.568 144.88
189.429 348.037 146.169
189.544 346.497 147.446
189.67 344.949 148.712
189.808 343.393 149.968
189.957 341.829 151.213
190.119 340.258 152.446
190.292 338.68 153.669
190.477 337.095 154.881
190.674 335.503 156.082
190.882 333.904 157.272
191.103 332.298 158.451
191.335 330.686 159.619
191.579 329.068 160.776
191.835 327.445 161.922
192.102 325.815 163.057
192.381 324.18 164.181
192.673 322.539 165.294
192.976 320.893 166.397
193.29 319.242 167.488
193.617 317.586 168.569
193.955 315.926 169.638
194.305 314.261 170.697
194.667 312.591 171.745
195.041 310.918 172.782
195.426 309.24 173.809
195.823 307.559 174.824
196.232 305.874 175.829
196.653 304.186 176.824
197.085 302.494 177.807
197.529 300.799 178.78
197.985 299.101 179.742
198.452 297.401 180.694
198.931 295.698 181.635
199.422 293.992 182.566
199.924 292.284 183.486
200.438 290.574 184.396
200.963 288.862 185.296
201.501 287.148 186.185

2.00397 0.0106066 0.00190396
4.00771 0.0423964 0.00766688
6.01098 0.0953223 0.0173648
8.01357 0.169334 0.0310733
10.0152 0.264378 0.048867
12.0157 0.380398 0.07082
14.0149 0.517334 0.097006
16.0124 0.675126 0.127498
18.0082 0.853706 0.162367
20.0018 1.05301 0.201686
21.9932 1.27296 0.245524
23.9822 1.51349 0.293953
25.9684 1.77452 0.34704
27.9517 2.05597 0.404856
29.9318 2.35776 0.467468
31.9086 2.67981 0.534943
33.8819 3.02202 0.607347
35.8513 3.38431 0.684746
37.8168 3.76658 0.767206
39.7781 4.16875 0.85479
41.7349 4.5907 0.947563
43.6872 5.03235 1.04559
45.6347 5.49359 1.14892
47.5771 5.97432 1.25763
49.5144 6.47442 1.37178
51.4462 6.99379 1.49142
53.3724 7.53232 1.61661
55.2928 8.08989 1.74741
57.2073 8.66639 1.88389
59.1155 9.2617 2.02609
61.0174 9.87569 2.17407
62.9127 10.5082 2.32789
64.8013 11.1592 2.4876
66.6829 11.8286 2.65325
68.5574 12.5161 2.82491
70.4247 13.2216 3.00261
72.2845 13.9451 3.18642
74.1366 14.6863 3.37637
75.981 15.4452 3.57253
77.8173 16.2217 3.77494
79.6455 17.0155 3.98365
81.4654 17.8265 4.19871
83.2768 18.6546 4.42016
85.0796 19.4996 4.64804
86.8736 20.3615 4.88242
88.6586 21.24 5.12332
90.4345 22.135 5.37079
92.2011 23.0464 5.62488
93.9582 23.9739 5.88563
95.7058 24.9175 6.15308
97.4437 25.877 6.42727
99.1718 26.8522 6.70823
100.89 27.8429 6.99602
102.598 28.8491 7.29066
104.295 29.8706 7.5922
105.982 30.9071 7.90067
107.659 31.9585 8.21611
109.325 33.0248 8.53856
110.98 34.1056 8.86804
112.624 35.2009 9.20459
114.257 36.3104 9.54826
115.879 37.434 9.89906
117.489 38.5716 10.257
119.089 39.7229 10.6222
120.676 40.8878 10.9946
122.252 42.0661 11.3743
123.816 43.2577 11.7612
125.368 44.4623 12.1555
126.909 45.6799 12.5571
128.437 46.9102 12.9661
129.953 48.153 13.3825
131.456 49.4082 13.8064
132.947 50.6756 14.2376
134.426 51.955 14.6764
135.892 53.2463 15.1227
137.346 54.5492 15.5764
138.786 55.8637 16.0378
140.214 57.1894 16.5067
141.629 58.5263 16.9831
143.031 59.8741 17.4672
144.419 61.2327 17.959
145.795 62.6018 18.4583
147.157 63.9814 18.9654
148.506 65.3712 19.4801
149.842 66.7711 20.0025
151.164 68.1808 20.5327
152.472 69.6003 21.0706
153.767 71.0292 21.6162
155.048 72.4674 22.1696
156.315 73.9148 22.7308
157.569 75.3712 23.2998
158.808 76.8363 23.8766
160.034 78.31 24.4612
161.246 79.7921 25.0536
162.444 81.2824 25.6539
163.627 82.7808 26.2621
164.797 84.2871 26.8781
165.952 85.801 27.502
167.093 87.3225 28.1338
168.22 88.8512 28.7735
169.332 90.3871 29.4211
170.431 91.9299 30.0766
171.514 93.4795 30.74
172.584 95.0357 31.4114
173.639 96.5983 32.0907
174.679 98.1672 32.7779
175.705 99.742 33.4731
176.716 101.323 34.1763
177.713 102.909 34.8874
178.695 104.501 35.6064
179.663 106.098 36.3335
180.616 107.701 37.0685
181.554 109.308 37.8114
182.478 110.92 38.5624
183.387 112.537 39.3213
184.281 114.158 40.0882
185.161 115.784 40.8631
186.025 117.413 41.646
186.876 119.047 42.4368
187.711 120.684 43.2356
188.531 122.324 44.0424
189.337 123.968 44.8572
190.128 125.615 45.68
190.905 127.266 46.5107
191.666 128.919 47.3494
192.413 130.574 48.1961
193.145 132.233 49.0508
193.862 133.893 49.9134
194.565 135.556 50.7839
195.253 137.221 51.6625
195.926 138.887 52.5489
196.585 140.555 53.4433
197.228 142.225 54.3457
197.857 143.895 55.256
198.472 145.567 56.1742
199.071 147.24 57.1004
199.657 148.914 58.0344
200.227 150.588 58.9764
200.783 152.263 59.9263
201.324 153.938 60.884
201.851 155.613 61.8497
202.363 157.288 62.8232
202.861 158.963 63.8046
203.345 160.638 64.7938
203.813 162.311 65.7909
204.268 163.985 66.7958
204.708 165.657 67.8086
205.134 167.328 68.8291
205.545 168.998 69.8575
205.942 170.667 70.8936
206.325 172.334 71.9376
206.694 174 72.9893
207.049 175.664 74.0487
207.389 177.325 75.1159
207.715 178.985 76.1908
208.028 180.642 77.2735
208.326 182.297 78.3638
208.61 183.949 79.4618
208.881 185.598 80.5675
209.137 187.245 81.6809
209.38 188.888 82.8019
209.609 190.528 83.9305
209.824 192.165 85.0667
210.026 193.798 86.2105
210.214 195.427 87.3619
210.388 197.053 88.5208
210.549 198.674 89.6873
210.697 200.292 90.8613
210.831 201.905 92.0428
210.952 203.513 93.2318
211.059 205.118 94.4283
211.153 206.717 95.6322
211.234 208.311 96.8435
211.302 209.901 98.0623
211.357 211.485 99.2884
211.399 213.064 100.522
211.428 214.637 101.763
211.444 216.205 103.011
211.447 217.767 104.266
211.438 219.323 105.529
211.416 220.873 106.799
211.381 222.417 108.076
211.334 223.954 109.361
211.275 225.485 110.652
211.203 227.01 111.951
211.118 228.528 113.257
211.022 230.039 114.57
210.913 231.542 115.89
210.792 233.039 117.217
210.659 234.528 118.551
210.515 236.01 119.893
210.358 237.485 121.241
210.19 238.952 122.596
210.01 240.41 123.958
209.818 241.861 125.327
209.615 243.304 126.703
209.4 244.739 128.085
209.174 246.165 129.475
208.936 247.583 130.871
208.688 248.992 132.274
208.428 250.393 133.684
208.157 251.784 135.1
207.875 253.167 136.523
207.583 254.54 137.953
207.279 255.904 139.389
206.965 257.259 140.832
206.64 258.605 142.281
206.305 259.94 143.737
205.959 261.266 145.2
205.603 262.582 146.668
205.236 263.889 148.143
204.86 265.185 149.625
204.473 266.47 151.112
204.076 267.746 152.606
203.67 269.011 154.107
203.254 270.265 155.613
202.828 271.509 157.126
202.392 272.741 158.644
201.947 273.963 160.169
201.492 275.174 161.7
201.029 276.374 163.237
200.556 277.562 164.779
200.073 278.739 166.328
199.582 279.904 167.883
199.082 281.058 169.443
198.573 282.2 171.009
198.056 283.331 172.581
197.53 284.449 174.159
196.995 285.555 175.742
196.452 286.649 177.331
195.901 287.731 178.925
195.341 288.8 180.525
194.774 289.857 182.13
194.198 290.901 183.741
193.615 291.932 185.357
193.024 292.951 186.979
192.425 293.956 188.605
191.819 294.949 190.237
191.205 295.929 191.874
190.584 296.895 193.517
189.956 297.848 195.164
189.321 298.787 196.816
188.679 299.713 198.473
188.03 300.626 200.135
187.374 301.524 201.802
186.712 302.409 203.474
186.043 303.28 205.15
185.368 304.137 206.831
184.686 304.979 208.517
183.998 305.808 210.207
183.305 306.622 211.902
182.605 307.422 213.601
181.9 308.207 215.305
181.189 308.978 217.012
180.472 309.734 218.724
179.751 310.475 220.441
179.023 311.202 222.161
178.291 311.913 223.885
177.554 312.61 225.614
176.811 313.291 227.346
176.064 313.957 229.082
175.312 314.608 230.822
174.556 315.244 232.565
173.795 315.864 234.312
173.03 316.469 236.063
172.261 317.058 237.817
171.488 317.632 239.575
170.711 318.189 241.336
169.93 318.731 243.1
169.146 319.257 244.868
168.358 319.767 246.638
167.566 320.262 248.412
166.772 320.739 250.189
165.974 321.201 251.968
165.173 321.647 253.75
164.37 322.076 255.535
163.564 322.489 257.323
162.755 322.885 259.113
161.944 323.265 260.906
161.131 323.629 262.701
160.315 323.975 264.499
159.498 324.305 266.298
158.679 324.619 268.1
157.857 324.915 269.904
157.035 325.195 271.71
156.211 325.457 273.518
155.385 325.703 275.327
154.559 325.932 277.138
153.731 326.143 278.951
152.903 326.338 280.765
152.074 326.515 282.581
151.244 326.675 284.398
150.414 326.818 286.217
149.583 326.944 288.036
148.753 327.052 289.857
147.922 327.143 291.678
147.092 327.216 293.501
146.262 327.272 295.324
145.432 327.31 297.148
144.603 327.331 298.972
143.774 327.334 300.797
142.947 327.32 302.622
142.12 327.288 304.447
141.295 327.239 306.273
140.471 327.171 308.098
139.649 327.086 309.924
138.828 326.984 311.749
138.009 326.863 313.574
137.192 326.725 315.399
136.377 326.569 317.223
135.564 326.395 319.046
134.753 326.203 320.869
133.946 325.994 322.691
133.14 325.766 324.512
132.338 325.521 326.332
131.539 325.258 328.151
130.743 324.977 329.968
129.95 324.678 331.784
129.16 324.361 333.599
128.375 324.027 335.412
127.593 323.674 337.223
126.815 323.304 339.032
126.041 322.916 340.839
125.271 322.51 342.644
124.505 322.086 344.447
123.744 321.644 346.248
122.988 321.185 348.046
122.237 320.708 349.842
121.491 320.213 351.634
120.75 319.7 353.424
120.014 319.169 355.211
119.283 318.621 356.995
118.559 318.055 358.776
117.84 317.472 360.553
117.126 316.871 362.327
116.419 316.252 364.097
115.719 315.616 365.863
115.024 314.962 367.626
114.337 314.291 369.384
113.655 313.603 371.139
112.981 312.897 372.889
112.314 312.174 374.635
111.654 311.433 376.376
111.001 310.675 378.112
110.355 309.901 379.844
109.718 309.109 381.571
109.088 308.3 383.293
108.465 307.474 385.01
107.851 306.631 386.721
107.245 305.772 388.427
106.648 304.895 390.127
106.059 304.002 391.822
105.478 303.092 393.51
104.907 302.166 395.193
104.344 301.224 396.87
103.791 300.265 398.54
103.246 299.289 400.204
102.711 298.298 401.861
102.186 297.29 403.512
101.67 296.267 405.156
101.164 295.227 406.792
100.668 294.172 408.422
100.182 293.101 410.045
99.7061 292.014 411.66
99.2407 290.912 413.268
98.7858 289.795 414.868
98.3415 288.662 416.46
97.908 287.514 418.045
97.4854 286.351 419.621
97.0738 285.173 421.189
96.6734 283.98 422.749
96.2843 282.773 424.3
95.9067 281.551 425.843
95.5405 280.315 427.377
95.1861 279.064 428.902
94.8435 277.799 430.419
94.5128 276.52 431.926
94.1942 275.228 433.424
93.8878 273.921 434.912
93.5936 272.601 436.391
93.3119 271.268 437.86
93.0428 269.921 439.32
92.7862 268.561 440.769
92.5425 267.188 442.209
92.3117 265.803 443.638
92.0938 264.405 445.057
91.8891 262.994 446.465
91.6976 261.571 447.863
91.5194 260.136 449.25
91.3546 258.688 450.627
91.2034 257.229 451.992
91.0658 255.759 453.346
90.942 254.276 454.69
90.832 252.783 456.021
90.7359 251.279 457.342
90.6538 249.763 458.651
90.5859 248.237 459.948
90.5322 246.701 461.233
90.4928 245.154 462.506
90.4678 243.596 463.768
90.4573 242.029 465.017
90.4613 240.453 466.253
90.4799 238.866 467.478
90.5133 237.271 468.69
90.5615 235.666 469.889
90.6245 234.052 471.076
90.7025 232.43 472.249
90.7955 230.799 473.41
90.9036 229.16 474.558
91.0269 227.512 475.693
91.1653 225.857 476.814
91.319 224.194 477.922
91.4881 222.524 479.016
91.6725 220.847 480.097
91.8724 219.163 481.165
92.0878 217.472 482.218
92.3188 215.774 483.258
92.5653 214.07 484.284
92.8275 212.36 485.295
93.1053 210.645 486.293
93.3989 208.923 487.276
93.7083 207.197 488.246
94.0334 205.465 489.2
94.3744 203.729 490.141
94.7312 201.987 491.067
95.1039 200.242 491.978
95.4926 198.492 492.874
95.8972 196.739 493.756
96.3177 194.982 494.623
96.7542 193.221 495.475
97.2067 191.457 496.312
97.6752 189.691 497.134
98.1597 187.922 497.941
98.6603 186.15 498.733
99.1768 184.376 499.509
99.7094 182.601 500.271
100.258 180.824 501.017
100.823 179.045 501.748
101.403 177.265 502.463
102 175.485 503.163
102.613 173.704 503.847
103.241 171.922 504.516
103.886 170.141 505.169
104.546 168.359 505.806
105.223 166.578 506.428
105.915 164.798 507.034
106.623 163.019 507.624
107.347 161.241 508.199
108.087 159.464 508.758
108.843 157.689 509.301
109.614 155.916 509.828
110.402 154.146 510.339
111.204 152.378 510.835
112.023 150.612 511.314
112.857 148.85 511.778
113.706 147.091 512.226
114.571 145.336 512.658
115.451 143.584 513.074
116.347 141.837 513.474
117.258 140.093 513.858
118.184 138.355 514.226
119.125 136.621 514.578
120.081 134.892 514.915
121.053 133.169 515.235
122.039 131.451 515.54
123.04 129.74 515.829
124.056 128.034 516.102
125.087 126.335 516.359
126.132 124.642 516.6
127.192 122.956 516.826
128.266 121.277 517.036
129.354 119.606 517.23
130.457 117.942 517.409
131.574 116.286 517.572
132.705 114.639 517.719
133.85 112.999 517.851
135.009 111.369 517.967
136.182 109.747 518.068
137.368 108.134 518.153
138.568 106.53 518.223
139.781 104.936 518.278
141.008 103.352 518.318
142.247 101.777 518.342
143.5 100.213 518.351
144.766 98.6599 518.346
146.045 97.117 518.325
147.336 95.585 518.289
148.64 94.0642 518.239
149.957 92.5547 518.173
151.286 91.0568 518.093
152.627 89.5707 517.999
153.98 88.0966 517.889
155.345 86.6347 517.766
156.722 85.1852 517.628
158.111 83.7483 517.476
159.511 82.3243 517.309
160.923 80.9134 517.129
162.345 79.5157 516.934
163.779 78.1314 516.726
165.224 76.7607 516.503

2.00395 0.0132077 0.00274645
4.00753 0.0527921 0.0110405
6.01039 0.118691 0.0249633
8.01217 0.210836 0.0445949
10.0125 0.329154 0.0700137
12.011 0.473566 0.101297
14.0074 0.643988 0.138521
16.0013 0.840331 0.181761
17.9923 1.0625 0.23109
19.9802 1.31039 0.286579
21.9645 1.58391 0.348301
23.9448 1.88294 0.416324
25.921 2.20736 0.490717
27.8926 2.55706 0.571547
29.8593 2.93191 0.658879
31.8207 3.33179 0.752777
33.7766 3.75655 0.853305
35.7266 4.20606 0.960524
37.6703 4.68017 1.07449
39.6076 5.17875 1.19527
41.5379 5.70163 1.32292
43.4611 6.24866 1.45749
45.3768 6.81968 1.59904
47.2847 7.41452 1.74763
49.1845 8.03302 1.90329
51.0759 8.67499 2.0661
52.9586 9.34028 2.23608
54.8323 10.0287 2.41331
56.6966 10.74 2.59781
58.5514 11.4741 2.78964
60.3964 12.2308 2.98883
62.2312 13.0098 3.19545
64.0555 13.811 3.40951
65.8692 14.6341 3.63107
67.6719 15.479 3.86017
69.4633 16.3455 4.09684
71.2432 17.2333 4.34112
73.0114 18.1422 4.59304
74.7675 19.072 4.85265
76.5114 20.0225 5.11996
78.2428 20.9934 5.39502
79.9614 21.9846 5.67785
81.6669 22.9958 5.96848
83.3593 24.0268 6.26694
85.0382 25.0773 6.57327
86.7033 26.1471 6.88747
88.3546 27.2359 7.20958
89.9917 28.3436 7.53963
91.6144 29.4699 7.87762
93.2226 30.6145 8.22359
94.816 31.7772 8.57756
96.3943 32.9577 8.93953
97.9576 34.1558 9.30954
99.5054 35.3713 9.68759
101.038 36.6038 10.0737
102.554 37.8532 10.4679
104.055 39.1191 10.8702
105.539 40.4013 11.2806
107.007 41.6996 11.6991
108.459 43.0137 12.1257
109.894 44.3433 12.5604
111.312 45.6881 13.0033
112.713 47.048 13.4544
114.097 48.4225 13.9136
115.464 49.8115 14.3809
116.813 51.2148 14.8564
118.145 52.6319 15.3401
119.459 54.0627 15.832
120.756 55.5069 16.332
122.034 56.9641 16.8402
123.294 58.4342 17.3565
124.536 59.9169 17.8811
125.76 61.4119 18.4138
126.965 62.9189 18.9547
128.152 64.4376 19.5037
129.32 65.9678 20.0609
130.469 67.5092 20.6262
131.599 69.0615 21.1997
132.71 70.6244 21.7813
133.802 72.1977 22.3711
134.875 73.7812 22.969
135.929 75.3744 23.575
136.964 76.9772 24.1891
137.979 78.5892 24.8113
138.974 80.2102 25.4416
139.95 81.84 26.0799
140.906 83.4781 26.7263
141.843 85.1245 27.3808
142.76 86.7787 28.0433
143.657 88.4406 28.7138
144.534 90.1098 29.3923
145.391 91.7861 30.0788
146.228 93.4692 30.7732
147.046 95.1588 31.4756
147.843 96.8546 32.186
148.62 98.5565 32.9043
149.377 100.264 33.6304
150.114 101.977 34.3645
150.83 103.695 35.1064
151.527 105.418 35.8561
152.203 107.146 36.6137
152.859 108.878 37.379
153.494 110.614 38.1522
154.109 112.354 38.9331
154.704 114.098 39.7217
155.279 115.845 40.518
155.834 117.595 41.322
156.368 119.347 42.1337
156.881 121.102 42.953
157.375 122.86 43.7799
157.848 124.619 44.6144
158.301 126.381 45.4564
158.733 128.143 46.306
159.146 129.907 47.1631
159.538 131.672 48.0276
159.91 133.438 48.8996
160.261 135.204 49.779
160.593 136.97 50.6658
160.904 138.736 51.56
161.195 140.502 52.4615
161.467 142.268 53.3703
161.718 144.032 54.2864
161.949 145.796 55.2097
162.16 147.558 56.1403
162.351 149.319 57.078
162.522 151.078 58.0229
162.674 152.835 58.9748
162.806 154.589 59.9339
162.918 156.341 60.9
163.01 158.091 61.8732
163.082 159.837 62.8533
163.136 161.581 63.8403
163.169 163.32 64.8343
163.183 165.056 65.8352
163.178 166.789 66.8429
163.153 168.517 67.8575
163.11 170.24 68.8788
163.047 171.959 69.9068
162.965 173.674 70.9416
162.864 175.383 71.983
162.744 177.087 73.0311
162.605 178.785 74.0857
162.447 180.478 75.147
162.271 182.164 76.2147
162.076 183.845 77.2889
161.862 185.519 78.3696
161.63 187.186 79.4567
161.38 188.847 80.5501
161.111 190.501 81.6499
160.825 192.147 82.756
160.52 193.786 83.8683
160.197 195.417 84.9868
159.856 197.04 86.1115
159.498 198.655 87.2423
159.122 200.262 88.3792
158.728 201.861 89.5221
158.317 203.45 90.6711
157.888 205.031 91.826
157.443 206.602 92.9868
156.98 208.165 94.1535
156.5 209.717 95.326
156.003 211.26 96.5043
155.489 212.793 97.6884
154.959 214.316 98.8781
154.412 215.829 100.074
153.849 217.331 101.275
153.269 218.822 102.481
152.674 220.303 103.693
152.062 221.772 104.911
151.434 223.23 106.134
150.79 224.677 107.362
150.131 226.112 108.596
149.456 227.535 109.835
148.766 228.947 111.079
148.06 230.346 112.328
147.339 231.732 113.583
146.603 233.106 114.842
145.853 234.467 116.107
145.087 235.816 117.377
144.307 237.151 118.651
143.513 238.473 119.931
142.704 239.782 121.215
141.881 241.077 122.504
141.044 242.358 123.798
140.193 243.625 125.096
139.328 244.879 126.399
138.45 246.118 127.707
137.558 247.342 129.019
136.653 248.552 130.335
135.735 249.747 131.656
134.804 250.927 132.981
133.86 252.092 134.311
132.904 253.242 135.645
131.934 254.376 136.983
130.953 255.495 138.325
129.96 256.598 139.671
128.954 257.686 141.021
127.937 258.757 142.375
126.908 259.812 143.733
125.867 260.851 145.094
124.815 261.873 146.46
123.752 262.879 147.829
122.678 263.868 149.202
121.593 264.84 150.578
120.498 265.795 151.958
119.392 266.733 153.341
118.275 267.654 154.727
117.149 268.557 156.117
116.013 269.442 157.51
114.866 270.31 158.907
113.711 271.16 160.306
112.546 271.992 161.708
111.371 272.806 163.113
110.188 273.601 164.521
108.996 274.379 165.932
107.795 275.137 167.346
106.586 275.878 168.762
105.369 276.599 170.181
104.143 277.302 171.603
102.91 277.985 173.027
101.669 278.65 174.453
100.42 279.295 175.881
99.1642 279.921 177.312
97.9013 280.528 178.745
96.6315 281.115 180.18
95.355 281.683 181.617
94.0721 282.23 183.055
92.7829 282.758 184.496
91.4876 283.266 185.938
90.1865 283.754 187.382
88.8797 284.222 188.828
87.5675 284.669 190.275
86.25 285.097 191.723
84.9275 285.503 193.173
83.6003 285.89 194.624
82.2684 286.255 196.076
80.9322 286.601 197.529
79.5918 286.925 198.983
78.2475 287.228 200.438
76.8995 287.511 201.893
75.548 287.772 203.35
74.1932 288.013 204.807
72.8354 288.232 206.264
71.4747 288.43 207.722
70.1114 288.607 209.18
68.7458 288.762 210.639
67.378 288.896 212.097
66.0084 289.009 213.556
64.637 289.1 215.014
63.2642 289.169 216.472
61.8901 289.217 217.93
60.5151 289.243 219.388
59.1393 289.248 220.845
57.763 289.231 222.302
56.3864 289.191 223.758
55.0098 289.13 225.213
53.6334 289.047 226.667
52.2574 288.942 228.12
50.8821 288.816 229.572
49.5077 288.667 231.023
48.1345 288.496 232.472
46.7627 288.303 233.92
45.3925 288.088 235.367
44.0242 287.851 236.812
42.6581 287.592 238.255
41.2944 287.311 239.696
39.9333 287.007 241.135
38.575 286.682 242.573
37.2199 286.334 244.007
35.8682 285.965 245.44
34.5201 285.573 246.87
33.176 285.159 248.298
31.8359 284.723 249.722
30.5002 284.265 251.144
29.1692 283.785 252.564
27.8431 283.283 253.98
26.5221 282.759 255.393
25.2065 282.212 256.802
23.8966 281.644 258.208
22.5926 281.054 259.611
21.2948 280.442 261.01
20.0034 279.808 262.405
18.7187 279.153 263.796
17.4409 278.476 265.184
16.1703 277.777 266.567
14.9072 277.056 267.946
13.6518 276.314 269.32
12.4043 275.55 270.69
11.1651 274.765 272.055
9.93432 273.959 273.416
8.7123 273.131 274.771
7.49928 272.282 276.122
6.2955 271.412 277.467
5.10124 270.52 278.807
3.91673 269.608 280.142
2.74225 268.675 281.471
1.57803 267.722 282.794
0.424352 266.747 284.111
-0.718548 265.753 285.423
-1.85041 264.737 286.728
-2.97098 263.702 288.027
-4.08002 262.646 289.32
-5.17725 261.57 290.607
-6.26244 260.474 291.886
-7.33534 259.359 293.159
-8.39568 258.224 294.425
-9.44324 257.069 295.684
-10.4778 255.895 296.936
-11.499 254.701 298.181
-12.5067 253.489 299.418
-13.5006 252.258 300.648
-14.4805 251.008 301.87
-15.4461 249.739 303.084
-16.3973 248.452 304.29
-17.3337 247.147 305.489
-18.2551 245.824 306.679
-19.1613 244.483 307.86
-20.0521 243.124 309.034
-20.9272 241.748 310.198
-21.7864 240.355 311.354
-22.6294 238.944 312.501
-23.4561 237.517 313.639
-24.2662 236.073 314.768
-25.0596 234.612 315.888
-25.8358 233.136 316.998
-26.5949 231.643 318.099
-27.3365 230.135 319.191
-28.0604 228.611 320.272
-28.7664 227.072 321.344
-29.4544 225.518 322.406
-30.124 223.949 323.458
-30.7752 222.366 324.499
-31.4076 220.768 325.53
-32.0212 219.156 326.551
-32.6157 217.531 327.561
-33.1909 215.892 328.561
-33.7467 214.239 329.549
-34.2828 212.574 330.527
-34.799 210.897 331.494
-35.2953 209.206 332.449
-35.7714 207.504 333.394
-36.2272 205.79 334.327
-36.6624 204.065 335.248
-37.0769 202.328 336.158
-37.4706 200.58 337.056
-37.8433 198.822 337.943
-38.1949 197.054 338.817
-38.5251 195.275 339.68
-38.8339 193.487 340.531
-39.1211 191.69 341.369
-39.3866 189.884 342.195
-39.6302 188.069 343.009
-39.8519 186.245 343.811
-40.0514 184.414 344.6
-40.2287 182.575 345.376
-40.3837 180.729 346.139
-40.5162 178.875 346.89
-40.6262 177.015 347.628
-40.7135 175.149 348.353
-40.778 173.277 349.065
-40.8197 171.399 349.764
-40.8385 169.517 350.45
-40.8342 167.629 351.123
-40.8068 165.737 351.782
-40.7563 163.84 352.428
-40.6825 161.94 353.06
-40.5854 160.037 353.68
-40.465 158.13 354.285
-40.3211 156.221 354.877
-40.1538 154.31 355.456
-39.963 152.396 356.02
-39.7486 150.481 356.571
-39.5107 148.566 357.109
-39.2491 146.649 357.632
-38.964 144.732 358.142
-38.6552 142.815 358.637
-38.3227 140.898 359.119
-37.9666 138.983 359.587
-37.5869 137.068 360.041
-37.1835 135.155 360.481
-36.7565 133.244 360.907
-36.3058 131.335 361.319
-35.8316 129.429 361.717
-35.3337 127.526 362.101
-34.8124 125.627 362.471
-34.2675 123.732 362.827
-33.6992 121.841 363.168
-33.1075 119.954 363.496
-32.4924 118.073 363.81
-31.8541 116.197 364.109
-31.1925 114.327 364.395
-30.5078 112.463 364.667
-29.8 110.606 364.924
-29.0692 108.756 365.168
-28.3156 106.914 365.397
-27.5391 105.079 365.613
-26.7399 103.252 365.815
-25.9181 101.434 366.003
-25.0738 99.6251 366.177
-24.2072 97.8253 366.338
-23.3182 96.0353 366.484
-22.4072 94.2553 366.617
-21.4742 92.4857 366.736
-20.5193 90.7271 366.842
-19.5427 88.9796 366.934
-18.5445 87.2436 367.013
-17.5249 85.5196 367.078
-16.4841 83.8079 367.13
-15.4221 82.1089 367.168
-14.3393 80.4228 367.194
-13.2357 78.7501 367.206
-12.1115 77.0912 367.205
-10.9669 75.4463 367.191
-9.80207 73.8158 367.164
-8.61726 72.2 367.125
-7.41263 70.5994 367.072
-6.18839 69.0141 367.007
-4.94473 67.4447 366.93
-3.68188 65.8912 366.84
-2.40004 64.3542 366.737
-1.09944 62.8339 366.623
0.219705 61.3307 366.496
1.55716 59.8448 366.357
2.91271 58.3765 366.206
4.2861 56.9262 366.044
5.6771 55.4942 365.87
7.08546 54.0807 365.684
8.51094 52.686 365.487
9.95329 51.3105 365.278
11.4122 49.9543 365.058
12.8876 48.6178 364.828
14.379 47.3013 364.586
15.8862 46.005 364.333
17.409 44.7291 364.07
18.9471 43.474 363.796
20.5002 42.2398 363.512
22.068 41.0269 363.218
23.6503 39.8354 362.914
25.2468 38.6656 362.599
26.8571 37.5177 362.275
28.4811 36.3919 361.941
30.1184 35.2885 361.598
31.7687 34.2077 361.246
33.4317 33.1496 360.884
35.1072 32.1145 360.513
36.7948 31.1026 360.134
38.4942 30.114 359.746
40.2051 29.1489 359.349
41.9273 28.2076 358.944
43.6603 27.2902 358.531
45.404 26.3968 358.109
47.158 25.5276 357.68
48.922 24.6828 357.244
50.6956 23.8625 356.8
52.4786 23.0669 356.348
54.2707 22.2961 355.889
56.0715 21.5501 355.424
57.8807 20.8292 354.952
59.698 20.1335 354.473
61.5231 19.4631 353.987
63.3557 18.818 353.496
65.1954 18.1984 352.998
67.042 17.6044 352.495
68.895 17.0361 351.986
70.7543 16.4935 351.472
72.6195 15.9767 350.952
74.4902 15.4859 350.427
76.3661 15.021 349.897
78.247 14.5821 349.363
80.1325 14.1692 348.824
82.0222 13.7825 348.28
83.916 13.422 347.733
85.8134 13.0876 347.181
87.7141 12.7795 346.626
89.6179 12.4976 346.067
91.5243 12.2419 345.505
93.4332 12.0126 344.94
95.3442 11.8095 344.372
97.2569 11.6328 343.8
99.1711 11.4823 343.227
101.086 11.3581 342.651
103.003 11.2601 342.072
104.919 11.1884 341.492
106.836 11.1429 340.91
108.753 11.1235 340.326
110.67 11.1304 339.74
112.586 11.1633 339.154
114.501 11.2223 338.566
116.415 11.3073 337.978
118.327 11.4182 337.388
120.237 11.555 336.799
122.145 11.7177 336.209
124.051 11.9061 335.619
125.954 12.1202 335.028
127.855 12.3599 334.439
129.752 12.625 333.849
131.645 12.9156 333.26
133.535 13.2316 332.673
135.42 13.5727 332.086
137.301 13.939 331.5

2.00399 0.00680383 0.00331195
4.00786 0.0271365 0.0133426
6.01151 0.0608784 0.0302333
8.01482 0.107908 0.0541243
10.0177 0.168102 0.0851543
12.02 0.241335 0.123461
14.0216 0.327479 0.169181
16.0225 0.426407 0.22245
18.0224 0.537988 0.283401
20.0214 0.662088 0.352167
22.0193 0.798575 0.42888
24.016 0.947312 0.513669
26.0113 1.10816 0.606663
28.0053 1.28099 0.707991
29.9977 1.46564 0.817777
31.9886 1.66199 0.936147
33.9777 1.86989 1.06322
35.9651 2.08918 1.19913
37.9505 2.31973 1.34399
39.9339 2.56139 1.49791
41.9152 2.81401 1.66103
43.8943 3.07743 1.83344
45.8712 3.3515 2.01528
47.8456 3.63607 2.20665
49.8176 3.93099 2.40766
51.787 4.23609 2.61843
53.7537 4.55121 2.83906
55.7177 4.87621 3.06967
57.6788 5.21091 3.31035
59.637 5.55516 3.56122
61.5922 5.90879 3.82238
63.5443 6.27163 4.09393
65.4932 6.64353 4.37596
67.4388 7.02431 4.66859
69.3811 7.4138 4.9719
71.3199 7.81184 5.28599
73.2551 8.21826 5.61096
75.1868 8.63287 5.9469
77.1147 9.05552 6.2939
79.0389 9.48602 6.65204
80.9592 9.9242 7.02143
82.8756 10.3699 7.40213
84.7879 10.8229 7.79424
86.6962 11.2831 8.19785
88.6002 11.7502 8.61302
90.5 12.2241 9.03984
92.3955 12.7046 9.4784
94.2865 13.1916 9.92875
96.1731 13.6848 10.391
98.0551 14.184 10.8652
99.9325 14.6891 11.3514
101.805 15.1999 11.8497
103.673 15.7162 12.3601
105.536 16.2378 12.8828
107.394 16.7645 13.4178
109.247 17.2962 13.9651
111.095 17.8326 14.5248
112.938 18.3735 15.097
114.776 18.9188 15.6818
116.608 19.4683 16.2791
118.435 20.0217 16.889
120.256 20.5789 17.5116
122.072 21.1397 18.1469
123.883 21.7038 18.795
125.688 22.2712 19.456
127.487 22.8415 20.1298
129.28 23.4147 20.8165
131.067 23.9904 21.5161
132.849 24.5685 22.2287
134.625 25.1488 22.9544
136.394 25.7311 23.6931
138.158 26.3152 24.4448
139.915 26.9008 25.2097
141.666 27.4879 25.9877
143.411 28.0761 26.7788
145.149 28.6653 27.5831
146.881 29.2553 28.4006
148.606 29.8459 29.2314
150.325 30.4368 30.0753
152.038 31.0278 30.9325
153.743 31.6189 31.803
155.442 32.2096 32.6867
157.134 32.8 33.5836
158.819 33.3896 34.4939
160.497 33.9784 35.4174
162.169 34.566 36.3541
163.833 35.1524 37.3042
165.49 35.7373 38.2674
167.14 36.3205 39.244
168.783 36.9018 40.2338
170.418 37.4809 41.2368
172.046 38.0577 42.253
173.667 38.6319 43.2824
175.28 39.2034 44.325
176.886 39.772 45.3807
178.484 40.3373 46.4495
180.074 40.8993 47.5315
181.657 41.4577 48.6264
183.232 42.0122 49.7345
184.8 42.5628 50.8555
186.359 43.1091 51.9894
187.91 43.651 53.1363
189.454 44.1882 54.296
190.989 44.7206 55.4686
192.517 45.248 56.6539
194.036 45.77 57.852
195.547 46.2866 59.0627
197.05 46.7975 60.286
198.545 47.3025 61.5218
200.031 47.8013 62.7701
201.509 48.2939 64.0308
202.978 48.78 65.3039
204.439 49.2593 66.5893
205.891 49.7316 67.8868
207.335 50.1969 69.1964
208.77 50.6548 70.5181
210.196 51.1051 71.8517
211.614 51.5477 73.1972
213.023 51.9823 74.5545
214.423 52.4088 75.9235
215.814 52.8269 77.304
217.196 53.2365 78.696
218.57 53.6372 80.0995
219.934 54.0291 81.5142
221.289 54.4117 82.94
222.635 54.785 84.377
223.972 55.1488 85.8249
225.3 55.5028 87.2836
226.618 55.8468 88.7531
227.927 56.1807 90.2331
229.227 56.5043 91.7236
230.518 56.8174 93.2245
231.799 57.1197 94.7356
233.071 57.4112 96.2567
234.333 57.6916 97.7878
235.585 57.9607 99.3287
236.829 58.2183 100.879
238.062 58.4643 102.439
239.286 58.6985 104.009
240.5 58.9207 105.587
241.705 59.1307 107.175
242.9 59.3284 108.772
244.085 59.5135 110.377
245.261 59.686 111.991
246.426 59.8456 113.613
247.582 59.9921 115.244
248.728 60.1254 116.883
249.864 60.2454 118.529
250.99 60.3518 120.183
252.106 60.4446 121.845
253.212 60.5235 123.514
254.308 60.5884 125.191
255.395 60.6391 126.874
256.471 60.6756 128.564
257.537 60.6975 130.261
258.593 60.7049 131.964
259.639 60.6975 133.673
260.675 60.6752 135.389
261.701 60.6379 137.11
262.717 60.5854 138.836
263.722 60.5176 140.568
264.718 60.4344 142.306
265.703 60.3356 144.048
266.678 60.2211 145.795
267.643 60.0908 147.547
268.598 59.9446 149.302
269.543 59.7823 151.062
270.477 59.6038 152.826
271.402 59.4091 154.593
272.316 59.198 156.364
273.22 58.9704 158.138
274.114 58.7262 159.915
274.997 58.4653 161.695
275.871 58.1877 163.477
276.734 57.8931 165.261
277.587 57.5816 167.048
278.431 57.253 168.836
279.264 56.9073 170.625
280.086 56.5444 172.416
280.899 56.1642 174.208
281.702 55.7666 176
282.495 55.3516 177.794
283.277 54.9191 179.587
284.05 54.4691 181.38
284.813 54.0014 183.174
285.566 53.5161 184.966
286.309 53.013 186.758
287.041 52.4922 188.549
287.765 51.9535 190.339
288.478 51.3971 192.127
289.181 50.8227 193.914
289.875 50.2304 195.698
290.559 49.6202 197.48
291.233 48.992 199.26
291.898 48.3458 201.036
292.553 47.6816 202.81
293.198 46.9995 204.58
293.834 46.2992 206.347
294.461 45.581 208.11
295.078 44.8447 209.869
295.686 44.0904 211.623
296.284 43.3181 213.373
296.873 42.5277 215.117
297.453 41.7194 216.857
298.024 40.8931 218.591
298.586 40.0489 220.32
299.139 39.1867 222.042
299.682 38.3066 223.759
300.217 37.4087 225.468
300.743 36.493 227.172
301.261 35.5595 228.868
301.769 34.6082 230.557
302.269 33.6393 232.238
302.761 32.6527 233.912
303.244 31.6486 235.577
303.718 30.627 237.235
304.185 29.5879 238.884
304.643 28.5315 240.524
305.093 27.4578 242.155
305.535 26.3668 243.777
305.969 25.2588 245.389
306.395 24.1336 246.992
306.813 22.9915 248.585
307.224 21.8326 250.167
307.627 20.6568 251.739
308.022 19.4644 253.3
308.411 18.2554 254.851
308.791 17.03 256.39
309.165 15.7881 257.918
309.531 14.5301 259.434
309.891 13.2559 260.939
310.243 11.9657 262.431
310.589 10.6596 263.911
310.928 9.33779 265.379
311.26 8.00033 266.834
311.586 6.64738 268.276
311.906 5.27908 269.704
312.219 3.89555 271.12
312.526 2.49696 272.522
312.827 1.08343 273.91
313.122 -0.344874 275.285
313.411 -1.78781 276.645
313.695 -3.24522 277.991
313.973 -4.71694 279.322
314.245 -6.20283 280.639
314.513 -7.70271 281.941
314.775 -9.21642 283.228
315.032 -10.7438 284.499
315.284 -12.2847 285.756
315.531 -13.8388 286.996
315.773 -15.4062 288.221
316.011 -16.9865 289.431
316.245 -18.5796 290.624
316.474 -20.1853 291.801
316.698 -21.8034 292.961
316.919 -23.4338 294.106
317.136 -25.0762 295.233
317.349 -26.7305 296.344
317.559 -28.3964 297.438
317.765 -30.0739 298.515
317.967 -31.7626 299.575
318.166 -33.4624 300.617
318.362 -35.1731 301.642
318.555 -36.8945 302.65
318.746 -38.6264 303.64
318.933 -40.3686 304.613
319.118 -42.1209 305.567
319.301 -43.8831 306.504
319.481 -45.6549 307.423
319.659 -47.4362 308.324
319.835 -49.2268 309.206
320.009 -51.0264 310.07
320.182 -52.8349 310.916
320.352 -54.652 311.744
320.522 -56.4776 312.553
320.69 -58.3113 313.344
320.857 -60.1531 314.116
321.022 -62.0027 314.869
321.187 -63.8598 315.604
321.352 -65.7244 316.32
321.515 -67.596 317.017
321.678 -69.4746 317.695
321.841 -71.36 318.355
322.003 -73.2519 318.996
322.166 -75.15 319.617
322.329 -77.0543 320.22
322.491 -78.9644 320.804
322.655 -80.8802 321.369
322.818 -82.8014 321.915
322.983 -84.7279 322.442
323.148 -86.6594 322.95
323.314 -88.5957 323.439
323.481 -90.5366 323.909
323.649 -92.482 324.36
323.819 -94.4314 324.792
323.99 -96.3849 325.205
324.163 -98.3421 325.599
324.338 -100.303 325.975
324.514 -102.267 326.331
324.693 -104.234 326.669
324.874 -106.204 326.988
325.057 -108.177 327.288
325.242 -110.153 327.569
325.431 -112.131 327.832
325.621 -114.111 328.076
325.815 -116.092 328.301
326.012 -118.076 328.508
326.211 -120.061 328.697
326.414 -122.047 328.867
326.621 -124.035 329.019
326.831 -126.023 329.153
327.044 -128.013 329.268
327.262 -130.003 329.365
327.483 -131.993 329.445
327.708 -133.983 329.506
327.938 -135.973 329.55
328.171 -137.964 329.575
328.409 -139.953 329.584
328.652 -141.943 329.574
328.899 -143.931 329.547
329.151 -145.919 329.503
329.408 -147.905 329.441
329.67 -149.891 329.363
329.937 -151.874 329.267
330.209 -153.857 329.154
330.487 -155.837 329.025
330.77 -157.816 328.879
331.058 -159.792 328.716
331.353 -161.766 328.537
331.653 -163.738 328.342
331.959 -165.707 328.13
332.271 -167.673 327.902
332.59 -169.637 327.658
332.914 -171.597 327.399
333.245 -173.555 327.124
333.583 -175.508 326.833
333.927 -177.459 326.527
334.277 -179.406 326.206
334.635 -181.348 325.87
334.999 -183.288 325.518
335.371 -185.222 325.152
335.749 -187.153 324.772
336.135 -189.08 324.376
336.528 -191.002 323.967
336.928 -192.919 323.543
337.336 -194.832 323.106
337.752 -196.739 322.654
338.175 -198.642 322.189
338.606 -200.54 321.71
339.045 -202.432 321.218
339.491 -204.319 320.713
339.946 -206.201 320.195
340.409 -208.077 319.664
340.88 -209.948 319.12
341.359 -211.812 318.564
341.847 -213.671 317.996
342.344 -215.524 317.415
342.848 -217.37 316.823
343.362 -219.211 316.218
343.884 -221.045 315.603
344.415 -222.873 314.975
344.955 -224.694 314.337
345.503 -226.509 313.687
346.061 -228.317 313.027
346.628 -230.118 312.356
347.204 -231.912 311.674
347.789 -233.7 310.983
348.383 -235.48 310.281
348.987 -237.254 309.569
349.601 -239.02 308.847
350.223 -240.779 308.116
350.856 -242.53 307.376
351.498 -244.275 306.627
352.149 -246.011 305.868
352.811 -247.741 305.101
353.482 -249.462 304.326
354.163 -251.176 303.542
354.854 -252.882 302.75
355.555 -254.581 301.95
356.266 -256.271 301.142
356.987 -257.954 300.327
357.718 -259.629 299.504
358.46 -261.296 298.674
359.211 -262.954 297.838
359.973 -264.605 296.995
360.745 -266.247 296.145
361.528 -267.881 295.288
362.321 -269.507 294.426
363.124 -271.125 293.558
363.938 -272.734 292.684
364.763 -274.335 291.805
365.598 -275.928 290.92
366.443 -277.512 290.031
367.3 -279.088 289.136
368.167 -280.655 288.237
369.044 -282.213 287.333
369.933 -283.763 286.425
370.832 -285.305 285.514
371.742 -286.837 284.598
372.663 -288.362 283.678
373.594 -289.877 282.756
374.537 -291.384 281.83
375.49 -292.882 280.901
376.454 -294.371 279.969
377.43 -295.852 279.035
378.416 -297.324 278.099
379.413 -298.787 277.16
380.421 -300.241 276.22
381.44 -301.687 275.277
382.47 -303.124 274.334
383.512 -304.551 273.388
384.564 -305.971 272.442
385.627 -307.381 271.495
386.701 -308.782 270.548
387.787 -310.175 269.6
388.883 -311.559 268.651
389.99 -312.934 267.703
391.109 -314.3 266.755
392.238 -315.657 265.807
393.379 -317.006 264.86
394.53 -318.345 263.914
395.693 -319.676 262.969
396.866 -320.998 262.025
398.051 -322.311 261.083
399.246 -323.616 260.142
400.453 -324.912 259.203
401.67 -326.199 258.267
402.899 -327.477 257.332
404.138 -328.746 256.4
405.389 -330.007 255.471
406.65 -331.259 254.545
407.922 -332.503 253.622
409.205 -333.737 252.702
410.498 -334.963 251.786
411.803 -336.181 250.874
413.118 -337.39 249.966
414.444 -338.59 249.062
415.78 -339.782 248.162
417.127 -340.965 247.267
418.485 -342.14 246.377
419.854 -343.306 245.492
421.232 -344.464 244.612
422.622 -345.614 243.737
424.021 -346.755 242.869
425.431 -347.887 242.006
426.852 -349.012 241.149
428.283 -350.128 240.298
429.723 -351.236 239.454
431.175 -352.336 238.617
432.636 -353.427 237.787
434.107 -354.51 236.963
435.588 -355.586 236.147
437.079 -356.653 235.339
438.58 -357.712 234.538
440.091 -358.763 233.745
441.611 -359.807 232.96
443.141 -360.842 232.183
444.681 -361.869 231.415
446.23 -362.889 230.656
447.788 -363.901 229.905
449.356 -364.905 229.164
450.933 -365.902 228.432
452.519 -366.891 227.709
454.114 -367.872 226.996
455.718 -368.846 226.293
457.331 -369.813 225.6
458.953 -370.772 224.917
460.584 -371.723 224.245
462.223 -372.667 223.583
463.87 -373.604 222.932
465.526 -374.534 222.292
467.19 -375.457 221.663
468.863 -376.372 221.046
470.543 -377.281 220.44
472.231 -378.182 219.846
473.927 -379.077 219.264
475.631 -379.964 218.693
477.343 -380.845 218.135
479.061 -381.719 217.59
480.788 -382.587 217.057
482.521 -383.447 216.537
484.261 -384.302 216.03
486.009 -385.149 215.536
487.763 -385.99 215.055
489.524 -386.825 214.588
491.292 -387.654 214.134
493.065 -388.476 213.695
494.845 -389.292 213.269
496.632 -390.102 212.857
498.424 -390.906 212.459
500.222 -391.704 212.076
502.025 -392.495 211.708
503.835 -393.282 211.354
505.649 -394.062 211.015
507.469 -394.836 210.691
509.293 -395.605 210.383
511.123 -396.369 210.089
512.957 -397.127 209.811
514.796 -397.879 209.549
516.639 -398.626 209.303

2.00398 -0.00857361 0.00406448
4.00778 -0.0343959 0.0162346
6.01121 -0.0776173 0.0364736
8.01409 -0.138386 0.0647427
10.0162 -0.216846 0.101001
12.0174 -0.313142 0.145204
14.0175 -0.427412 0.197306
16.0162 -0.559794 0.25726
18.0134 -0.710421 0.325015
20.0088 -0.879425 0.400518
22.0023 -1.06693 0.483714
23.9936 -1.27307 0.574545
25.9825 -1.49796 0.672951
27.9688 -1.74171 0.778871
29.9523 -2.00445 0.892239
31.9327 -2.28628 1.01299
33.9098 -2.58731 1.14105
35.8834 -2.90764 1.27635
37.8532 -3.24738 1.41882
39.8191 -3.60661 1.56838
41.7807 -3.98543 1.72494
43.7379 -4.38393 1.88844
45.6903 -4.80218 2.05878
47.6378 -5.24028 2.23587
49.5801 -5.69828 2.41964
51.5169 -6.17627 2.60999
53.448 -6.67431 2.80682
55.3732 -7.19245 3.01004
57.2921 -7.73076 3.21955
59.2046 -8.28928 3.43526
61.1103 -8.86807 3.65705
63.0091 -9.46716 3.88482
64.9006 -10.0866 4.11847
66.7845 -10.7264 4.35789
68.6607 -11.3866 4.60296
70.5289 -12.0672 4.85357
72.3887 -12.7683 5.1096
74.24 -13.4898 5.37094
76.0824 -14.2317 5.63746
77.9157 -14.9942 5.90905
79.7396 -15.777 6.18557
81.5538 -16.5803 6.4669
83.3582 -17.4041 6.75292
85.1523 -18.2482 7.04348
86.936 -19.1127 7.33847
88.709 -19.9976 7.63773
90.471 -20.9027 7.94115
92.2218 -21.8282 8.24857
93.961 -22.7738 8.55986
95.6884 -23.7396 8.87488
97.4038 -24.7255 9.19348
99.1068 -25.7314 9.51552
100.797 -26.7573 9.84084
102.475 -27.8031 10.1693
104.139 -28.8687 10.5008
105.791 -29.954 10.8351
107.428 -31.0589 11.1721
109.052 -32.1833 11.5116
110.661 -33.3272 11.8535
112.257 -34.4903 12.1976
113.837 -35.6726 12.5438
115.403 -36.8741 12.892
116.954 -38.0944 13.2418
118.489 -39.3336 13.5932
120.008 -40.5914 13.9461
121.512 -41.8677 14.3002
123 -43.1625 14.6555
124.472 -44.4754 15.0116
125.927 -45.8065 15.3686
127.365 -47.1554 15.7261
128.786 -48.522 16.0841
130.19 -49.9063 16.4423
131.577 -51.3078 16.8007
132.946 -52.7266 17.159
134.298 -54.1624 17.5171
135.631 -55.6151 17.8748
136.946 -57.0843 18.2319
138.243 -58.5699 18.5883
139.521 -60.0718 18.9438
140.781 -61.5897 19.2983
142.021 -63.1233 19.6515
143.243 -64.6725 20.0033
144.445 -66.2371 20.3536
145.628 -67.8167 20.7021
146.791 -69.4113 21.0487
147.935 -71.0205 21.3933
149.059 -72.6441 21.7357
150.162 -74.2819 22.0756
151.246 -75.9336 22.4131
152.309 -77.599 22.7478
153.352 -79.2779 23.0796
154.374 -80.9699 23.4084
155.376 -82.6748 23.734
156.356 -84.3924 24.0563
157.316 -86.1224 24.3751
158.255 -87.8646 24.6902
159.173 -89.6186 25.0014
160.07 -91.3842 25.3088
160.946 -93.1612 25.6119
161.8 -94.9492 25.9109
162.632 -96.748 26.2053
163.444 -98.5573 26.4953
164.234 -100.377 26.7805
165.002 -102.206 27.0608
165.749 -104.046 27.3361
166.474 -105.894 27.6063
167.177 -107.752 27.8712
167.858 -109.619 28.1307
168.518 -111.494 28.3847
169.156 -113.377 28.6329
169.773 -115.269 28.8753
170.367 -117.168 29.1118
170.94 -119.074 29.3422
171.491 -120.988 29.5664
172.02 -122.908 29.7843
172.527 -124.836 29.9957
173.013 -126.769 30.2005
173.476 -128.709 30.3987
173.919 -130.654 30.5901
174.339 -132.604 30.7746
174.738 -134.56 30.952
175.115 -136.521 31.1224
175.471 -138.487 31.2855
175.805 -140.456 31.4412
176.118 -142.43 31.5896
176.41 -144.408 31.7304
176.68 -146.389 31.8636
176.929 -148.374 31.989
177.157 -150.361 32.1067
177.364 -152.351 32.2165
177.55 -154.344 32.3182
177.715 -156.339 32.412
177.859 -158.336 32.4976
177.983 -160.335 32.5749
178.086 -162.335 32.644
178.169 -164.336 32.7047
178.232 -166.339 32.7569
178.274 -168.342 32.8007
178.296 -170.345 32.8359
178.299 -172.349 32.8624
178.281 -174.353 32.8803
178.244 -176.356 32.8894
178.188 -178.36 32.8897
178.111 -180.362 32.8811
178.016 -182.364 32.8636
177.902 -184.364 32.8372
177.769 -186.364 32.8018
177.617 -188.361 32.7573
177.446 -190.357 32.7037
177.257 -192.351 32.641
177.049 -194.343 32.5692
176.824 -196.333 32.4882
176.58 -198.32 32.3979
176.319 -200.305 32.2984
176.04 -202.286 32.1896
175.743 -204.264 32.0715
175.43 -206.24 31.9441
175.099 -208.211 31.8074
174.751 -210.18 31.6613
174.387 -212.144 31.5058
174.006 -214.105 31.341
173.608 -216.061 31.1667
173.195 -218.013 30.983
172.766 -219.961 30.79
172.32 -221.905 30.5875
171.86 -223.843 30.3756
171.383 -225.777 30.1543
170.892 -227.706 29.9235
170.385 -229.63 29.6834
169.864 -231.549 29.4338
169.328 -233.463 29.1749
168.778 -235.371 28.9065
168.214 -237.274 28.6288
167.635 -239.171 28.3417
167.043 -241.062 28.0453
166.437 -242.948 27.7395
165.818 -244.828 27.4245
165.185 -246.701 27.1001
164.54 -248.569 26.7664
163.881 -250.43 26.4235
163.21 -252.286 26.0714
162.527 -254.134 25.7101
161.831 -255.977 25.3396
161.124 -257.813 24.96
160.404 -259.643 24.5712
159.673 -261.466 24.1734
158.931 -263.282 23.7665
158.177 -265.092 23.3506
157.412 -266.895 22.9258
156.637 -268.691 22.492
155.851 -270.48 22.0493
155.054 -272.263 21.5978
154.248 -274.039 21.1374
153.431 -275.808 20.6683
152.604 -277.57 20.1904
151.768 -279.325 19.7039
150.922 -281.073 19.2087
150.067 -282.814 18.705
149.203 -284.548 18.1927
148.33 -286.275 17.6719
147.449 -287.995 17.1426
146.559 -289.708 16.605
145.66 -291.414 16.059
144.754 -293.113 15.5048
143.839 -294.805 14.9423
142.917 -296.491 14.3717
141.987 -298.169 13.7929
141.05 -299.84 13.2061
140.105 -301.504 12.6112
139.154 -303.162 12.0084
138.195 -304.812 11.3978
137.23 -306.456 10.7793
136.258 -308.093 10.153
135.28 -309.723 9.51906
134.296 -311.347 8.87746
133.306 -312.964 8.22828
132.31 -314.574 7.57158
131.308 -316.177 6.90744
130.3 -317.774 6.23591
129.288 -319.365 5.55707
128.27 -320.949 4.87097
127.247 -322.526 4.17769
126.219 -324.097 3.47728
125.186 -325.662 2.76983
124.149 -327.221 2.0554
123.107 -328.774 1.33406
122.061 -330.32 0.605879
121.011 -331.861 -0.129074
119.956 -333.395 -0.870727
118.898 -334.924 -1.61901
117.836 -336.446 -2.37385
116.771 -337.963 -3.13517
115.702 -339.475 -3.9029
114.63 -340.981 -4.67696
113.555 -342.481 -5.45729
112.476 -343.976 -6.24381
111.395 -345.465 -7.03644
110.311 -346.949 -7.83511
109.224 -348.429 -8.63974
108.135 -349.903 -9.45025
107.044 -351.372 -10.2666
105.95 -352.836 -11.0886
104.854 -354.295 -11.9163
103.756 -355.75 -12.7496
102.656 -357.2 -13.5884
101.554 -358.645 -14.4326
100.45 -360.086 -15.2821
99.3453 -361.523 -16.1369
98.2388 -362.956 -16.9968
97.131 -364.384 -17.8619
96.0219 -365.808 -18.7319
94.9116 -367.229 -19.6069
93.8004 -368.646 -20.4868
92.6882 -370.059 -21.3714
91.5751 -371.468 -22.2607
90.4614 -372.874 -23.1545
89.347 -374.276 -24.0529
88.2321 -375.676 -24.9557
87.1167 -377.072 -25.8629
86.001 -378.465 -26.7743
84.8851 -379.855 -27.6899
83.769 -381.242 -28.6096
82.6528 -382.627 -29.5333
81.5366 -384.009 -30.4608
80.4206 -385.388 -31.3922
79.3047 -386.765 -32.3273
78.1891 -388.14 -33.2661
77.0738 -389.513 -34.2084
75.959 -390.884 -35.1542
74.8447 -392.252 -36.1033
73.731 -393.619 -37.0557
72.618 -394.985 -38.0113
71.5057 -396.348 -38.97
70.3942 -397.711 -39.9317
69.2836 -399.072 -40.8962
68.174 -400.431 -41.8636
67.0654 -401.79 -42.8337
65.9579 -403.148 -43.8064
64.8516 -404.505 -44.7816
63.7465 -405.861 -45.7593
62.6427 -407.216 -46.7392
61.5403 -408.571 -47.7214
60.4393 -409.926 -48.7057
59.3398 -411.28 -49.692
58.2418 -412.634 -50.6803
57.1455 -413.989 -51.6703
56.0508 -415.343 -52.6621
54.9579 -416.697 -53.6555
53.8667 -418.052 -54.6504
52.7774 -419.408 -55.6467
51.6899 -420.763 -56.6443
50.6044 -422.12 -57.6431
49.5209 -423.477 -58.643
48.4395 -424.835 -59.6438
47.3602 -426.195 -60.6455
46.283 -427.555 -61.648
45.208 -428.917 -62.6511
44.1352 -430.28 -63.6547
43.0648 -431.645 -64.6588
41.9966 -433.011 -65.6631
40.9309 -434.379 -66.6677
39.8676 -435.748 -67.6723
38.8067 -437.12 -68.6769
37.7484 -438.494 -69.6813
36.6926 -439.87 -70.6854
35.6394 -441.248 -71.6892
34.5889 -442.628 -72.6924
33.541 -444.011 -73.695
32.4959 -445.397 -74.6968
31.4535 -446.785 -75.6978
30.4138 -448.177 -76.6977
29.3771 -449.571 -77.6965
28.3431 -450.968 -78.6941
27.3121 -452.368 -79.6902
26.284 -453.771 -80.6848
25.2588 -455.178 -81.6778
24.2367 -456.589 -82.669
23.2176 -458.002 -83.6583
22.2015 -459.42 -84.6455
21.1886 -460.841 -85.6306
20.1787 -462.266 -86.6134
19.1721 -463.695 -87.5937
18.1686 -465.128 -88.5714
17.1683 -466.565 -89.5464
16.1712 -468.006 -90.5185
15.1775 -469.451 -91.4876
14.187 -470.901 -92.4535
13.1999 -472.355 -93.4162
12.2161 -473.814 -94.3754
11.2356 -475.277 -95.331
10.2586 -476.746 -96.2829
9.28504 -478.218 -97.2309
8.3149 -479.696 -98.1749
7.34824 -481.179 -99.1147
6.38509 -482.667 -100.05
5.42545 -484.159 -100.981
4.46937 -485.657 -101.908
3.51686 -487.161 -102.829
2.56793 -488.669 -103.746
1.62263 -490.183 -104.657
0.680954 -491.702 -105.563
-0.257061 -493.227 -106.464
-1.1914 -494.757 -107.359
-2.12204 -496.293 -108.249
-3.04896 -497.834 -109.132
-3.97214 -499.382 -110.01
-4.89156 -500.935 -110.881
-5.80721 -502.493 -111.746
-6.71906 -504.058 -112.604
-7.6271 -505.628 -113.455
-8.5313 -507.205 -114.3
-9.43166 -508.787 -115.137
-10.3281 -510.376 -115.968
-11.2208 -511.97 -116.79
-12.1095 -513.571 -117.605
-12.9942 -515.177 -118.413
-13.8751 -516.79 -119.212
-14.752 -518.409 -120.003
-15.6249 -520.034 -120.786
-16.4939 -521.666 -121.561
-17.3588 -523.303 -122.327
-18.2198 -524.947 -123.083
-19.0767 -526.597 -123.831
-19.9295 -528.253 -124.57
-20.7783 -529.916 -125.299
-21.6231 -531.584 -126.019
-22.4637 -533.259 -126.729
-23.3003 -534.94 -127.429
-24.1328 -536.628 -128.119
-24.9611 -538.321 -128.798
-25.7853 -540.021 -129.467
-26.6053 -541.727 -130.125
-27.4212 -543.439 -130.773
-28.2329 -545.157 -131.409
-29.0404 -546.882 -132.034
-29.8437 -548.612 -132.648
-30.6428 -550.348 -133.25
-31.4377 -552.091 -133.84
-32.2284 -553.839 -134.418
-33.0148 -555.593 -134.984
-33.797 -557.353 -135.538
-34.5749 -559.119 -136.079
-35.3486 -560.891 -136.607
-36.1179 -562.668 -137.122
-36.883 -564.451 -137.624
-37.6438 -566.239 -138.113
-38.4003 -568.033 -138.588
-39.1525 -569.832 -139.05
-39.9003 -571.637 -139.497
-40.6438 -573.447 -139.931
-41.383 -575.262 -140.35
-42.1179 -577.082 -140.755
-42.8484 -578.906 -141.145
-43.5745 -580.736 -141.52
-44.2963 -582.571 -141.88
-45.0137 -584.41 -142.226
-45.7267 -586.253 -142.555
-46.4354 -588.101 -142.869
-47.1397 -589.954 -143.168
-47.8396 -591.81 -143.45
-48.5351 -593.671 -143.717
-49.2262 -595.535 -143.967
-49.9129 -597.403 -144.201
-50.5952 -599.275 -144.418
-51.2731 -601.15 -144.618
-51.9467 -603.028 -144.802
-52.6158 -604.91 -144.968
-53.2805 -606.795 -145.117
-53.9408 -608.682 -145.248
-54.5967 -610.572 -145.362
-55.2482 -612.465 -145.458
-55.8953 -614.36 -145.537
-56.538 -616.257 -145.597
-57.1763 -618.156 -145.639
-57.8102 -620.057 -145.662
-58.4398 -621.96 -145.667
-59.0649 -623.864 -145.654
-59.6856 -625.769 -145.621
-60.302 -627.675 -145.57
-60.914 -629.582 -145.5
-61.5216 -631.49 -145.41
-62.1248 -633.398 -145.301
-62.7237 -635.306 -145.173
-63.3183 -637.214 -145.025
-63.9085 -639.122 -144.857
-64.4944 -641.029 -144.669
-65.0759 -642.935 -144.462
-65.6532 -644.841 -144.234
-66.2261 -646.745 -143.987
-66.7948 -648.648 -143.719
-67.3591 -650.549 -143.431
-67.9192 -652.449 -143.122
-68.4751 -654.346 -142.793
-69.0267 -656.24 -142.443
-69.5741 -658.132 -142.073
-70.1173 -660.021 -141.682
-70.6563 -661.907 -141.27
-71.1911 -663.789 -140.837
-71.7217 -665.667 -140.383
-72.2483 -667.542 -139.909
-72.7707 -669.412 -139.413
-73.289 -671.277 -138.896
-73.8032 -673.138 -138.358
-74.3133 -674.994 -137.799
-74.8195 -676.844 -137.219
-75.3216 -678.688 -136.618
-75.8197 -680.527 -135.995
-76.3138 -682.359 -135.351
-76.8041 -684.185 -134.686
-77.2904 -686.004 -133.999
-77.7728 -687.815 -133.292
-78.2513 -689.62 -132.563
-78.7261 -691.416 -131.812
-79.197 -693.205 -131.041
-79.6641 -694.985 -130.248
-80.1275 -696.757 -129.435
-80.5872 -698.52 -128.6
-81.0433 -700.274 -127.744
-81.4957 -702.018 -126.867
-81.9444 -703.752 -125.969
-82.3896 -705.477 -125.05
-82.8313 -707.191 -124.111
-83.2695 -708.894 -123.15
-83.7042 -710.587 -122.169
-84.1355 -712.268 -121.167
-84.5634 -713.938 -120.145
-84.9879 -715.595 -119.102
-85.4092 -717.241 -118.039
-85.8271 -718.875 -116.956
-86.2419 -720.495 -115.853
-86.6535 -722.103 -114.729
-87.0619 -723.697 -113.586
-87.4673 -725.278 -112.423
-87.8696 -726.845 -111.24
-88.2689 -728.398 -110.038
-88.6653 -729.937 -108.817
-89.0587 -731.46 -107.576
-89.4494 -732.969 -106.317
-89.8372 -734.463 -105.038
-90.2222 -735.941 -103.741
-90.6046 -737.404 -102.426
-90.9843 -738.851 -101.092
-91.3613 -740.281 -99.7397
-91.7359 -741.695 -98.3697
-92.1079 -743.092 -96.982
-92.4775 -744.472 -95.5766
-92.8448 -745.834 -94.154
-93.2097 -747.18 -92.7142
-93.5723 -748.507 -91.2574
-93.9327 -749.817 -89.784
-94.2909 -751.108 -88.294
-94.647 -752.381 -86.7878
-95.0011 -753.636 -85.2656
-95.3532 -754.871 -83.7276
-95.7034 -756.088 -82.174
-96.0517 -757.285 -80.6052
-96.3982 -758.463 -79.0212
-96.7429 -759.621 -77.4225
-97.086 -760.759 -75.8092
-97.4274 -761.877 -74.1817

2.00394 -0.0131186 0.00459531
4.0075 -0.0525983 0.0183006
6.01027 -0.118619 0.040992
8.01187 -0.211355 0.0725416
10.0119 -0.33097 0.112818
12.0099 -0.477622 0.161685
14.0055 -0.651459 0.219003
15.9983 -0.852624 0.284629
17.9878 -1.08125 0.358416
19.9737 -1.33745 0.440211
21.9555 -1.62136 0.529861
23.9327 -1.93306 0.627206
25.9049 -2.27267 0.732084
27.8717 -2.64026 0.844327
29.8326 -3.03591 0.963767
31.7872 -3.45969 1.09023
33.735 -3.91166 1.22353
35.6755 -4.39187 1.3635
37.6084 -4.90035 1.50995
39.5331 -5.43712 1.66269
41.4492 -6.00221 1.82152
43.3562 -6.59562 1.98626
45.2537 -7.21735 2.15671
47.1411 -7.86737 2.33265
49.0181 -8.54567 2.5139
50.8841 -9.2522 2.70024
52.7387 -9.98692 2.89145
54.5815 -10.7498 3.08734
56.4119 -11.5406 3.28767
58.2295 -12.3595 3.49223
60.0338 -13.2062 3.7008
61.8243 -14.0807 3.91316
63.6007 -14.9829 4.12907
65.3624 -15.9126 4.34831
67.109 -16.8696 4.57064
68.84 -17.8539 4.79583
70.555 -18.8653 5.02365
72.2535 -19.9035 5.25386
73.9351 -20.9685 5.48621
75.5994 -22.0599 5.72048
77.2459 -23.1777 5.9564
78.8742 -24.3216 6.19375
80.4838 -25.4913 6.43227
82.0743 -26.6866 6.67172
83.6454 -27.9072 6.91185
85.1966 -29.153 7.15241
86.7275 -30.4236 7.39315
88.2377 -31.7187 7.63383
89.7268 -33.0381 7.87419
91.1944 -34.3814 8.11398
92.6402 -35.7483 8.35295
94.0638 -37.1386 8.59085
95.4649 -38.5517 8.82743
96.843 -39.9876 9.06244
98.1978 -41.4456 9.29562
99.529 -42.9256 9.52674
100.836 -44.4272 9.75553
102.119 -45.9498 9.98176
103.378 -47.4933 10.2052
104.612 -49.0571 10.4255
105.82 -50.6409 10.6426
107.003 -52.2443 10.856
108.16 -53.8668 11.0657
109.292 -55.508 11.2714
110.397 -57.1675 11.4728
111.476 -58.8448 11.6696
112.528 -60.5396 11.8618
113.553 -62.2513 12.0489
114.551 -63.9795 12.2309
115.522 -65.7237 12.4074
116.465 -67.4836 12.5782
117.381 -69.2585 12.7431
118.269 -71.048 12.902
119.129 -72.8517 13.0545
119.96 -74.6691 13.2005
120.764 -76.4997 13.3397
121.539 -78.3429 13.472
122.286 -80.1984 13.597
123.004 -82.0656 13.7148
123.693 -83.944 13.8249
124.354 -85.8331 13.9273
124.986 -87.7325 14.0218
125.589 -89.6416 14.1081
126.164 -91.5599 14.1861
126.709 -93.487 14.2556
127.226 -95.4223 14.3163
127.713 -97.3654 14.3683
128.172 -99.3156 14.4112
128.602 -101.273 14.4449
129.003 -103.236 14.4693
129.375 -105.205 14.4842
129.719 -107.179 14.4894
130.034 -109.158 14.4848
130.32 -111.142 14.4703
130.578 -113.129 14.4457
130.807 -115.12 14.4108
131.008 -117.113 14.3657
131.181 -119.109 14.31
131.325 -121.106 14.2437
131.442 -123.105 14.1667
131.531 -125.106 14.0789
131.592 -127.106 13.9801
131.625 -129.107 13.8703
131.631 -131.107 13.7494
131.61 -133.107 13.6172
131.562 -135.105 13.4736
131.488 -137.102 13.3187
131.386 -139.096 13.1522
131.259 -141.088 12.9742
131.105 -143.077 12.7845
130.925 -145.063 12.5831
130.719 -147.045 12.3698
130.488 -149.023 12.1448
130.232 -150.996 11.9078
129.95 -152.964 11.6588
129.644 -154.928 11.3978
129.313 -156.885 11.1248
128.959 -158.837 10.8396
128.58 -160.782 10.5423
128.177 -162.721 10.2328
127.751 -164.652 9.91115
127.302 -166.577 9.57723
126.831 -168.493 9.23104
126.336 -170.402 8.87257
125.82 -172.302 8.5018
125.281 -174.194 8.11873
124.721 -176.077 7.72333
124.14 -177.951 7.31561
123.537 -179.816 6.89555
122.914 -181.671 6.46317
122.271 -183.516 6.01846
121.608 -185.351 5.56143
120.924 -187.175 5.09209
120.222 -188.989 4.61045
119.5 -190.792 4.11652
118.76 -192.585 3.61033
118.001 -194.365 3.09189
117.224 -196.135 2.56122
116.429 -197.893 2.01836
115.617 -199.639 1.46332
114.788 -201.373 0.896149
113.942 -203.094 0.316865
113.08 -204.804 -0.274493
112.201 -206.501 -0.877889
111.307 -208.186 -1.49328
110.397 -209.858 -2.12063
109.473 -211.516 -2.7599
108.533 -213.162 -3.41103
107.579 -214.795 -4.07399
106.611 -216.415 -4.74873
105.629 -218.022 -5.43519
104.634 -219.615 -6.13332
103.626 -221.194 -6.84307
102.604 -222.761 -7.56439
101.571 -224.313 -8.29722
100.525 -225.852 -9.04151
99.467 -227.377 -9.79718
98.3978 -228.889 -10.5642
97.3173 -230.386 -11.3425
96.226 -231.87 -12.132
95.1241 -233.34 -12.9326
94.0119 -234.796 -13.7444
92.8898 -236.238 -14.5671
91.758 -237.667 -15.4008
90.6168 -239.081 -16.2454
89.4666 -240.481 -17.1008
88.3076 -241.868 -17.967
87.1402 -243.241 -18.8438
85.9645 -244.599 -19.7313
84.781 -245.944 -20.6293
83.5899 -247.276 -21.5378
82.3915 -248.593 -22.4566
81.186 -249.897 -23.3858
79.9738 -251.186 -24.3253
78.755 -252.463 -25.2749
77.5301 -253.725 -26.2347
76.2992 -254.975 -27.2045
75.0626 -256.21 -28.1843
73.8205 -257.432 -29.1739
72.5733 -258.641 -30.1734
71.3212 -259.837 -31.1826
70.0643 -261.02 -32.2015
68.8031 -262.189 -33.23
67.5377 -263.345 -34.268
66.2683 -264.489 -35.3155
64.9952 -265.62 -36.3723
63.7187 -266.737 -37.4385
62.4389 -267.843 -38.5139
61.1561 -268.936 -39.5984
59.8705 -270.016 -40.692
58.5823 -271.084 -41.7946
57.2918 -272.14 -42.9061
55.9991 -273.184 -44.0265
54.7045 -274.216 -45.1557
53.4082 -275.236 -46.2936
52.1103 -276.245 -47.4401
50.8111 -277.242 -48.5952
49.5108 -278.227 -49.7587
48.2095 -279.201 -50.9307
46.9074 -280.164 -52.111
45.6048 -281.117 -53.2997
44.3019 -282.058 -54.4965
42.9987 -282.988 -55.7014
41.6955 -283.908 -56.9144
40.3924 -284.818 -58.1353
39.0896 -285.717 -59.3642
37.7873 -286.606 -60.6009
36.4857 -287.485 -61.8454
35.1848 -288.355 -63.0976
33.8849 -289.215 -64.3574
32.5861 -290.065 -65.6248
31.2886 -290.906 -66.8997
29.9925 -291.738 -68.182
28.6979 -292.56 -69.4716
27.4051 -293.374 -70.7685
26.114 -294.18 -72.0726
24.825 -294.976 -73.3839
23.538 -295.765 -74.7022
22.2532 -296.545 -76.0276
20.9708 -297.318 -77.3598
19.6909 -298.082 -78.699
18.4136 -298.839 -80.0449
17.139 -299.589 -81.3976
15.8673 -300.331 -82.7569
14.5985 -301.066 -84.1228
13.3327 -301.794 -85.4953
12.0701 -302.516 -86.8742
10.8108 -303.231 -88.2595
9.55488 -303.939 -89.6511
8.30242 -304.642 -91.049
7.05353 -305.338 -92.453
5.8083 -306.029 -93.8632
4.56684 -306.713 -95.2795
3.32922 -307.393 -96.7017
2.09555 -308.067 -98.1298
0.865898 -308.736 -99.5638
-0.359643 -309.4 -101.004
-1.581 -310.06 -102.449
-2.79808 -310.715 -103.9
-4.01082 -311.366 -105.357
-5.21913 -312.012 -106.819
-6.42295 -312.655 -108.287
-7.62221 -313.293 -109.76
-8.81684 -313.929 -111.238
-10.0068 -314.56 -112.722
-11.1919 -315.189 -114.21
-12.3723 -315.815 -115.704
-13.5477 -316.437 -117.203
-14.7182 -317.058 -118.707
-15.8837 -317.675 -120.215
-17.0442 -318.291 -121.729
-18.1995 -318.904 -123.247
-19.3497 -319.516 -124.77
-20.4946 -320.126 -126.297
-21.6343 -320.734 -127.829
-22.7687 -321.342 -129.366
-23.8978 -321.948 -130.906
-25.0214 -322.553 -132.451
-26.1396 -323.157 -134.001
-27.2524 -323.761 -135.554
-28.3596 -324.365 -137.112
-29.4613 -324.969 -138.673
-30.5574 -325.572 -140.238
-31.6478 -326.176 -141.808
-32.7326 -326.78 -143.38
-33.8118 -327.385 -144.957
-34.8852 -327.991 -146.537
-35.9529 -328.598 -148.121
-37.0148 -329.205 -149.708
-38.0709 -329.815 -151.298
-39.1212 -330.426 -152.892
-40.1657 -331.038 -154.489
-41.2043 -331.653 -156.089
-42.2371 -332.27 -157.692
-43.2639 -332.889 -159.297
-44.2848 -333.51 -160.906
-45.2998 -334.135 -162.517
-46.3089 -334.762 -164.131
-47.312 -335.392 -165.747
-48.3091 -336.026 -167.366
-49.3002 -336.663 -168.987
-50.2853 -337.304 -170.61
-51.2645 -337.949 -172.236
-52.2376 -338.597 -173.863
-53.2047 -339.25 -175.492
-54.1658 -339.907 -177.123
-55.1208 -340.569 -178.756
-56.0698 -341.236 -180.39
-57.0128 -341.907 -182.026
-57.9497 -342.584 -183.664
-58.8806 -343.265 -185.302
-59.8054 -343.953 -186.942
-60.7242 -344.646 -188.582
-61.6369 -345.345 -190.224
-62.5437 -346.05 -191.866
-63.4444 -346.761 -193.509
-64.339 -347.478 -195.152
-65.2277 -348.202 -196.796
-66.1103 -348.933 -198.44
-66.9869 -349.67 -200.084
-67.8575 -350.415 -201.729
-68.7221 -351.167 -203.373
-69.5808 -351.926 -205.017
-70.4334 -352.693 -206.66
-71.2802 -353.468 -208.303
-72.1209 -354.25 -209.945
-72.9558 -355.041 -211.587
-73.7847 -355.839 -213.227
-74.6077 -356.647 -214.866
-75.4248 -357.462 -216.504
-76.2361 -358.287 -218.141
-77.0415 -359.12 -219.776
-77.8411 -359.962 -221.409
-78.6348 -360.814 -223.04
-79.4228 -361.675 -224.669
-80.205 -362.545 -226.296
-80.9814 -363.425 -227.92
-81.7521 -364.315 -229.542
-82.5171 -365.215 -231.161
-83.2764 -366.125 -232.777
-84.0301 -367.045 -234.39
-84.7781 -367.975 -236
-85.5205 -368.916 -237.606
-86.2574 -369.867 -239.209
-86.9887 -370.83 -240.807
-87.7144 -371.803 -242.402
-88.4347 -372.787 -243.992
-89.1495 -373.782 -245.577
-89.8589 -374.789 -247.158
-90.5629 -375.807 -248.734
-91.2615 -376.836 -250.306
-91.9548 -377.877 -251.871
-92.6427 -378.93 -253.431
-93.3254 -379.995 -254.986
-94.0029 -381.072 -256.534
-94.6752 -382.161 -258.077
-95.3423 -383.261 -259.613
-96.0043 -384.375 -261.142
-96.6612 -385.5 -262.664
-97.3131 -386.638 -264.179
-97.96 -387.789 -265.687
-98.6019 -388.952 -267.188
-99.2389 -390.128 -268.68
-99.871 -391.316 -270.165
-100.498 -392.517 -271.641
-101.121 -393.732 -273.109
-101.739 -394.959 -274.568
-102.352 -396.199 -276.017
-102.96 -397.453 -277.458
-103.564 -398.719 -278.888
-104.163 -399.999 -280.309
-104.758 -401.292 -281.72
-105.348 -402.598 -283.121
-105.934 -403.918 -284.511
-106.515 -405.251 -285.889
-107.093 -406.597 -287.257
-107.666 -407.957 -288.613
-108.234 -409.33 -289.958
-108.799 -410.716 -291.29
-109.359 -412.116 -292.61
-109.916 -413.529 -293.918
-110.468 -414.955 -295.212
-111.017 -416.395 -296.494
-111.562 -417.849 -297.761
-112.103 -419.315 -299.015
-112.64 -420.795 -300.255
-113.173 -422.288 -301.481
-113.703 -423.794 -302.692
-114.229 -425.314 -303.888
-114.752 -426.846 -305.069
-115.271 -428.392 -306.234
-115.787 -429.95 -307.383
-116.3 -431.522 -308.516
-116.81 -433.106 -309.632
-117.316 -434.703 -310.732
-117.819 -436.313 -311.815
-118.319 -437.935 -312.88
-118.816 -439.569 -313.928
-119.31 -441.216 -314.957
-119.802 -442.875 -315.968
-120.29 -444.546 -316.961
-120.776 -446.229 -317.935
-121.26 -447.923 -318.889
-121.741 -449.629 -319.824
-122.219 -451.347 -320.739
-122.695 -453.076 -321.634
-123.169 -454.816 -322.508
-123.64 -456.566 -323.361
-124.109 -458.328 -324.194
-124.576 -460.1 -325.005
-125.041 -461.882 -325.795
-125.505 -463.674 -326.562
-125.966 -465.476 -327.308
-126.425 -467.288 -328.03
-126.883 -469.109 -328.73
-127.339 -470.94 -329.407
-127.794 -472.779 -330.061
-128.247 -474.626 -330.691
-128.699 -476.482 -331.296
-129.15 -478.346 -331.878
-129.599 -480.218 -332.435
-130.047 -482.097 -332.968
-130.495 -483.984 -333.476
-130.941 -485.877 -333.958
-131.386 -487.777 -334.415
-131.831 -489.683 -334.846
-132.275 -491.594 -335.251
-132.718 -493.512 -335.63
-133.16 -495.434 -335.982
-133.603 -497.361 -336.308
-134.044 -499.293 -336.607
-134.486 -501.229 -336.879
-134.927 -503.168 -337.124
-135.369 -505.111 -337.341
-135.81 -507.056 -337.531
-136.251 -509.004 -337.693
-136.693 -510.955 -337.826
-137.134 -512.906 -337.932
-137.576 -514.86 -338.009
-138.019 -516.813 -338.058
-138.462 -518.768 -338.078
-138.905 -520.722 -338.07
-139.349 -522.676 -338.033
-139.794 -524.629 -337.966
-140.24 -526.58 -337.871
-140.686 -528.53 -337.746
-141.134 -530.477 -337.593
-141.583 -532.422 -337.409
-142.033 -534.363 -337.197
-142.484 -536.3 -336.955
-142.936 -538.234 -336.683
-143.39 -540.162 -336.382
-143.845 -542.086 -336.052
-144.302 -544.003 -335.692
-144.761 -545.915 -335.302
-145.221 -547.82 -334.883
-145.683 -549.717 -334.434
-146.147 -551.607 -333.956
-146.613 -553.489 -333.448
-147.081 -555.362 -332.911
-147.551 -557.226 -332.344
-148.023 -559.08 -331.749
-148.497 -560.924 -331.124
-148.974 -562.758 -330.47
-149.453 -564.58 -329.787
-149.935 -566.39 -329.075
-150.419 -568.188 -328.334
-150.906 -569.973 -327.565
-151.396 -571.746 -326.768
-151.888 -573.504 -325.942
-152.383 -575.248 -325.088
-152.881 -576.977 -324.207
-153.382 -578.692 -323.298
-153.886 -580.39 -322.361
-154.393 -582.072 -321.397
-154.903 -583.738 -320.406
-155.416 -585.386 -319.389
-155.933 -587.017 -318.345
-156.452 -588.629 -317.274
-156.975 -590.223 -316.178
-157.502 -591.798 -315.057
-158.032 -593.354 -313.91
-158.565 -594.89 -312.738
-159.102 -596.405 -311.541
-159.643 -597.899 -310.32
-160.187 -599.372 -309.076
-160.735 -600.824 -307.807
-161.286 -602.253 -306.515
-161.841 -603.66 -305.201
-162.4 -605.045 -303.864
-162.963 -606.406 -302.505
-163.53 -607.743 -301.124
-164.101 -609.056 -299.722
-164.675 -610.345 -298.299
-165.254 -611.609 -296.856
-165.836 -612.849 -295.393
-166.423 -614.063 -293.91
-167.013 -615.251 -292.409
-167.608 -616.413 -290.888
-168.207 -617.549 -289.35
-168.81 -618.658 -287.793
-169.417 -619.741 -286.22
-170.028 -620.796 -284.63
-170.643 -621.824 -283.023
-171.263 -622.824 -281.401
-171.887 -623.797 -279.764
-172.515 -624.741 -278.111
-173.147 -625.657 -276.445
-173.783 -626.545 -274.765
-174.424 -627.403 -273.071
-175.069 -628.234 -271.365
-175.718 -629.035 -269.647
-176.372 -629.806 -267.917
-177.029 -630.549 -266.175
-177.692 -631.262 -264.423
-178.358 -631.945 -262.661
-179.029 -632.599 -260.89
-179.704 -633.223 -259.109
-180.383 -633.818 -257.32
-181.066 -634.382 -255.523

2.00393 -0.0144223 0.00476083
4.0074 -0.0578206 0.0189434
6.00994 -0.130385 0.0423946
8.01107 -0.232295 0.0749564
10.0103 -0.363723 0.116467
12.0072 -0.524827 0.166758
14.0012 -0.715758 0.22566
15.9918 -0.936655 0.292996
17.9786 -1.18765 0.368586
19.961 -1.46885 0.452244
21.9385 -1.78037 0.543783
23.9106 -2.1223 0.643007
25.8768 -2.49473 0.74972
27.8365 -2.89772 0.86372
29.7893 -3.33133 0.984799
31.7345 -3.79562 1.11275
33.6718 -4.2906 1.24735
35.6004 -4.81631 1.38839
37.52 -5.37275 1.53565
39.4299 -5.95991 1.68889
41.3296 -6.57778 1.8479
43.2186 -7.22632 2.01242
45.0963 -7.90549 2.18224
46.9622 -8.61523 2.3571
48.8158 -9.35547 2.53676
50.6565 -10.1261 2.72099
52.4837 -10.9271 2.90951
54.297 -11.7583 3.10209
56.0958 -12.6195 3.29847
57.8796 -13.5107 3.49839
59.6478 -14.4316 3.70158
61.3999 -15.3821 3.90778
63.1354 -16.3621 4.11673
64.8537 -17.3713 4.32816
66.5545 -18.4095 4.54179
68.237 -19.4765 4.75736
69.9009 -20.5721 4.97459
71.5456 -21.6959 5.19321
73.1707 -22.8478 5.41293
74.7756 -24.0275 5.63349
76.3599 -25.2346 5.85459
77.923 -26.4689 6.07597
79.4646 -27.73 6.29733
80.9842 -29.0176 6.5184
82.4812 -30.3315 6.7389
83.9554 -31.6711 6.95854
85.4061 -33.0362 7.17703
86.8331 -34.4264 7.39411
88.2359 -35.8412 7.60948
89.6141 -37.2803 7.82287
90.9672 -38.7433 8.03399
92.295 -40.2298 8.24256
93.597 -41.7392 8.4483
94.8728 -43.2712 8.65094
96.1222 -44.8254 8.8502
97.3447 -46.4011 9.0458
98.5401 -47.9981 9.23747
99.708 -49.6157 9.42494
100.848 -51.2536 9.60794
101.96 -52.9111 9.7862
103.044 -54.5879 9.95945
104.099 -56.2833 10.1274
105.125 -57.9969 10.2899
106.122 -59.7282 10.4465
107.09 -61.4765 10.5972
108.028 -63.2414 10.7415
108.937 -65.0223 10.8793
109.815 -66.8187 11.0103
110.664 -68.63 11.1343
111.482 -70.4557 11.251
112.27 -72.2951 11.3602
113.027 -74.1478 11.4617
113.753 -76.0131 11.5552
114.449 -77.8905 11.6405
115.114 -79.7795 11.7174
115.747 -81.6793 11.7858
116.35 -83.5896 11.8453
116.922 -85.5096 11.8958
117.463 -87.4388 11.937
117.972 -89.3767 11.9688
118.451 -91.3226 11.991
118.898 -93.276 12.0034
119.314 -95.2362 12.0058
119.699 -97.2029 11.9981
120.054 -99.1752 11.98
120.377 -101.153 11.9514
120.669 -103.135 11.9122
120.93 -105.121 11.8621
121.161 -107.111 11.8011
121.361 -109.104 11.7289
121.531 -111.099 11.6455
121.67 -113.096 11.5507
121.779 -115.094 11.4443
121.858 -117.093 11.3263
121.907 -119.092 11.1965
121.927 -121.091 11.0548
121.916 -123.089 10.9012
121.877 -125.085 10.7354
121.808 -127.08 10.5574
121.711 -129.073 10.3671
121.584 -131.063 10.1644
121.43 -133.049 9.94916
121.247 -135.032 9.7214
121.036 -137.01 9.48101
120.797 -138.983 9.2279
120.531 -140.952 8.96202
120.238 -142.915 8.68329
119.918 -144.871 8.39168
119.572 -146.821 8.08711
119.199 -148.765 7.76955
118.8 -150.701 7.43896
118.376 -152.629 7.09528
117.926 -154.549 6.7385
117.452 -156.46 6.36858
116.952 -158.363 5.9855
116.429 -160.256 5.58923
115.881 -162.14 5.17975
115.31 -164.014 4.75706
114.715 -165.877 4.32115
114.098 -167.73 3.872
113.458 -169.572 3.40963
112.795 -171.403 2.93402
112.111 -173.222 2.44519
111.406 -175.029 1.94314
110.679 -176.824 1.42789
109.932 -178.607 0.899448
109.164 -180.377 0.357842
108.376 -182.134 -0.19691
107.569 -183.878 -0.764782
106.742 -185.609 -1.34575
105.897 -187.326 -1.93977
105.033 -189.029 -2.54683
104.151 -190.718 -3.16687
103.252 -192.394 -3.79987
102.335 -194.054 -4.44578
101.401 -195.701 -5.10455
100.451 -197.332 -5.77615
99.4843 -198.949 -6.46052
98.502 -200.55 -7.1576
97.5044 -202.137 -7.86736
96.4917 -203.708 -8.58973
95.4645 -205.264 -9.32466
94.423 -206.804 -10.0721
93.3676 -208.329 -10.832
92.2988 -209.838 -11.6042
91.2168 -211.331 -12.3888
90.1221 -212.809 -13.1856
89.015 -214.27 -13.9946
87.896 -215.716 -14.8157
86.7652 -217.145 -15.6489
85.6232 -218.558 -16.494
84.4703 -219.956 -17.351
83.3069 -221.337 -18.2199
82.1332 -222.702 -19.1006
80.9497 -224.05 -19.9929
79.7567 -225.383 -20.8969
78.5546 -226.699 -21.8124
77.3436 -227.999 -22.7393
76.1242 -229.283 -23.6777
74.8966 -230.551 -24.6273
73.6613 -231.803 -25.5882
72.4185 -233.038 -26.5603
71.1685 -234.258 -27.5434
69.9117 -235.461 -28.5376
68.6484 -236.649 -29.5426
67.3789 -237.82 -30.5585
66.1036 -238.976 -31.5851
64.8227 -240.116 -32.6225
63.5365 -241.24 -33.6704
62.2453 -242.348 -34.7288
60.9495 -243.441 -35.7977
59.6493 -244.518 -36.877
58.345 -245.58 -37.9665
57.0369 -246.627 -39.0663
55.7253 -247.658 -40.1761
54.4104 -248.675 -41.296
53.0925 -249.676 -42.4259
51.7719 -250.662 -43.5656
50.4489 -251.634 -44.7152
49.1237 -252.591 -45.8745
47.7966 -253.534 -47.0434
46.4677 -254.462 -48.2219
45.1375 -255.376 -49.4099
43.806 -256.275 -50.6073
42.4736 -257.161 -51.814
41.1404 -258.033 -53.03
39.8068 -258.891 -54.2552
38.4729 -259.736 -55.4895
37.139 -260.567 -56.7328
35.8053 -261.385 -57.9851
34.4719 -262.189 -59.2462
33.1392 -262.981 -60.5162
31.8073 -263.76 -61.7949
30.4763 -264.527 -63.0822
29.1467 -265.281 -64.3782
27.8184 -266.022 -65.6826
26.4917 -266.752 -66.9955
25.1669 -267.47 -68.3168
23.844 -268.176 -69.6464
22.5232 -268.87 -70.9842
21.2048 -269.553 -72.3301
19.889 -270.224 -73.6842
18.5758 -270.885 -75.0462
17.2654 -271.534 -76.4163
15.9581 -272.173 -77.7942
14.6539 -272.802 -79.1799
13.3531 -273.42 -80.5733
12.0557 -274.028 -81.9745
10.762 -274.626 -83.3832
9.47203 -275.215 -84.7995
8.186 -275.793 -86.2233
6.90404 -276.363 -87.6545
5.62627 -276.923 -89.093
4.35283 -277.475 -90.5388
3.08386 -278.017 -91.9919
1.81947 -278.551 -93.4521
0.559796 -279.077 -94.9193
-0.695042 -279.594 -96.3937
-1.94493 -280.104 -97.8749
-3.18974 -280.606 -99.3631
-4.42937 -281.1 -100.858
-5.66371 -281.587 -102.36
-6.89265 -282.067 -103.868
-8.11609 -282.539 -105.384
-9.33391 -283.005 -106.905
-10.546 -283.465 -108.434
-11.7524 -283.918 -109.968
-12.9528 -284.365 -111.51
-14.1472 -284.806 -113.057
-15.3356 -285.242 -114.611
-16.5178 -285.672 -116.171
-17.6937 -286.097 -117.737
-18.8633 -286.516 -119.309
-20.0265 -286.931 -120.887
-21.1832 -287.341 -122.472
-22.3334 -287.747 -124.062
-23.4769 -288.148 -125.658
-24.6137 -288.546 -127.26
-25.7438 -288.94 -128.867
-26.867 -289.33 -130.48
-27.9833 -289.716 -132.099
-29.0926 -290.1 -133.723
-30.1949 -290.48 -135.353
-31.2901 -290.858 -136.988
-32.3782 -291.234 -138.629
-33.459 -291.607 -140.275
-34.5326 -291.977 -141.926
-35.599 -292.346 -143.582
-36.6579 -292.714 -145.243
-37.7095 -293.08 -146.909
-38.7537 -293.444 -148.58
-39.7903 -293.808 -150.256
-40.8194 -294.171 -151.937
-41.841 -294.533 -153.623
-42.8549 -294.894 -155.313
-43.8612 -295.256 -157.008
-44.8599 -295.618 -158.708
-45.8508 -295.979 -160.411
-46.834 -296.342 -162.12
-47.8094 -296.705 -163.832
-48.777 -297.069 -165.549
-49.7368 -297.433 -167.27
-50.6887 -297.8 -168.995
-51.6327 -298.168 -170.724
-52.5689 -298.537 -172.457
-53.4971 -298.908 -174.194
-54.4174 -299.282 -175.934
-55.3297 -299.658 -177.679
-56.234 -300.037 -179.426
-57.1303 -300.418 -181.178
-58.0187 -300.802 -182.933
-58.899 -301.19 -184.691
-59.7712 -301.581 -186.452
-60.6354 -301.976 -188.217
-61.4916 -302.374 -189.984
-62.3397 -302.777 -191.755
-63.1797 -303.183 -193.528
-64.0116 -303.595 -195.304
-64.8355 -304.011 -197.083
-65.6513 -304.432 -198.864
-66.459 -304.858 -200.648
-67.2586 -305.289 -202.435
-68.0501 -305.726 -204.223
-68.8335 -306.168 -206.014
-69.6089 -306.617 -207.806
-70.3762 -307.071 -209.601
-71.1353 -307.532 -211.397
-71.8865 -308 -213.196
-72.6296 -308.474 -214.995
-73.3646 -308.955 -216.796
-74.0916 -309.443 -218.599
-74.8105 -309.939 -220.403
-75.5215 -310.442 -222.208
-76.2244 -310.953 -224.013
-76.9194 -311.472 -225.82
-77.6064 -311.999 -227.627
-78.2854 -312.534 -229.435
-78.9565 -313.078 -231.243
-79.6197 -313.631 -233.052
-80.275 -314.193 -234.861
-80.9224 -314.763 -236.669
-81.5619 -315.344 -238.478
-82.1937 -315.933 -240.286
-82.8176 -316.532 -242.093
-83.4338 -317.142 -243.9
-84.0422 -317.761 -245.707
-84.6429 -318.39 -247.512
-85.2359 -319.03 -249.316
-85.8213 -319.681 -251.119
-86.399 -320.342 -252.92
-86.9691 -321.015 -254.72
-87.5317 -321.698 -256.518
-88.0868 -322.393 -258.314
-88.6344 -323.099 -260.107
-89.1746 -323.817 -261.898
-89.7073 -324.547 -263.687
-90.2327 -325.289 -265.473
-90.7508 -326.043 -267.256
-91.2616 -326.81 -269.036
-91.7652 -327.589 -270.812
-92.2617 -328.381 -272.585
-92.7509 -329.185 -274.354
-93.2331 -330.003 -276.119
-93.7083 -330.833 -277.88
-94.1765 -331.677 -279.636
-94.6378 -332.534 -281.388
-95.0922 -333.405 -283.134
-95.5398 -334.29 -284.876
-95.9806 -335.189 -286.612
-96.4148 -336.101 -288.343
-96.8423 -337.028 -290.067
-97.2633 -337.968 -291.786
-97.6777 -338.924 -293.498
-98.0857 -339.893 -295.204
-98.4874 -340.878 -296.903
-98.8827 -341.877 -298.594
-99.2718 -342.891 -300.279
-99.6547 -343.919 -301.955
-100.032 -344.963 -303.624
-100.402 -346.022 -305.284
-100.767 -347.096 -306.936
-101.126 -348.186 -308.58
-101.479 -349.291 -310.214
-101.827 -350.411 -311.839
-102.169 -351.547 -313.454
-102.505 -352.698 -315.059
-102.836 -353.866 -316.654
-103.162 -355.049 -318.239
-103.482 -356.247 -319.812
-103.797 -357.462 -321.375
-104.107 -358.692 -322.926
-104.412 -359.939 -324.465
-104.713 -361.201 -325.993
-105.008 -362.479 -327.508
-105.299 -363.773 -329.01
-105.585 -365.083 -330.499
-105.866 -366.41 -331.975
-106.143 -367.752 -333.437
-106.416 -369.11 -334.885
-106.685 -370.484 -336.319
-106.95 -371.874 -337.738
-107.21 -373.28 -339.142
-107.467 -374.702 -340.53
-107.72 -376.14 -341.903
-107.97 -377.593 -343.26
-108.216 -379.063 -344.6
-108.459 -380.547 -345.924
-108.698 -382.048 -347.231
-108.935 -383.564 -348.52
-109.168 -385.095 -349.791
-109.398 -386.642 -351.044
-109.626 -388.204 -352.279
-109.851 -389.781 -353.495
-110.074 -391.373 -354.692
-110.294 -392.98 -355.869
-110.512 -394.601 -357.026
-110.728 -396.237 -358.163
-110.942 -397.888 -359.28
-111.155 -399.552 -360.375
-111.365 -401.231 -361.449
-111.575 -402.923 -362.502
-111.782 -404.629 -363.532
-111.989 -406.349 -364.54
-112.194 -408.082 -365.526
-112.399 -409.827 -366.489
-112.603 -411.586 -367.428
-112.806 -413.357 -368.343
-113.008 -415.14 -369.235
-113.211 -416.936 -370.102
-113.413 -418.743 -370.944
-113.615 -420.561 -371.761
-113.818 -422.391 -372.554
-114.02 -424.231 -373.32
-114.223 -426.083 -374.06
-114.427 -427.944 -374.775
-114.631 -429.815 -375.462
-114.837 -431.696 -376.123
-115.043 -433.586 -376.757
-115.251 -435.484 -377.363
-115.46 -437.391 -377.942
-115.671 -439.307 -378.493
-115.884 -441.23 -379.015
-116.098 -443.16 -379.509
-116.315 -445.097 -379.974
-116.533 -447.041 -380.41
-116.755 -448.991 -380.817
-116.978 -450.946 -381.195
-117.205 -452.907 -381.542
-117.434 -454.872 -381.86
-117.667 -456.841 -382.148
-117.902 -458.815 -382.406
-118.141 -460.791 -382.633
-118.384 -462.771 -382.83
-118.63 -464.753 -382.995
-118.88 -466.737 -383.13
-119.134 -468.722 -383.234
-119.392 -470.708 -383.306
-119.655 -472.694 -383.348
-119.922 -474.68 -383.357
-120.194 -476.665 -383.336
-120.47 -478.649 -383.282
-120.752 -480.632 -383.197
-121.038 -482.612 -383.08
-121.33 -484.589 -382.932
-121.627 -486.562 -382.751
-121.93 -488.532 -382.539
-122.238 -490.497 -382.295
-122.553 -492.457 -382.019
-122.873 -494.411 -381.711
-123.199 -496.359 -381.371
-123.532 -498.3 -381
-123.871 -500.233 -380.597
-124.216 -502.159 -380.162
-124.568 -504.076 -379.695
-124.927 -505.983 -379.197
-125.293 -507.881 -378.668
-125.665 -509.769 -378.108
-126.045 -511.645 -377.516
-126.432 -513.511 -376.894
-126.827 -515.364 -376.241
-127.229 -517.204 -375.557
-127.638 -519.031 -374.843
-128.055 -520.844 -374.098
-128.48 -522.643 -373.324
-128.913 -524.427 -372.52
-129.353 -526.196 -371.687
-129.802 -527.948 -370.824
-130.259 -529.684 -369.933
-130.724 -531.402 -369.012
-131.197 -533.103 -368.064
-131.678 -534.785 -367.087
-132.168 -536.449 -366.083
-132.667 -538.093 -365.052
-133.174 -539.717 -363.994
-133.69 -541.321 -362.909
-134.214 -542.905 -361.798
-134.747 -544.466 -360.661
-135.289 -546.006 -359.498
-135.839 -547.524 -358.311
-136.399 -549.019 -357.099
-136.967 -550.49 -355.863
-137.545 -551.938 -354.604
-138.131 -553.362 -353.321
-138.726 -554.761 -352.015
-139.33 -556.135 -350.687
-139.943 -557.483 -349.338
-140.566 -558.806 -347.967
-141.197 -560.103 -346.576
-141.837 -561.373 -345.164
-142.486 -562.616 -343.732
-143.145 -563.832 -342.282
-143.812 -565.02 -340.812
-144.488 -566.18 -339.325
-145.174 -567.312 -337.82
-145.868 -568.415 -336.298
-146.572 -569.49 -334.76
-147.284 -570.536 -333.206
-148.005 -571.552 -331.636
-148.735 -572.539 -330.052
-149.474 -573.495 -328.454
-150.222 -574.422 -326.842
-150.979 -575.319 -325.218
-151.744 -576.185 -323.58
-152.518 -577.02 -321.932
-153.301 -577.825 -320.272
-154.092 -578.599 -318.601
-154.892 -579.342 -316.92
-155.7 -580.054 -315.23
-156.517 -580.734 -313.532
-157.342 -581.383 -311.825
-158.175 -582.001 -310.11
-159.017 -582.587 -308.388
-159.866 -583.142 -306.66
-160.724 -583.666 -304.927
-161.59 -584.157 -303.187
-162.464 -584.618 -301.444
-163.345 -585.046 -299.696
-164.235 -585.443 -297.945
-165.132 -585.809 -296.19
-166.037 -586.143 -294.434



