102
0.272898 -0.660043 0.571277 0.231013 0.100897 -0.0446562 -2.57338 0.950578 -1.25627 -0.163598 0.535093 2.95328 0.6372 0.784733 
0.242974 -0.635774 0.57952 0.226634 0.0801682 -0.0234157 -2.58456 0.956723 -1.22811 -0.176346 0.517469 2.96045 0.587001 0.762784 
0.213051 -0.611504 0.587764 0.222254 0.0594394 -0.00217514 -2.59573 0.965039 -1.19992 -0.191349 0.498922 2.96755 0.536364 0.74215 
0.183127 -0.587235 0.596007 0.217875 0.0387106 0.0190654 -2.60691 0.975524 -1.17156 -0.208677 0.479477 2.97385 0.485408 0.723525 
0.153204 -0.562966 0.604251 0.213495 0.0179817 0.0403059 -2.61809 0.988031 -1.14297 -0.228223 0.459202 2.97855 0.434232 0.70771 
0.12328 -0.538696 0.612494 0.209116 -0.00274708 0.0615465 -2.62926 1.00217 -1.11411 -0.249575 0.438179 2.98065 0.382919 0.695579 
0.093357 -0.514427 0.620738 0.204736 -0.0234759 0.082787 -2.64044 1.01725 -1.08498 -0.271927 0.416521 2.97908 0.331539 0.687951 
0.0634335 -0.490158 0.628981 0.200357 -0.0442047 0.104028 -2.65162 1.03231 -1.05575 -0.29408 0.394375 2.97284 0.280146 0.685404 
0.03351 -0.465888 0.637224 0.195977 -0.0649335 0.125268 -2.66279 1.04618 -1.02669 -0.314547 0.371928 2.96119 0.228777 0.688095 
0.0035865 -0.441619 0.645468 0.191598 -0.0856623 0.146509 -2.67397 1.05768 -0.998215 -0.331772 0.349388 2.94384 0.177443 0.69564 
-0.026337 -0.41735 0.653711 0.187218 -0.106391 0.167749 -2.68515 1.06582 -0.970771 -0.344384 0.326971 2.92104 0.126121 0.707107 
-0.0562605 -0.393081 0.661955 0.182839 -0.12712 0.18899 -2.69633 1.06996 -0.944779 -0.351416 0.304872 2.89361 0.0747551 0.721117 
-0.086184 -0.368811 0.670198 0.178459 -0.147849 0.21023 -2.7075 1.06986 -0.920518 -0.35245 0.283248 2.86287 0.0232739 0.736028 
-0.116108 -0.344542 0.678441 0.17408 -0.168578 0.231471 -2.71868 1.06574 -0.89807 -0.34766 0.262215 2.83039 -0.0283641 0.750178 
-0.146031 -0.320273 0.686685 0.1697 -0.189306 0.252711 -2.72986 1.0582 -0.877323 -0.337762 0.241846 2.79779 -0.0801282 0.762151 
-0.175955 -0.296003 0.694928 0.165321 -0.210035 0.273952 -2.74103 1.04809 -0.858032 -0.323854 0.22219 2.76644 -0.131891 0.770981 
-0.205878 -0.271734 0.703172 0.160941 -0.230764 0.295192 -2.75221 1.03636 -0.839901 -0.307198 0.203289 2.73724 -0.183435 0.776224 
-0.235802 -0.247465 0.711415 0.156562 -0.251493 0.316433 -2.76339 1.0239 -0.822666 -0.289009 0.185189 2.71065 -0.234493 0.777905 
-0.265725 -0.223195 0.719659 0.152182 -0.272222 0.337673 -2.77456 1.01145 -0.806138 -0.270309 0.167956 2.68672 -0.284791 0.776364 
-0.295649 -0.198926 0.727902 0.147803 -0.292951 0.358914 -2.78574 0.999539 -0.79021 -0.251868 0.151667 2.66526 -0.334076 0.77211 
-0.325572 -0.174657 0.736145 0.143423 -0.313679 0.380154 -2.79692 0.988521 -0.774844 -0.234206 0.136409 2.64592 -0.382143 0.765696 
-0.355496 -0.150387 0.744389 0.139044 -0.334408 0.401395 -2.80809 0.978592 -0.760054 -0.217635 0.122275 2.62832 -0.428832 0.757649 
-0.385419 -0.126118 0.752632 0.134664 -0.355137 0.422635 -2.81927 0.969827 -0.74588 -0.202305 0.109356 2.61208 -0.474028 0.748441 
-0.415343 -0.101849 0.760876 0.130285 -0.375866 0.443876 -2.83045 0.962223 -0.732374 -0.188253 0.0977332 2.59684 -0.517657 0.738473 
-0.445266 -0.0775794 0.769119 0.125906 -0.396595 0.465117 -2.84162 0.955717 -0.719592 -0.175439 0.087481 2.5823 -0.559675 0.728081 
-0.47519 -0.0533101 0.777363 0.121526 -0.417323 0.486357 -2.8528 0.950218 -0.707581 -0.163775 0.0786584 2.56818 -0.600064 0.717543 
-0.505113 -0.0290408 0.785606 0.117147 -0.438052 0.507598 -2.86398 0.945613 -0.69638 -0.153148 0.0713105 2.55427 -0.63883 0.707086 
-0.535037 -0.00477147 0.793849 0.112767 -0.458781 0.528838 -2.87515 0.941786 -0.686013 -0.143432 0.0654662 2.54038 -0.675993 0.696896 
-0.56496 0.0194978 0.802093 0.108388 -0.47951 0.550079 -2.88633 0.938619 -0.676492 -0.1345 0.0611383 2.52637 -0.71159 0.687124 
-0.594884 0.0437672 0.810336 0.104008 -0.500239 0.571319 -2.89751 0.935998 -0.667815 -0.12623 0.0583231 2.51212 -0.745668 0.677891 
-0.624807 0.0680365 0.81858 0.0996286 -0.520967 0.59256 -2.90869 0.933818 -0.659965 -0.118506 0.0570011 2.49754 -0.778286 0.669297 
-0.654731 0.0923058 0.826823 0.0952492 -0.541696 0.6138 -2.91986 0.931981 -0.652914 -0.111225 0.057137 2.48256 -0.80951 0.661421 
-0.684654 0.116575 0.835066 0.0908697 -0.562425 0.635041 -2.93104 0.930397 -0.646621 -0.104293 0.0586814 2.46716 -0.839415 0.654327 
-0.714578 0.140844 0.84331 0.0864902 -0.583154 0.656281 -2.94222 0.928986 -0.641034 -0.0976269 0.0615714 2.45129 -0.868082 0.648062 
-0.744501 0.165114 0.851553 0.0821107 -0.603883 0.677522 -2.95339 0.927677 -0.636091 -0.0911557 0.0657323 2.43495 -0.895597 0.642665 
-0.774425 0.189383 0.859797 0.0777312 -0.624612 0.698762 -2.96457 0.926403 -0.631723 -0.0848171 0.0710787 2.41814 -0.922051 0.638162 
-0.804348 0.213652 0.86804 0.0733518 -0.64534 0.720003 -2.97575 0.92511 -0.62785 -0.078558 0.0775162 2.40087 -0.947536 0.634568 
-0.834272 0.237922 0.876284 0.0689723 -0.666069 0.741243 -2.98692 0.923746 -0.624389 -0.0723337 0.0849432 2.38317 -0.972148 0.631892 
-0.864195 0.262191 0.884527 0.0645928 -0.686798 0.762484 -2.9981 0.922267 -0.62125 -0.0661068 0.0932519 2.36506 -0.995985 0.630134 
-0.91359 0.206095 0.909338 0.0625297 -0.66408 0.858172 -3.01328 0.887295 -0.590408 -0.0878703 0.0836613 2.35664 -1.02293 0.574762 
-0.9606 0.153619 0.93345 0.0571984 -0.640037 0.951952 -3.02641 0.852322 -0.559561 -0.109633 0.0740647 2.34822 -1.04988 0.519384 
-1.00601 0.104412 0.956172 0.0498975 -0.615097 1.04288 -3.03713 0.817349 -0.528714 -0.131396 0.064468 2.33981 -1.07683 0.464005 
-1.05065 0.0580679 0.977146 0.0419867 -0.589549 1.13015 -3.04511 0.782376 -0.497867 -0.153159 0.0548714 2.33139 -1.10378 0.408627 
-1.09542 0.0141383 0.996305 0.0348072 -0.563528 1.21304 -3.05006 0.747403 -0.46702 -0.174922 0.0452747 2.32297 -1.13073 0.353248 
-1.14117 -0.0278734 1.01382 0.0296169 -0.537013 1.29096 -3.05177 0.71243 -0.436173 -0.196685 0.0356781 2.31455 -1.15768 0.29787 
-1.18872 -0.0685126 1.03006 0.0275247 -0.50985 1.36339 -3.05006 0.677456 -0.405327 -0.218448 0.0260814 2.30613 -1.18463 0.242491 
-1.23881 -0.108374 1.0455 0.029434 -0.481773 1.42992 -3.04489 0.642483 -0.37448 -0.240211 0.0164848 2.29771 -1.21158 0.187113 
-1.29205 -0.148102 1.06072 0.0359946 -0.452435 1.49027 -3.03631 0.60751 -0.343633 -0.261974 0.00688815 2.2893 -1.23853 0.131734 
-1.34895 -0.188386 1.07633 0.0475684 -0.421436 1.54428 -3.02455 0.572537 -0.312786 -0.283737 -0.0027085 2.28088 -1.26548 0.0763557 
-1.40986 -0.22996 1.09295 0.0642111 -0.388356 1.59194 -3.01 0.537564 -0.281939 -0.3055 -0.0123052 2.27246 -1.29243 0.0209772 
-1.47501 -0.273596 1.11119 0.0856672 -0.352775 1.63341 -2.99326 0.502591 -0.251092 -0.327263 -0.0219018 2.26404 -1.31938 -0.0344013 
-1.45711 -0.282755 1.10251 0.101957 -0.33496 1.61524 -2.96122 0.518906 -0.270677 -0.338363 -0.0219856 2.26058 -1.30851 -0.0602774 
-1.4392 -0.291905 1.09382 0.118244 -0.317147 1.59707 -2.9292 0.534148 -0.288559 -0.349299 -0.022842 2.25737 -1.29566 -0.085692 
-1.4213 -0.301055 1.08513 0.134532 -0.299334 1.57891 -2.89717 0.548259 -0.304748 -0.36 -0.0243743 2.2545 -1.28091 -0.110459 
-1.4034 -0.310206 1.07644 0.150819 -0.281521 1.56074 -2.86515 0.561189 -0.319267 -0.3704 -0.0264714 2.25204 -1.26436 -0.13441 
-1.38549 -0.319356 1.06775 0.167106 -0.263708 1.54257 -2.83312 0.572899 -0.332144 -0.38044 -0.0290156 2.25004 -1.24608 -0.157388 
-1.36759 -0.328506 1.05907 0.183394 -0.245895 1.5244 -2.80109 0.583362 -0.343412 -0.390069 -0.0318845 2.24853 -1.22617 -0.179246 
-1.34969 -0.337656 1.05038 0.199681 -0.228082 1.50623 -2.76907 0.592559 -0.353107 -0.399241 -0.0349526 2.2475 -1.20474 -0.199851 
-1.33179 -0.346806 1.04169 0.215968 -0.210269 1.48807 -2.73704 0.600482 -0.361269 -0.407919 -0.0380931 2.24692 -1.18186 -0.219074 
-1.31388 -0.355956 1.033 0.232256 -0.192456 1.4699 -2.70502 0.607133 -0.367943 -0.41607 -0.0411788 2.24675 -1.15765 -0.236794 
-1.29598 -0.365106 1.02431 0.248543 -0.174643 1.45173 -2.67299 0.61252 -0.373176 -0.423671 -0.0440846 2.24692 -1.13218 -0.252895 
-1.27808 -0.374256 1.01562 0.26483 -0.15683 1.43356 -2.64096 0.616661 -0.377014 -0.430706 -0.0466886 2.24731 -1.10554 -0.267264 
-1.26017 -0.383407 1.00693 0.281118 -0.139017 1.41539 -2.60894 0.619582 -0.379508 -0.437166 -0.0488735 2.2478 -1.07784 -0.27979 
-1.24227 -0.392557 0.998241 0.297405 -0.121204 1.39723 -2.57691 0.621315 -0.380705 -0.443057 -0.0505285 2.24826 -1.04913 -0.290358 
-1.22437 -0.401707 0.989552 0.313693 -0.103391 1.37906 -2.54489 0.621904 -0.380652 -0.448392 -0.0515507 2.2485 -1.0195 -0.298856 
-1.20646 -0.410857 0.980863 0.32998 -0.0855784 1.36089 -2.51286 0.6214 -0.379393 -0.453203 -0.0518461 2.24837 -0.989026 -0.305164 
-1.18856 -0.420007 0.972173 0.346267 -0.0677654 1.34272 -2.48083 0.619862 -0.376967 -0.457534 -0.0513313 2.24765 -0.957757 -0.309159 
-1.17066 -0.429157 0.963484 0.362555 -0.0499524 1.32455 -2.44881 0.617362 -0.373404 -0.461449 -0.0499343 2.24617 -0.925755 -0.310713 
-1.15276 -0.438307 0.954795 0.378842 -0.0321395 1.30639 -2.41678 0.613983 -0.368732 -0.465032 -0.0475956 2.2437 -0.893068 -0.309686 
-1.13485 -0.447458 0.946106 0.395129 -0.0143265 1.28822 -2.38476 0.609819 -0.362964 -0.468389 -0.0442686 2.24004 -0.859739 -0.305929 
-1.11695 -0.456608 0.937417 0.411417 0.00348647 1.27005 -2.35273 0.60498 -0.356104 -0.471648 -0.0399207 2.23498 -0.825805 -0.299282 
-1.09905 -0.465758 0.928728 0.427704 0.0212994 1.25188 -2.3207 0.599591 -0.348145 -0.474964 -0.0345328 2.22832 -0.791293 -0.28957 
-1.08114 -0.474908 0.920039 0.443991 0.0391124 1.23371 -2.28868 0.593795 -0.339062 -0.478519 -0.0281003 2.21987 -0.756224 -0.276598 
-1.06324 -0.484058 0.911349 0.460279 0.0569254 1.21555 -2.25665 0.58776 -0.328811 -0.482524 -0.0206322 2.20942 -0.720608 -0.260154 
-1.04534 -0.493208 0.90266 0.476566 0.0747384 1.19738 -2.22462 0.58168 -0.317329 -0.487223 -0.012152 2.19681 -0.684438 -0.240001 
-1.02743 -0.502358 0.893971 0.492853 0.0925513 1.17921 -2.1926 0.575784 -0.304517 -0.492897 -0.00269698 2.18189 -0.647686 -0.215879 
-1.00953 -0.511508 0.885282 0.509141 0.110364 1.16104 -2.16057 0.570347 -0.290241 -0.499876 0.00768116 2.16454 -0.610293 -0.187497 
-0.991628 -0.520659 0.876593 0.525428 0.128177 1.14287 -2.12855 0.565705 -0.274305 -0.508547 0.0189154 2.14472 -0.572147 -0.154543 
-0.973725 -0.529809 0.867904 0.541715 0.14599 1.12471 -2.09652 0.562279 -0.256434 -0.519375 0.0309219 2.12244 -0.533061 -0.11668 
-0.955821 -0.538959 0.859214 0.558003 0.163803 1.10654 -2.06449 0.560602 -0.23623 -0.532926 0.0435969 2.09789 -0.492728 -0.0735511 
-0.937918 -0.548109 0.850525 0.57429 0.181616 1.08837 -2.03247 0.561362 -0.213118 -0.5499 0.056812 2.07145 -0.450671 -0.0247934 
-0.920015 -0.557259 0.841836 0.590578 0.199429 1.0702 -2.00044 0.565448 -0.186254 -0.571157 0.0704064 2.04381 -0.406155 0.029958 
-0.902112 -0.566409 0.833147 0.606865 0.217242 1.05203 -1.96842 0.574 -0.154398 -0.597748 0.0841767 2.01606 -0.358092 0.0910613 
-0.884209 -0.575559 0.824458 0.623152 0.235055 1.03387 -1.93639 0.588459 -0.115732 -0.63091 0.0978634 1.9899 -0.304915 0.158853 
-0.866306 -0.584709 0.815769 0.63944 0.252868 1.0157 -1.90436 0.610579 -0.0676035 -0.672007 0.111139 1.96788 -0.244443 0.233556 
-0.848403 -0.59386 0.807079 0.655727 0.270681 0.99753 -1.87234 0.64237 -0.00623581 -0.722334 0.123612 1.95408 -0.173798 0.314803 
-0.8305 -0.60301 0.79839 0.672014 0.288494 0.979362 -1.84031 0.685553 0.0730998 -0.782314 0.134938 1.95569 -0.0899286 0.39972 
-0.812597 -0.61216 0.789701 0.688302 0.306307 0.961194 -1.80829 0.738746 0.172484 -0.848255 0.145347 1.98351 0.00655209 0.478512 
-0.794694 -0.62131 0.781012 0.704589 0.32412 0.943026 -1.77626 0.793149 0.282348 -0.908456 0.156368 2.04127 0.104102 0.536484 
-0.754727 -0.613065 0.764468 0.661963 0.356454 0.939088 -1.81623 0.754221 0.20256 -0.902691 0.134967 2.06913 0.0753316 0.515092 
-0.71476 -0.604821 0.747923 0.619338 0.388788 0.93515 -1.85619 0.724633 0.134162 -0.897077 0.11217 2.10773 0.0530351 0.495971 
-0.674793 -0.596576 0.731379 0.576712 0.421122 0.931212 -1.89616 0.703918 0.0772501 -0.894212 0.0887839 2.15605 0.0377451 0.480365 
-0.634825 -0.588331 0.714834 0.534086 0.453456 0.927275 -1.93613 0.691338 0.0309336 -0.895622 0.0656558 2.21275 0.0291445 0.468904 
-0.594858 -0.580087 0.69829 0.491461 0.48579 0.923337 -1.97609 0.686079 -0.00605237 -0.902051 0.0436349 2.27672 0.0265734 0.46163 
-0.554891 -0.571842 0.681746 0.448835 0.518124 0.919399 -2.01606 0.687345 -0.0350072 -0.913719 0.023539 2.34707 0.0293132 0.458235 
-0.514924 -0.563597 0.665201 0.406209 0.550457 0.915461 -2.05603 0.694397 -0.0571341 -0.930474 0.00613463 2.42311 0.0367044 0.458248 
-0.474957 -0.555352 0.648657 0.363583 0.582791 0.911523 -2.096 0.706551 -0.0735095 -0.951886 -0.00787855 2.50423 0.0481853 0.461141 
-0.43499 -0.547108 0.632113 0.320958 0.615125 0.907585 -2.13596 0.72318 -0.0850942 -0.97731 -0.0178834 2.58984 0.0633 0.46638 
-0.395022 -0.538863 0.615568 0.278332 0.647459 0.903648 -2.17593 0.74371 -0.0927598 -1.00593 -0.0233614 2.67935 0.0816964 0.473463 
-0.355055 -0.530618 0.599024 0.235706 0.679793 0.89971 -2.2159 0.767619 -0.0973163 -1.03678 -0.0239086 2.77208 0.103125 0.481931 
-0.315088 -0.522374 0.582479 0.193081 0.712127 0.895772 -2.25586 0.794441 -0.0995375 -1.06885 -0.0192499 2.86734 0.127437 0.491379 
-0.275121 -0.514129 0.565935 0.150455 0.744461 0.891834 -2.29583 0.823761 -0.100182 -1.10103 -0.00924823 2.96437 0.154587 0.501461 

