-2.72745 1.03902 -3.78955 1.15608 20.9879 23.2439 0.108984 -0.723697 -1.40566 0.393321 -2.59833 1.98325 -2.9344 0.0557188 -1.00936 -0.946103 0.12936 2.21735 -0.672122 1.1564 
-1.63061 -5.2359 -2.59153 -20.7602 9.96436 24.3088 -0.617579 -1.95514 -1.04031 0.125436 0.740363 2.07301 2.17392 0.200187 0.222319 -0.962332 0.435721 1.61724 -0.747055 1.40471 
-5.97317 -7.01608 -5.50727 -6.92882 28.2648 -3.97175 0.739192 -1.88194 -1.27738 0.803013 2.80239 1.23771 -1.92176 -0.595412 -0.876321 0.186823 0.380182 2.95635 0.93247 -2.92995 
3.18974 -5.99394 -4.79364 -6.03521 5.11232 -27.5607 0.0566768 0.296364 -2.85726 0.538099 -1.20111 -1.05149 1.32826 1.3851 -1.07603 -2.36875 0.695757 -0.902452 -0.350427 1.80553 
3.48088 -5.34022 5.59167 -16.8391 -18.984 3.47627 -2.42711 -0.682717 2.39066 0.747845 -1.26737 0.161271 -2.79757 0.752954 0.0807492 -1.86692 0.879506 -1.36453 1.28568 -1.84131 
1.89804 0.256118 -8.3085 -20.4051 28.2626 3.8663 -0.845272 -1.21531 1.63276 0.9786 -0.60908 0.803643 1.65282 1.43757 0.374838 -0.898993 0.722623 0.78924 -0.740074 2.39888 
6.92907 -2.85545 5.61085 -5.79113 -17.2634 11.7402 -1.84046 -0.382766 -1.66212 2.6179 -0.174178 0.78176 -2.17357 0.487837 0.728137 -1.80758 0.0664292 -1.74354 0.689117 0.375194 
5.71806 -2.14858 4.23471 2.96087 9.21002 26.3911 -1.83201 -1.21519 1.70242 0.750336 0.571994 -0.425285 1.26736 -0.425851 -0.731796 -0.366375 0.045722 0.119498 0.120448 1.34037 
0.550585 -6.33141 -5.53493 -10.2828 9.70572 -27.649 -2.05997 -0.566172 1.74666 0.686488 -0.837538 0.00758105 0.627956 -0.0348179 0.900127 -2.08678 0.219909 1.8373 1.16828 2.0086 
2.81677 -1.69041 1.49925 -1.35767 -12.0592 -11.46 0.117651 0.601885 2.42669 -0.0201358 -2.86849 0.0662665 2.34822 1.89263 -0.310151 2.30988 0.784022 1.15067 2.04041 0.808382 
-0.327272 -6.49281 -6.54723 -16.316 -26.5388 12.1859 -1.73379 0.174049 -2.84733 0.967643 -1.56213 -0.590649 0.0539365 0.33963 -1.28885 2.44791 0.225239 1.83511 1.80924 -0.735634 
4.00506 -7.91552 -1.85818 -27.6689 -4.91002 -3.34139 -0.636239 -1.02201 -2.40917 0.657783 -2.0336 0.89678 1.18582 0.73279 -1.26347 1.89971 0.139036 1.16585 1.06878 0.18969 
-2.52003 -0.845567 -0.0710187 -8.51021 -10.8688 -28.6621 -0.661975 -0.141297 0.87017 0.483926 -0.347322 0.968035 1.78675 2.42592 0.146121 -2.63737 0.733094 -0.584922 1.55113 -1.25295 
-1.67021 3.0619 -5.30588 -15.1777 -22.638 -9.49709 -0.402082 -1.69132 0.383838 1.09764 2.09664 -0.33816 1.02154 -0.469838 -0.0162111 -0.179873 -0.0196871 -2.56349 1.00426 1.06274 
-0.963763 0.181845 -0.061794 4.19614 -0.339696 -16.5092 -0.458818 0.897799 1.52999 0.364534 0.700991 -1.23149 0.607709 0.552878 -1.12761 -0.93758 0.995889 -1.35404 -1.23977 1.15901 
9.80905 -5.30387 -3.89573 13.8981 -29.754 -10.1059 -2.16677 0.0454244 -2.98398 0.341111 0.769159 0.529764 -1.38428 1.4561 0.0775191 1.58889 0.164676 1.31441 1.51027 1.99584 
3.66754 0.415991 2.31033 13.6243 -17.4926 -0.383826 -0.923905 -0.47348 -1.57871 2.52232 -0.319751 0.825766 -2.74622 1.38669 -0.322759 -2.9885 0.653502 1.02883 1.56274 -2.11794 
8.40206 4.11111 6.60593 -6.10262 24.2479 17.2062 -1.05404 0.796763 1.41125 2.35919 -0.21205 0.492234 -0.522317 2.43976 -0.738323 1.2864 0.241181 -1.02718 -0.83149 2.15108 
6.73474 -1.58081 -2.23145 -6.7359 -1.18907 -24.3854 -1.79835 -0.602659 2.19909 0.320657 2.31974 0.284097 -2.65165 1.45023 -0.746771 -1.92523 1.00479 -2.57534 2.06856 3.05416 
-0.0555679 4.20279 1.85339 -2.35769 -6.56243 -12.0848 -0.558599 0.348556 1.36934 0.86047 -1.79163 -0.891054 0.0125314 2.03338 -0.17297 -2.37697 0.637001 1.11105 0.755875 2.67894 
3.9321 -0.275899 -5.86905 -16.1622 -11.1469 -11.6359 -1.51495 -1.18915 0.891669 0.720464 3.04588 -1.10558 -1.89596 -0.0119567 -0.42521 -0.300246 0.39328 -0.521531 -0.00645327 1.11899 
-6.94813 -1.11428 -2.02122 20.6455 -13.8534 5.08866 0.0698236 -1.91828 -0.740134 0.539051 0.310111 1.42944 -1.39496 0.737564 -0.195415 -0.427937 0.323911 1.64597 -1.32777 2.43305 
6.41814 -3.98944 -3.24759 -17.941 -7.59912 -13.1629 -0.85099 0.629252 -2.63692 0.432175 0.145898 0.531964 -0.531254 2.12634 -0.721168 2.27758 0.0376978 2.88177 -0.14472 -2.75011 
6.57453 1.37672 0.199643 -3.20598 10.66 -12.704 -2.01848 -0.915662 -0.336629 0.675711 -0.659231 0.632321 -1.581 1.45021 -0.122124 0.088013 0.390307 0.575835 0.782505 0.84921 
-2.47088 -3.41326 5.62342 -8.94616 -4.02299 -2.94181 -0.0130113 -1.87224 -0.703863 0.686319 0.74408 1.44273 2.57717 1.53418 -0.0330547 -2.23773 0.37936 2.71473 -1.47059 -1.99786 
-0.136182 -3.82391 4.67323 -9.49444 3.54157 -13.2544 0.239568 -1.55632 -0.964554 0.756651 1.1109 1.35586 -0.48823 1.48734 -0.705414 -1.46059 0.64548 -0.975455 1.64277 -2.96814 
4.8051 2.60458 1.78598 25.0166 4.94524 -29.8586 -0.17766 0.295723 2.15424 0.0279313 -2.70737 0.37496 0.0713975 0.715612 0.915993 2.72053 0.310689 -1.49537 -1.21331 2.67042 
-4.08256 6.23941 1.63265 -18.6702 -20.0885 -27.4978 0.460807 -0.484801 -2.62069 0.844636 1.0159 1.97987 -0.0386044 0.214948 0.902699 -2.15229 0.162125 1.12115 1.70544 -0.508549 
1.77425 1.2877 -1.15828 22.8933 -18.7454 -1.26961 -2.16836 0.837615 1.26908 0.99421 -2.32685 -0.0515942 0.780479 -0.462051 -1.40803 0.358433 0.0110422 -1.2643 1.31647 1.06178 
4.29529 4.07591 4.95274 -24.0558 21.8794 -2.38327 -1.98531 -0.518141 -2.14508 0.522212 -0.780608 0.398335 -1.03295 0.586401 0.593336 0.921999 0.540791 0.518808 1.01992 2.76349 
-8.33546 0.0656914 -2.91121 11.448 -21.4376 1.67847 -1.72874 -0.386715 -1.68126 0.82717 -1.20248 0.684163 -1.03762 0.962064 -0.0656646 0.724512 0.205884 0.806757 1.79536 -1.77808 
0.127115 0.281334 -2.71864 -7.58086 25.8048 20.7968 -1.6449 -1.39488 2.608 0.400067 2.09623 1.00586 1.77878 0.666214 -0.311204 0.700092 0.205555 -0.3566 1.99356 -1.034 
-1.21495 3.97216 3.04337 -14.2938 10.4037 15.6599 0.499943 -2.0746 -0.468699 0.851144 -2.8845 -1.4707 1.48261 1.82685 -0.531867 0.271891 0.378365 0.60039 2.03903 0.292269 
-2.03553 -8.1933 2.50637 -26.9667 16.7892 -5.72152 -2.23012 -1.05044 -0.481536 2.49915 2.77286 0.306969 -2.87667 0.0448219 0.797212 -2.54866 -0.0446715 -2.76055 -0.397989 -0.242932 
3.65413 -7.43133 -2.3854 -11.6092 -12.0351 21.489 -0.427623 -0.144378 1.42945 0.312161 1.91077 -0.35356 -0.784416 2.30188 0.144958 -1.57102 0.236794 -2.22748 -0.941482 1.39052 
-0.936843 -1.1119 2.88504 -13.0277 -8.43342 -26.1422 -1.16569 -0.222109 2.53559 0.522557 -3.01871 -0.498068 2.6383 0.946161 -0.704815 0.107207 0.658923 -0.635306 1.68426 2.47859 
-4.19077 -2.82704 -3.92448 -11.1091 27.8879 1.86296 -0.664326 -0.0920988 0.351384 0.640458 2.83391 0.569803 2.56224 1.03903 0.0775012 -0.459599 0.410655 -2.57916 -1.43077 0.286259 
-7.92036 2.74398 -5.51462 8.39082 0.560788 12.1846 -1.99532 -1.01836 1.23505 0.383385 -2.06578 -1.08763 1.36591 1.76246 0.895671 -0.632152 0.142219 -0.555079 0.783023 -0.341506 
3.1587 -0.0949694 -1.26501 6.64208 -10.8361 -6.46925 -1.18991 0.890827 2.33247 0.356673 0.89923 1.64368 -2.17045 -0.828093 0.317412 -2.72245 0.123805 2.26589 -0.140061 2.85123 
4.94991 -2.38315 -7.16559 -9.23931 13.5497 -17.2788 -0.75208 -0.516412 1.44401 0.153248 -2.42205 0.894008 0.839671 -0.651555 0.048708 0.861312 0.195468 -1.31699 -1.4314 -1.56054 
6.38459 -5.06782 -5.72663 -6.52734 -18.9729 2.01579 -2.19713 -0.0183438 -0.372427 0.189779 -2.70503 -0.926085 1.52254 0.423094 -0.343411 -0.0938025 0.269054 -0.468726 0.876774 -1.49951 
-1.46379 -1.68771 -3.47221 -7.10959 -26.6526 29.1232 -2.44434 -1.34146 -1.14346 0.115575 3.00322 -0.470267 -2.18408 1.81941 0.627575 2.4388 0.261026 2.5253 -1.31474 2.49461 
2.61143 -8.48403 -2.19574 -22.9292 -11.7691 25.4677 -1.51437 0.393893 3.02073 1.03709 2.05211 -0.0409541 -1.69654 0.254103 0.205601 -2.55462 0.598243 -0.808385 0.506862 2.41781 
-3.1296 3.40282 4.74917 -6.25059 -8.04136 -16.007 0.222155 -2.1424 0.362586 0.212449 2.47019 0.989115 -1.07482 1.29338 -0.52799 -2.83763 0.31005 -1.56496 -1.45105 0.32496 
-4.60253 -3.62113 4.78563 -10.8602 3.05126 -8.34571 -0.921349 -0.0257939 1.9418 0.599572 -2.09632 -1.47435 2.27682 2.10687 0.225277 2.20537 0.112522 1.15216 1.83196 -2.33836 
-8.20534 2.5289 2.96975 27.859 -29.3083 9.94373 -0.911787 0.715902 1.13528 0.42206 2.30046 0.975967 1.80291 1.66857 0.676405 -0.947538 0.142688 2.09773 -1.41872 -1.61519 
-3.11339 -5.71414 1.19022 -13.6665 -5.08126 -18.6442 -2.23726 -0.163022 0.701388 0.842273 2.07116 -0.900331 -2.15544 -0.552247 -1.94997 -2.61147 0.643311 1.65748 0.4671 -2.39229 
0.8604 -0.606038 4.70431 -1.60477 -29.0838 -7.13207 -0.270955 -2.13053 -0.0826107 0.0174362 -1.43272 -0.466285 -2.21909 0.59511 0.0600227 -2.68352 0.398775 0.0660076 0.863517 -2.76862 
-1.22636 1.55532 -3.43467 -19.2854 -29.8312 -15.0191 -1.0026 0.316382 0.58771 0.204525 0.836948 1.94791 -1.11422 -0.643775 -1.74648 2.36866 0.474286 -0.314315 1.77234 2.53738 
-0.776155 3.05174 -2.8528 5.08467 21.936 -9.92795 -0.122801 -1.66552 1.22955 0.810314 3.05366 -0.180311 -1.47428 1.48098 -0.839777 0.0397174 0.150141 -0.060897 1.99077 -0.975687 
-1.70771 5.20336 3.56071 -21.3592 8.84031 10.08 -1.8763 0.549458 1.9587 0.892108 3.03669 -0.519247 -0.263518 2.08395 -0.872581 -1.98047 0.0131711 2.88693 -1.33453 -1.84114 
1.05822 1.86737 1.43755 7.32868 1.2637 -8.17547 0.131598 0.139252 0.256926 0.138945 -0.807427 -1.35079 2.26917 -0.425367 0.278209 1.0055 0.204091 1.9999 -0.437551 0.102663 
1.5083 4.39201 -2.63541 2.94836 -11.6857 10.7734 -0.382389 0.36654 2.36502 0.775065 -1.65756 1.10173 -1.77111 1.45217 0.145288 2.58105 0.177289 0.850699 1.95884 2.73666 
5.4218 -4.86421 2.75027 -0.181621 -11.1763 -7.42804 0.606205 -1.61688 -2.68862 -0.0424673 -2.55046 2.02558 -0.446655 -0.652637 -0.193469 2.25598 0.663827 0.903218 1.737 -0.537019 
1.39529 5.78178 -5.22081 -25.2936 -14.4989 -26.1141 0.299171 -0.536057 0.0502509 2.37763 0.360069 0.464663 1.94248 2.13436 -0.843435 2.06093 0.101676 -2.03234 -0.481352 1.07997 
3.00556 2.1751 3.22367 -6.53171 19.7239 -10.5508 0.419937 -0.746735 0.0810647 0.596968 1.80732 0.503189 -2.10131 0.498054 -0.560472 0.731776 0.516668 1.99638 -0.875539 1.54587 
-2.96193 -0.241064 0.552486 1.1499 -18.4501 -11.4972 0.0792991 -0.459054 -0.353556 2.2977 2.85969 -0.741697 -0.353187 0.261939 0.568521 -2.95706 0.346962 -2.95068 -1.08595 -0.66361 
0.703434 -6.79015 -6.00371 -22.6578 -11.5659 -14.197 -0.635331 -1.4524 1.12138 2.34245 2.58062 0.547587 -1.3683 2.17834 0.231214 0.931159 0.585531 -1.63277 -0.657077 0.252779 
3.08624 0.855135 1.75564 23.8391 -22.0111 -20.1781 0.258125 -1.33872 0.441157 0.733101 2.38524 0.432076 -0.140366 0.706569 -0.455391 -2.31705 -0.0077965 2.04849 2.04667 -0.811592 
-0.438214 -9.56228 1.5356 -23.1375 12.6775 22.5324 -1.93003 -0.704975 -1.64542 2.51723 -0.353209 -0.692066 -1.22026 -0.0602202 -0.060243 2.21888 2.60773 0.132856 1.51218 2.92866 
-0.883194 -3.4872 -6.55734 -15.4168 -6.73881 18.7137 -1.49443 -0.822804 1.90012 1.01298 1.25344 0.586967 1.10974 1.17447 0.409679 0.86907 2.60289 -1.63985 1.73846 0.34233 
5.17873 -7.41038 4.51786 -22.9725 -12.3709 10.13 -0.501577 -1.35961 1.82797 0.230395 -0.780836 -0.674021 2.97058 2.25861 -0.321661 2.19308 0.230537 2.17832 1.84631 -2.89051 
-3.64506 8.40635 3.99355 -27.0602 -5.17541 -8.24572 -1.06014 0.177004 2.96907 0.513784 -2.3935 -0.0119819 -2.21833 1.40013 -0.877726 -2.50909 0.0447057 -2.97252 0.487294 0.415256 
-3.97355 -0.00862773 0.290959 24.0273 23.9507 19.7817 -0.816806 -1.57038 1.84367 0.251528 -1.95513 1.60231 2.72572 0.478376 -0.721477 2.05234 2.53226 -2.96708 -1.55757 -0.857611 
7.34055 -1.89888 -2.00099 5.39601 -4.79121 -27.4525 -0.570042 -0.810074 0.866782 0.955155 2.25807 -0.82249 -1.79581 0.0111138 -1.30791 -0.378661 0.707524 0.464873 1.06865 -1.87953 
0.545138 4.86241 2.35471 -14.3923 -19.9184 -4.80463 -1.69196 0.0617947 -1.17604 0.291161 2.75251 -1.15094 -0.369555 0.67457 0.268033 1.03787 0.835644 -1.10123 0.977641 1.10372 
5.55219 -7.07849 2.24638 -0.573169 -14.9082 3.99301 -1.04901 -0.401565 -0.411568 2.57708 0.34103 0.0403024 2.838 2.15216 -1.5662 0.70861 0.0132052 2.25471 2.07856 2.708 
-1.27199 2.80321 -0.408802 19.2708 10.9876 -20.6352 0.655147 -1.02585 2.84767 2.45901 -0.819481 2.0063 -1.4867 0.445933 1.02042 2.84544 -0.0119428 0.346005 2.00593 -1.22124 
3.40958 -4.82642 -7.41749 -21.44 -13.7481 3.53176 -0.103366 -0.291519 2.21998 0.563325 -1.23206 0.273607 -0.279806 0.882266 1.03272 1.15577 0.297719 -2.70734 -1.25405 3.04029 
3.83191 -4.52784 3.33787 -5.4711 20.9258 27.577 -0.890045 0.333778 2.12015 0.58709 -2.01898 1.29089 -1.47621 1.75897 0.212158 -1.3256 0.530409 2.65844 -0.346707 1.58503 
2.52486 -2.24393 0.445065 3.10889 4.25733 21.4088 0.699486 -1.19953 -0.0179509 0.583175 -1.85049 0.847588 0.00874411 0.111173 -0.941028 0.19278 -0.0331952 -0.947377 0.817088 -0.00637192 
4.95017 -9.17248 -3.56213 -11.6087 -21.5641 14.6926 -1.43286 -0.508957 0.454181 0.0692291 -2.0484 -1.13107 1.42161 -0.407421 -0.271469 0.00609039 0.561057 -2.73741 1.91029 -0.488319 
-2.77433 3.19452 -1.46637 19.9478 -5.06427 -4.32643 -0.67997 0.992252 2.08077 0.0573426 2.56599 -1.15535 -1.23769 0.618399 0.342881 -2.98344 -0.0441504 1.6735 1.95249 -1.20611 
-7.45216 -2.04113 0.832599 1.61345 26.8949 -22.1642 -0.6829 -1.89555 1.03951 0.167274 1.44122 -0.825089 -1.8375 0.224698 -0.0123512 -1.68077 0.263954 2.89478 -0.016517 2.1783 
-1.55186 0.710005 -4.62453 -18.287 -24.7758 5.07794 -1.10866 0.0835601 -1.76381 0.904972 0.436421 0.165924 0.809505 1.98088 -0.179941 2.63392 0.427641 1.89566 -0.975708 -2.24708 
0.571726 -8.32527 -1.55193 -19.852 -11.5202 6.58334 0.0873993 -2.00739 -0.593599 0.663602 -1.62497 -1.5305 1.30396 0.629137 0.24276 -2.06272 0.197675 -1.14744 -0.88794 -0.135007 
0.030933 -6.79816 2.42767 -3.45503 -0.258122 -16.7834 -2.28279 -0.38008 2.55529 0.859977 -2.01975 -0.0817806 1.92103 0.599082 -0.328028 -2.58841 0.177712 0.309936 0.805455 1.37576 
2.76472 -3.2913 -0.0516223 1.47701 -5.03289 -13.5656 -2.28783 -1.76673 2.84652 0.207714 0.731405 -1.55176 -0.38968 -0.259952 0.538254 2.11168 0.76331 2.09851 1.99374 2.37611 
4.98168 -6.55508 3.01654 -7.85904 -11.7196 1.17266 -2.25802 -0.0321761 2.8638 0.924901 -0.827133 0.0777537 0.819712 1.28726 0.822944 -1.91475 0.282752 -0.552537 1.8732 0.367665 
-6.92524 -7.23616 0.0372996 -3.73741 13.9817 11.4954 -1.68435 -1.22156 -1.65218 0.267382 0.0723276 1.55437 -1.12214 1.49077 -0.466628 -0.101495 0.817532 0.434851 0.814078 2.42665 
-9.17437 -0.336968 -6.75083 20.267 17.3317 22.6752 -0.0611888 -1.36222 0.596041 0.446776 -0.416835 1.18334 1.89837 1.02669 0.35719 0.431628 0.0438761 -1.23676 1.45643 -0.469804 
7.23461 -5.42813 0.751092 3.18108 -29.3628 17.1801 -0.215046 0.0206995 0.794318 -0.0251586 -0.58419 -0.992154 0.538469 0.843101 0.194554 -1.53199 0.0314429 1.71544 1.82542 0.98574 
7.40172 -5.00646 8.06232 -16.5967 -22.0558 22.1095 0.233851 -2.05792 0.0650456 0.660808 -1.1589 0.626872 -2.76834 0.274842 -1.90855 -0.417723 0.181294 0.418437 0.915544 0.607489 
-0.0505758 -6.59871 0.169815 -9.25577 -19.7614 -26.4236 -2.24172 -1.28578 -1.24595 0.195558 3.05781 -1.39143 1.53365 0.0409347 -1.89117 2.86653 0.207056 -1.22453 -0.638772 0.21854 
-2.30282 -0.372194 -3.2197 19.8852 -15.9845 6.61897 -1.56218 -1.49336 1.55499 0.17741 0.248748 1.33805 -0.801588 -0.0941611 -0.66919 -0.294653 0.276745 1.21201 0.86212 -2.87646 
-4.66858 -5.54195 1.50078 -12.2278 3.81085 16.3184 -1.52944 -0.740881 0.9341 0.389471 -0.0412189 1.50569 0.283246 0.880744 0.0771484 0.302826 0.221132 -0.718769 1.49804 0.938247 
-0.331934 -4.88422 -1.92432 10.4027 -18.3331 -4.99218 -1.51771 -0.649925 1.75297 0.941777 1.87204 0.945306 -1.05281 0.569185 -1.48882 0.147258 0.48887 -1.4864 1.93612 -0.735695 
-4.46804 1.56992 0.787102 12.0081 25.5737 -24.1711 0.394999 -1.43083 -0.502973 0.0671735 1.00339 0.0605562 -0.457402 -0.254331 -0.937581 -0.323927 0.527468 -2.72712 0.893252 -0.611026 
7.90077 -5.23818 3.59031 11.8749 -17.6251 -6.80645 -0.293955 0.725883 -2.97164 0.486551 1.27776 -0.859112 2.98618 1.01462 0.853563 -2.48781 1.0627 -0.194137 -0.865708 -1.99324 
6.37076 2.3079 2.39953 5.47155 24.4023 -11.7452 -1.89958 -0.292298 -2.00421 0.563024 -1.47392 -0.936221 -2.29091 1.73306 -0.230217 2.04749 0.32795 -1.34008 0.804961 -2.81108 
3.15766 1.87391 -0.108704 -8.26475 23.1603 6.30849 -0.338382 -0.580613 0.284827 0.023222 -0.201163 1.66852 -0.714576 0.0135592 -1.08448 -2.0601 2.50677 -1.07203 -1.29335 2.04423 
1.99583 -0.465527 -2.50793 13.573 -2.08163 -1.60631 0.825461 -0.438678 1.82468 0.00160776 1.16086 -1.19501 -2.55782 0.931495 0.186032 1.98647 0.0146207 2.76369 -1.33071 1.82199 
-3.80666 -1.24205 -6.07503 -26.3924 18.1633 21.8573 -0.254472 -0.399014 1.64499 0.531432 -1.8945 -0.617889 -2.63621 2.1775 0.719547 -2.33648 -0.0486582 0.776049 1.39438 -0.534734 
-4.48241 7.99712 -4.61457 -18.9482 -17.6186 -3.12606 0.0859621 0.89577 1.96743 0.662092 1.86101 0.640248 -0.273404 1.74845 0.819493 -2.55419 0.258893 -2.08587 -0.632606 0.326145 
-7.36081 2.97528 -3.6296 7.09673 -27.0427 26.7611 -1.97478 -0.55819 -2.64233 2.40036 -2.76802 0.52757 0.655064 -0.0747061 0.117633 -1.20522 0.19656 -1.46932 0.230419 0.243242 
-8.56618 -7.5508 -4.90179 2.60838 22.9607 21.8716 -0.693121 -1.43269 1.01156 0.791761 2.96098 -1.54741 -1.4958 1.71438 0.0061708 1.55274 0.878153 -1.06516 0.899344 0.135502 
8.86823 -4.64136 -4.34465 -0.19808 -13.7843 -27.3172 -0.282948 0.959351 -1.7153 0.993828 -2.01796 -0.769256 -0.322512 -0.551408 0.284122 -2.46406 0.181334 2.62887 -0.51645 -2.89367 
0.224876 -3.72625 0.800934 -9.26813 26.6385 -11.6927 -1.46738 -0.281626 1.82856 1.04495 2.33793 -0.338855 -2.72829 1.50265 0.917136 2.32506 0.728289 0.343156 1.52472 2.50383 
7.599 0.132127 1.47527 13.2265 -6.72124 0.119466 -1.49707 0.485279 -2.95622 1.06036 2.51919 -1.28237 -2.48262 1.86962 -0.232548 -0.655314 0.287833 3.02992 -1.5289 2.76785 
-1.39427 -2.21183 -9.6576 -23.2413 -28.6907 17.5627 0.0194243 0.81934 2.01148 0.543092 1.0311 0.453701 1.72728 0.707587 0.740318 -2.64356 0.365875 -0.655562 1.39532 -2.30056 
5.32567 0.875006 -4.7207 -22.6861 11.5526 -25.8238 -1.63321 0.0048252 -0.832302 0.235006 2.02943 -0.693782 -2.77754 2.43937 -0.696122 1.37901 0.13612 2.44842 -1.51622 1.1102 
5.56952 9.9391 3.23299 -22.9237 26.9192 6.14002 -0.0775806 -0.409207 1.10518 0.299738 -0.565684 0.336359 -0.357537 -0.102108 -1.09548 0.359601 0.319754 2.29372 0.756256 -0.250381 
-0.0658285 -3.22741 -3.48048 0.258718 -14.1978 14.2687 -0.844892 -0.439775 2.15903 0.0498341 -0.608701 0.9579 1.28314 0.131206 -1.32915 -0.262419 0.289872 -1.76127 -1.27978 1.1283 
-4.83319 3.92507 1.32702 -7.45026 13.1729 2.4325 -0.683934 0.355139 0.869043 0.0259346 2.86365 -1.22703 2.5449 1.27619 -1.29932 1.10134 0.00926454 0.234924 1.98178 1.9102 
0.445233 3.92681 -2.76048 -25.0331 -28.1756 -12.8559 0.515287 -1.44238 -2.59144 0.569584 -0.99031 1.58897 1.85585 1.91804 -0.0586101 0.408318 0.28923 -2.94853 -1.43039 -0.68692 
4.72415 -8.76469 3.23134 -11.9438 -16.2117 1.29789 -1.13239 0.739763 -0.787056 2.54232 -1.42584 0.138004 -2.66725 1.50682 -0.874453 -2.16858 0.720547 -2.04951 1.448 0.221494 
-6.23098 -3.11859 -3.51431 26.8651 24.2027 -13.7129 -1.7319 -0.363081 -2.4524 0.394067 -1.53247 1.71029 -2.34734 2.06175 -0.24204 2.68693 0.421755 1.15266 0.831472 -0.438242 
-7.93721 -1.85456 -3.57581 -4.02758 25.2385 15.1849 -1.46673 -0.898642 2.88103 0.313435 -2.33487 1.67789 0.967236 0.767184 -0.150277 -2.13601 0.748947 -0.755848 -1.34956 2.18658 
-0.721173 -1.61926 1.25458 8.81418 -7.2502 10.5325 0.791784 -1.64002 0.00296576 0.482889 2.26787 1.07267 3.05552 1.00194 0.303056 2.78002 0.894864 -1.28648 -1.11684 2.31511 
0.495244 -0.230155 6.12115 -4.19873 -20.2531 -24.1401 0.569401 -0.902081 0.805132 0.172826 -0.994311 0.0959656 -2.88918 1.71888 0.995326 2.46443 0.740766 1.54345 1.74125 -0.080906 
4.20699 -5.40772 -1.0247 -12.1095 -11.9212 -5.50106 -0.564874 -0.667699 1.40022 0.123016 -0.916175 0.488284 2.22863 1.96824 0.148732 -1.96327 -0.00542369 -3.0262 -0.417516 -1.66199 
7.17737 -5.58177 -2.00723 -0.303537 -24.0015 7.31795 -0.625685 -2.11794 0.819792 0.166464 -2.54392 -1.38671 -2.19152 1.22417 -1.96787 -0.0135648 0.921056 2.82778 -1.13295 0.677491 
2.01192 -0.952509 2.56011 -4.84501 3.50985 18.0632 0.0267672 -0.541994 1.58047 0.564892 -2.20053 1.23476 0.82532 1.5217 -1.73483 -0.141066 0.53536 -1.67385 1.32975 2.72073 
-4.43619 -1.74003 -4.14021 8.06311 -11.7049 9.07311 -0.16193 -0.533565 0.509056 0.63579 1.23907 1.60239 0.678422 0.655867 0.778186 1.97951 0.54015 -2.60085 -1.30665 -0.315766 
7.03696 3.47766 -3.65778 -9.62978 7.63757 -21.2858 -0.0463517 -1.60535 0.711472 0.859886 1.47367 0.0760101 -0.884239 0.984819 0.428672 -3.02661 -0.0397936 2.39181 2.09114 -0.282114 
4.71297 -3.48943 -0.935418 9.65924 -15.1922 23.0929 -0.311831 -0.383592 -1.00781 2.56454 0.399242 0.361764 0.638872 0.237392 0.562829 -2.68797 -0.0508033 2.45186 -1.44273 2.96978 
1.01456 -0.465275 -7.34619 -20.775 -26.0601 10.8228 0.0548312 0.298007 -2.78552 0.0522911 -1.98387 1.92197 1.52615 1.57049 -0.0415973 -1.54923 0.336017 2.44992 -0.717536 -0.260244 
-0.306166 -3.20911 -3.33062 9.46843 20.3071 -7.15656 0.598302 -1.326 -1.09375 0.439807 -0.954914 -1.40662 -0.362952 1.12826 -0.43958 -2.2984 0.665672 -1.36827 -0.345066 -0.887555 
5.27174 0.399021 0.921464 20.4312 9.29357 16.5376 -1.40277 -0.938715 0.784031 0.62364 -0.0458392 0.533317 1.42759 -0.530268 -0.224606 0.0821276 0.185838 1.63855 -1.47982 -0.219771 
-8.94952 0.685215 -4.85387 21.2914 -25.0684 18.393 -1.48177 -0.518224 -0.0294494 0.623366 0.694718 1.11903 -1.53397 0.960623 0.0344016 -1.89744 0.944646 2.20647 0.99964 -3.00437 
-1.81728 0.273906 5.72843 2.33237 20.9467 1.41499 -1.00229 -0.198282 -1.15326 2.48089 -2.93527 -0.107957 -0.0294223 1.53965 -0.0416368 -1.78182 0.552959 1.532 -0.476733 -2.31125 
2.06693 -0.316844 5.19514 -18.75 25.2111 6.76472 -0.826064 -2.12851 -0.279744 0.413818 -1.21889 -1.37863 0.562156 0.291775 0.171612 -2.82072 0.0553402 -1.87244 -0.654457 2.51302 
-0.0780813 -1.84982 -7.45681 -9.29731 11.5888 -5.55345 -0.75872 0.797058 2.03657 0.0947609 -1.96277 -0.855305 2.46847 -0.697423 -1.63091 0.149068 0.0363176 -0.290087 1.29335 -1.92049 
-5.66079 -2.561 -9.69248 -16.5844 22.2098 20.3915 0.508059 -0.21883 0.941932 2.57049 1.02412 0.547586 -1.13367 0.5434 -0.413241 -2.22518 0.0512871 2.53817 0.872273 -0.217114 
4.05437 -3.29103 -0.249459 14.0322 24.9184 1.75261 -1.88874 -1.02576 -1.21403 0.0402016 -1.73171 0.856662 -1.61269 1.41225 -1.18293 2.14832 0.79112 -2.63971 0.738782 -0.355437 
1.15044 -8.01633 -2.38051 -13.4839 3.46868 -29.2065 -2.44797 -1.89329 -0.846171 2.577 -2.40651 -0.245826 1.05503 -0.866565 0.912067 2.33392 0.291342 0.55656 1.76621 -2.14043 
5.97347 -5.24041 2.14793 1.98323 -23.4733 20.2852 -1.41761 -0.49077 1.19265 0.520896 0.997533 0.558785 -1.32146 -0.251297 -1.00096 -0.365935 -0.0228181 2.6089 -1.25047 -1.38271 
-3.4418 -4.16542 -4.24282 -4.45235 8.98079 -17.7849 0.443867 -1.58386 2.455 2.44961 1.9763 -0.591815 1.75129 1.94305 0.560031 -0.31707 0.588254 0.138465 -0.0750786 -0.139925 
0.440234 3.05895 -2.985 -9.71701 -17.0952 0.886012 -0.352434 -0.678611 1.16912 0.396122 -1.4472 -0.306405 3.02989 2.00703 -0.361452 -0.722296 0.056814 0.0409373 1.17017 3.05824 
1.49796 -7.57875 -0.681521 -29.0524 -17.5994 -24.477 -0.751057 -1.19514 -2.78887 0.346814 -0.777738 0.662129 -0.753114 2.21406 0.958959 2.88294 0.312094 0.0207113 1.09709 1.94882 
10.8173 -0.847523 -4.32206 28.8742 20.1657 -17.529 0.232049 -1.81381 0.608628 1.03233 2.73041 1.89578 0.0143662 1.36673 -0.862136 0.149704 0.377677 -2.02803 2.0944 -1.37807 
4.53989 4.36665 0.978901 10.2566 15.169 8.21521 -0.526226 0.123745 2.25495 1.00067 1.82039 -1.04181 -2.44356 1.60313 0.754274 -0.483481 0.409944 2.59447 -1.30847 2.72207 
6.06101 3.13528 2.95666 -0.707125 -7.3049 22.7128 -1.87561 -0.756152 1.49457 -0.0514174 2.5073 1.02867 0.864636 -0.41349 -0.196979 -2.44534 0.0905691 -2.51066 0.217604 2.47856 
6.08639 -6.30731 2.11742 -2.71917 -8.95055 -2.04019 -0.381059 -1.37407 2.92204 2.61169 -2.37172 0.735744 -0.085808 0.973649 -0.354352 -0.542016 -0.0343326 -1.05679 0.96533 -1.43472 
-2.95915 5.2264 -2.19698 -6.25151 13.7036 -10.4519 -2.37367 -0.424629 1.31743 0.418827 0.785063 1.46895 -2.43814 0.884606 -0.700778 -0.866561 0.553663 -1.43286 1.19192 2.5964 
3.45956 -7.10541 7.73548 -29.4085 -13.6415 28.8371 -0.496568 -0.267978 1.13971 0.74818 1.5208 1.2661 -1.53848 2.1102 -0.387672 -0.524718 2.52446 -2.55829 1.72646 -0.310362 
-8.30692 1.52978 -5.96953 4.71981 -18.3326 18.5972 -0.636542 -0.244921 1.81109 0.738668 0.874826 -0.636268 -1.53388 1.88526 -1.76874 -0.0365197 0.371467 1.71587 -1.2963 1.94539 
-7.17549 -9.18797 -0.255983 -12.8913 22.0758 6.61772 -2.21414 -0.00057155 -1.50656 0.542719 2.323 0.65876 -2.22982 2.2612 -1.27727 -0.225379 0.765518 -1.70268 -0.995545 -0.766056 
-3.97639 4.12426 -0.130546 -9.50593 -15.6708 -9.54065 0.0539162 0.700954 -0.824001 2.47302 2.55273 0.149002 0.238014 -0.0169612 0.828884 1.52722 0.793857 1.41204 0.997884 1.12074 
3.96787 -3.82232 -2.23066 -8.62985 -7.10237 -1.84418 -1.35422 -1.53031 -0.612457 0.200474 -0.630458 1.97651 -0.0440309 1.53344 -0.333321 2.80058 2.47956 -0.176838 -0.719588 -1.58732 
-4.18481 -0.208956 7.237 -23.4113 -10.2473 -15.8833 -0.0494688 0.805354 1.77393 0.676985 0.537628 -1.06581 -0.765326 1.34398 0.357147 0.835468 0.612456 1.16643 -1.40302 1.84381 
7.67625 1.64326 -3.1462 -9.93798 6.58614 -20.9828 -1.74163 0.0034272 -1.63588 0.313028 2.5721 -0.259082 2.04412 0.651803 -0.726536 2.47786 0.768394 2.01764 -0.341401 -0.932416 
-2.63292 1.85322 -5.22517 0.653219 22.5347 9.49424 0.159695 -1.13624 -1.70548 0.760284 2.97684 1.53347 -1.58377 0.422086 -0.611142 -1.428 0.206634 -0.426144 0.272864 -0.522019 
-2.32423 0.606826 -4.07782 -13.3895 -20.9527 5.56508 -2.16751 -2.07476 1.58298 0.186346 2.15482 1.16823 1.11454 0.0462895 -0.396651 -0.303493 0.0419731 -2.7628 1.54127 1.05865 
2.58842 -5.96692 0.237018 -2.09525 -17.4115 -14.2806 -1.8669 -0.333476 1.25109 0.605415 1.77691 -0.941165 0.337213 0.164004 1.02142 -1.43074 0.205848 -0.817748 0.430978 0.983061 
4.17774 -2.50948 3.80856 -7.92727 -17.1445 -20.974 -1.64287 0.320263 -3.0167 0.716661 -1.32377 0.00573954 2.25404 -0.06572 -1.34505 -2.81276 0.782741 -0.0077115 -1.23453 1.82615 
-7.47312 7.66422 -0.441341 4.52266 -21.5515 -1.95446 -0.170826 -0.988163 -3.02545 2.5141 -0.920552 1.20429 3.01351 1.89786 -1.3096 -1.09161 0.18526 -0.659868 1.09315 0.14765 
-2.64389 6.33253 -3.75248 -19.7989 -5.1874 -5.41311 -0.934628 0.70613 1.81717 0.840524 1.036 -0.177355 1.16742 1.46367 -1.52432 -0.557938 0.400017 1.5655 -0.956152 -0.465322 
-4.24452 -1.75507 7.78904 -21.9868 2.90973 -8.53373 -2.06595 -0.513463 1.67307 0.993487 1.33963 0.193677 -0.707714 1.22777 0.922667 -0.657739 0.0169286 1.44515 -0.7484 -2.37614 
3.07535 -4.43475 9.1457 -22.1935 -8.9488 14.4002 -0.325986 0.287308 1.40259 0.268829 -0.972222 0.438679 1.81688 0.889199 0.183877 -1.59916 0.0611798 -0.167571 1.43291 3.03359 
0.892654 -5.18524 1.2455 -1.30234 -28.1108 13.5808 -0.945555 0.335277 0.747422 0.485338 -2.54522 -1.10124 2.27318 2.20594 0.44427 -0.871077 0.0464311 0.0819185 1.38034 -3.05137 
-3.27099 3.009 1.39327 10.961 5.39181 -14.6379 -0.586132 0.350563 -1.13264 0.443008 -0.726905 2.08731 1.85558 -0.575261 0.239206 -2.47201 0.0211743 -0.0341703 0.835172 0.00426402 
-6.89568 -1.07849 -1.10259 22.5941 -0.900027 15.9917 0.584748 0.485589 -2.59457 0.845761 2.31087 -1.21376 2.30068 1.25233 -0.456581 2.51852 0.455642 3.04745 -1.21329 0.882654 
-1.57363 -0.351403 2.75934 10.9392 11.8663 28.2268 0.045598 -1.38624 0.666294 0.320188 1.79963 -0.309298 -2.69038 1.38877 -0.334681 -0.39134 0.508439 -1.1011 1.27228 0.847427 
-5.03188 -4.68049 7.07319 -21.6923 6.1812 -21.2319 -1.51867 0.0884844 2.32422 0.987189 0.593808 0.493991 -2.16061 0.0448747 0.0495868 -1.91064 -0.00408805 -2.32531 1.52312 1.00761 
-7.37435 2.34673 2.7554 25.2569 -6.44942 -15.6472 -1.43405 -0.440541 2.37799 0.165261 -2.75548 -1.00062 -0.529251 1.83017 -0.206522 -2.19192 0.229093 0.122931 1.43445 1.93698 
2.10631 0.667262 7.63325 -15.5664 8.26345 7.23029 -0.601172 -0.516278 1.10639 -0.0211275 -0.090694 1.45539 -2.63801 0.692027 -1.02376 0.8768 0.02047 -1.8333 1.86567 1.11285 
-7.82214 -2.94011 -1.81807 22.7784 2.41895 28.8425 0.194642 0.194042 -0.34076 0.454095 -2.07759 -0.983175 -2.92472 1.98206 0.118038 0.0859959 0.519165 2.86784 -0.0886667 1.15552 
-7.70373 -2.07431 -6.59825 0.363349 5.49673 19.0157 -0.459045 0.247101 -2.90788 1.22331 -2.7655 -0.0765398 0.929475 1.83059 0.259085 -3.00538 0.247415 2.12 -0.931078 1.60441 
-2.70176 0.672365 3.47511 -0.236176 21.702 -8.74487 -1.05649 0.581479 0.190426 0.234514 2.22547 1.83705 -1.41276 0.225279 0.390572 -1.17871 0.113684 0.584368 -0.977098 -1.80506 
-0.090045 1.0252 1.56094 18.6655 -13.2722 -23.1236 -1.66859 0.607634 1.99241 0.79334 -2.54991 0.257695 0.747642 0.415737 0.958237 -2.01488 0.662837 2.48838 0.21948 1.65396 
0.00869263 0.323364 1.34521 -3.15731 22.5848 2.74785 -1.82728 0.0928568 1.14851 0.294821 -2.1379 0.829867 0.314905 0.103653 0.181904 -0.755963 0.192992 0.471014 -0.716971 0.469661 
-4.9728 8.2252 2.17854 -25.8681 -27.0054 -24.3451 -0.627959 0.0353648 1.50673 1.05287 -0.660529 -0.842325 0.813482 2.15933 -0.527308 -2.71161 0.725919 0.573345 1.41103 -0.169852 
-0.0857349 3.98704 5.16551 -6.30374 -19.4827 -16.0806 -1.89512 0.01518 1.32421 0.839025 -0.64735 0.468235 2.74191 1.76504 -1.35143 -2.09417 0.349234 -0.752039 0.434134 0.0823262 
3.03893 5.3872 3.49102 -27.3121 -1.12958 8.20055 -1.57163 -0.295965 -2.87786 0.0581908 -0.88282 1.51099 -1.59911 0.554634 0.616831 2.85687 0.938194 -1.30557 -0.389305 0.343343 
-4.20862 -1.47687 -2.05914 7.32604 8.83169 -27.8683 -0.901358 -0.632626 -2.78963 0.766427 0.323512 -0.772698 -1.71375 0.0590418 -0.0754003 -2.56772 0.159873 2.06803 -0.0333029 -2.38277 
8.15166 7.74602 3.84424 -10.7 21.3032 26.1154 -0.0726125 0.447471 1.24858 0.315812 -1.98605 1.76876 0.58246 -0.545979 -0.687895 0.424791 0.0711204 0.615369 0.349987 -0.592077 
2.2815 3.12706 7.15336 -24.1439 20.786 -5.56634 -1.47348 -1.37431 2.44941 0.339292 -0.722077 -1.33255 -0.768916 2.22746 -2.00865 0.412254 0.051657 -2.7056 1.88515 -1.43937 
-7.38172 -2.16147 -2.72295 -9.97774 20.5907 20.1571 -0.225561 -0.153195 -3.01032 2.29211 2.86911 -1.42448 0.5531 0.485165 -1.31234 -0.978821 0.150178 0.762674 1.60248 0.525355 
-3.16414 -7.23812 0.22926 -21.4339 9.94718 -3.38646 -0.764426 -1.65033 1.03235 0.846551 1.70566 1.52008 -1.24341 1.61474 -0.390656 2.27305 0.8982 -0.982584 1.63922 0.436498 
-6.5546 -0.359437 -1.14075 0.358964 19.5648 -4.25885 -2.03693 0.553908 -0.207631 2.58345 1.80836 -0.494716 1.71862 1.77867 -0.784991 1.83551 0.268193 1.74943 1.463 -0.795484 
6.47471 0.723038 -3.19462 -10.0171 17.7857 -8.88459 -1.26152 -0.560925 -2.74725 2.46947 1.14552 -0.364237 1.10369 1.24348 -0.600244 -1.79929 0.276121 1.18879 0.816693 -0.262263 
4.78744 -1.76861 -3.7922 0.858513 -28.3081 4.52806 0.240807 0.853693 -2.70054 0.367385 1.73873 -0.4773 -2.75722 0.935248 -0.216581 -2.21399 0.473933 0.0419031 -0.765281 0.569339 
4.47344 -2.28271 5.39495 -1.86102 -24.7864 4.74522 -1.42459 -1.3578 2.27252 0.616253 -0.935322 1.23077 -2.07743 2.41022 -1.04574 -2.66168 0.140711 -0.527584 0.556978 0.258399 
7.81367 -1.27151 -5.51437 3.00119 -18.3994 -25.8712 -1.27459 -0.111158 -0.430147 2.4077 -1.83283 -0.13265 1.58549 -0.0190735 0.880284 -2.13638 0.418759 -1.87922 0.790646 1.2958 
-6.70787 1.59922 -4.22898 11.2041 18.5852 19.0417 -0.328127 -0.988615 1.01925 2.43931 2.71267 -0.827704 -0.915638 -0.288809 -1.91713 -2.24158 0.182789 -0.816819 -0.499245 -1.90787 
7.5178 3.81315 -1.96493 27.1106 -5.03044 -28.1798 -2.25501 0.485296 1.38946 0.385753 -0.375378 1.10775 -1.95081 2.37162 -1.38411 -2.56867 0.47709 2.48716 -0.838304 0.867959 
3.13422 -5.59786 -6.85061 -19.3038 -10.2926 -1.38313 -1.01503 0.240453 1.12416 0.235684 -1.21672 0.90552 0.555589 1.60971 0.350119 -0.0540264 0.719045 -2.00703 1.8878 2.95133 
1.11752 -5.76845 -6.23052 -20.3374 1.83213 -28.7358 -1.51946 0.39612 1.72147 0.070326 -0.635142 0.48337 -0.420064 -0.126061 0.714975 -2.66866 -0.0272416 2.45489 1.95484 2.09358 
1.09852 -2.72812 1.00526 -7.21819 -9.98795 -7.16274 -0.808686 -1.74612 2.48796 2.47327 1.54666 -0.99198 -2.71786 0.155361 -1.34125 0.0359316 0.0490488 -1.70859 1.80594 -1.17736 
-1.76507 1.15456 -5.12196 -18.3693 -18.0953 1.63677 -2.37462 0.925313 0.605239 0.0981511 -2.90587 -1.2029 -2.48079 -0.108316 -1.09193 0.116765 0.730551 -2.44615 1.50941 1.71132 
-2.03898 -5.22287 -6.27392 -17.019 7.17469 -2.81653 -1.3894 -0.544472 -2.38631 0.556277 2.71471 -0.469653 1.91594 1.74553 -0.56158 -2.79056 0.0663565 -1.04567 0.658257 0.659266 
2.08166 -2.9529 0.054827 -6.50526 29.8435 -10.4577 -0.0808083 -2.03681 0.0313554 1.18325 -2.12854 -0.848102 2.59519 1.51611 -1.83468 -0.367406 0.597084 -1.5875 1.67594 -2.72982 
2.23524 0.981078 2.96408 -10.8051 8.29894 26.7118 0.616485 0.95369 -2.8087 0.549746 -1.61968 2.07672 -0.845983 2.1987 -0.45803 2.21765 0.112702 0.82805 1.74038 -0.563193 
-7.18076 -3.92464 -0.888805 -6.81298 6.64339 20.3928 -1.19014 0.0799034 -2.11775 2.52895 2.1184 0.487443 0.280396 1.12372 -1.25773 0.450978 0.410677 -0.208798 1.44978 2.78106 
-5.20969 -2.26103 -1.4508 9.05429 12.9151 -11.3183 -0.957355 0.249896 -1.64167 2.56874 2.27316 -1.48542 1.62288 0.926032 -1.35656 -0.736322 0.288243 -1.74429 1.82371 0.863242 
2.36781 -0.924324 -3.64166 -0.583913 20.5392 8.15962 -2.40434 -0.166583 -2.61223 0.112883 1.27203 -0.357976 2.68563 1.11536 -0.283594 -2.96298 0.163134 -0.864891 1.32489 -0.869363 
-2.27171 3.58236 6.68009 7.64112 -29.6409 14.2834 -0.862052 0.553225 1.67521 0.187125 2.73169 -0.403666 -0.927687 -0.123903 0.116885 -0.543675 -0.0140385 2.81557 1.71038 -1.47547 
4.51889 -4.16212 -5.1504 -23.1325 0.0282055 -22.6264 -0.415246 -1.46385 0.89134 0.8881 -2.02757 -0.956369 -1.98647 1.16867 -2.02682 -0.282929 0.815538 -1.40668 0.743853 1.98079 
2.69143 6.27106 4.65465 -19.7525 3.09851 15.1131 -1.38677 0.310632 0.957412 0.45925 0.603533 0.127131 2.46194 -0.627008 0.549488 -1.39338 2.4946 -1.79088 1.72404 -0.089373 
-4.95227 6.17928 -2.62014 -10.8026 1.91265 25.1673 -0.377593 -1.35267 0.591724 0.497174 0.400943 -1.19156 -1.18101 0.4494 -1.44049 -0.527659 0.0202293 0.666273 0.497961 0.778006 
-0.309885 -4.44649 -4.39887 -6.26028 10.7639 1.75984 -1.59861 -1.92405 2.43358 0.863125 0.691839 -0.466838 -1.25431 0.727552 -0.116125 -0.197556 0.214188 -0.276302 1.85196 -0.155502 
-5.51276 -9.38557 2.36251 -10.6081 27.1379 17.6227 -2.19082 -1.08278 2.25677 2.54489 -0.330468 -0.23779 2.15341 2.31369 -0.605023 1.23011 0.0249701 2.15001 -0.729243 1.04445 
-7.58732 0.00146414 -1.43324 18.3365 -13.7568 15.4941 -1.97248 -1.62514 2.61122 0.328472 2.42306 0.533786 -2.47491 2.23045 -0.461837 -1.20472 0.496124 -1.52092 1.78633 -0.740849 
-7.53103 -2.26854 -0.135326 29.7967 14.2326 2.36358 -0.777349 -0.455306 -0.211101 0.618083 0.68584 1.46073 3.01611 1.21869 0.149412 -0.765407 0.0751043 -0.179051 0.904337 0.810423 
1.10166 -7.32253 0.100836 -3.1832 -14.6033 -18.3859 -0.51953 -1.32053 1.74659 0.0201775 -0.87074 -0.357446 1.11514 0.45317 0.672178 3.01392 0.0737649 -2.13169 -1.19657 0.16272 
-2.71259 9.33869 -2.22225 -26.34 -14.9852 0.0657274 -0.583611 -0.788648 1.97634 0.310785 -0.0440585 -0.40843 -2.52952 0.196923 -0.125584 2.887 0.353704 -0.631985 1.38549 1.28623 
8.85007 -4.24777 3.03741 11.5059 -27.0512 16.9832 -0.481827 -1.08601 -1.34149 2.59696 0.442354 0.871609 2.05183 2.01993 -0.0766221 1.70795 2.59703 0.605912 -1.01548 -1.03555 
9.11355 4.86199 -0.355914 12.1385 19.5924 -10.0296 -1.01464 0.285539 -0.429145 2.60361 -2.674 0.163515 1.60118 1.98978 0.049259 -2.43403 0.214635 2.18529 -0.696176 -1.94878 
7.83966 -2.06765 3.95537 11.5684 19.5993 28.1746 -0.787892 0.276444 0.760472 0.0144406 1.7493 -0.17136 0.172643 0.905652 -0.35718 -0.406409 0.82139 2.71488 0.52768 -2.30255 
