27
-1.18991 0.890827 2.33247 0.356673 0.89923 1.64368 -2.17045 -0.828093 0.317412 -2.72245 0.123805 2.26589 -0.140061 2.85123 
-1.53543 0.970826 2.14445 0.830415 0.157268 1.18976 -1.56629 -0.278085 0.248143 -2.66627 0.00575959 2.31082 -1.13834 2.90041 
-1.49673 0.94492 2.11158 0.823699 0.200514 1.15571 -1.52956 -0.272538 0.205851 -2.70804 -0.0413989 2.35132 -1.09174 2.99377 
-1.49174 0.91565 2.12122 0.82989 0.212109 1.14346 -1.53883 -0.2298 0.321935 -2.69286 0.154904 2.28471 -1.04755 3.05417 
-1.2673 0.504255 2.38597 0.869566 -0.311572 0.524129 -1.03688 0.0280934 0.835687 -2.49812 0.367667 1.71379 -1.44818 2.70213 
-1.21108 0.444905 2.43889 0.823936 -0.351711 0.494554 -1.04323 0.0446725 0.809479 -2.4862 0.382376 1.64595 -1.42624 2.61893 
-1.15061 0.405719 2.48023 0.76562 -0.394931 0.490318 -1.0615 0.0610944 0.783519 -2.47439 0.396945 1.57874 -1.4045 2.53653 
-1.09633 0.375577 2.5187 0.705923 -0.435538 0.496303 -1.08198 0.0773442 0.757831 -2.46271 0.411362 1.51225 -1.38299 2.45498 
-1.50546 -0.774175 1.73829 0.047041 -0.385979 0.371612 0.251058 0.682515 0.793871 -1.15905 0.62686 0.589255 -1.07902 1.02979 
-1.52395 -0.732667 1.6426 0.0492022 -0.338066 0.349725 0.21386 0.674775 0.768993 -1.15085 0.590503 0.534388 -0.994076 0.994027 
-1.54238 -0.691268 1.54716 0.0513577 -0.290279 0.327895 0.176759 0.667565 0.739753 -1.1382 0.554814 0.481603 -0.9077 0.954077 
-1.56077 -0.649971 1.45196 0.0535079 -0.242609 0.306118 0.13975 0.664059 0.711736 -1.11988 0.523645 0.435165 -0.822571 0.904749 
-1.57912 -0.608749 1.35693 0.0556542 -0.195026 0.284381 0.102808 0.660968 0.682342 -1.09757 0.492065 0.394145 -0.735627 0.84934 
-1.59745 -0.567582 1.26203 0.0577977 -0.147506 0.262674 0.0659158 0.6584 0.653368 -1.07142 0.459871 0.360064 -0.646987 0.787516 
-1.61577 -0.526444 1.16719 0.0599396 -0.10002 0.240981 0.0290494 0.65692 0.626902 -1.04162 0.427015 0.33421 -0.557082 0.719397 
-1.63408 -0.485306 1.07236 0.0620815 -0.0525341 0.219289 -0.0078169 0.663589 0.611939 -1.00736 0.397626 0.320792 -0.471112 0.642498 
-1.62614 -0.46652 1.08726 0.0737837 -0.0363368 0.178175 0.0592282 0.698187 0.403491 -1.04989 0.472537 0.195084 -0.414552 0.594108 
-1.61827 -0.447883 1.10204 0.0853934 -0.0202675 0.137387 0.125743 0.731962 0.199252 -1.10641 0.509778 0.0839597 -0.326888 0.525916 
-1.61047 -0.429428 1.11669 0.0968898 -0.004355 0.0969968 0.191609 0.765255 0.00590378 -1.16832 0.508745 -0.00947244 -0.212317 0.443569 
-1.60276 -0.411188 1.13116 0.108252 0.0113713 0.0570791 0.256705 0.795533 -0.168987 -1.228 0.471608 -0.0824187 -0.0796224 0.352221 
-1.59516 -0.3932 1.14543 0.119457 0.0268812 0.0177105 0.320905 0.823339 -0.311435 -1.28343 0.4106 -0.135241 0.0485503 0.254285 
-1.58767 -0.37549 1.15948 0.130489 0.0421511 -0.0210485 0.384111 0.834701 -0.437034 -1.3238 0.317432 -0.171719 0.186468 0.156884 
-0.254562 -0.75931 0.584058 0.0543161 0.337357 0.253911 0.49834 0.50887 -0.660757 -1.29062 0.331533 0.473886 1.50899 2.43954 
-2.41811 -0.730485 2.41964 0.921886 -2.01028 -0.27589 1.73892 0.643349 -0.553605 -2.38742 0.0692576 0.28371 1.05811 1.30547 
-2.44275 -0.601677 2.47596 0.8852 -1.96034 -0.283142 1.77591 0.628204 -0.567799 -2.4916 0.0145787 0.306536 1.05103 1.29648 
-2.25919 -0.371928 2.54981 0.89059 -1.97767 -0.065358 1.83768 0.612737 -0.582296 -2.59801 -0.0412681 0.329851 1.04379 1.28729 
-2.28279 -0.38008 2.55529 0.859977 -2.01975 -0.0817806 1.92103 0.599082 -0.328028 -2.58841 0.177712 0.309936 0.805455 1.37576 

